0.560868911768266
0.561458810251994
0.562653909533074
0.564484276397392
0.566993677592035
0.570238010787832
0.574283263733736
0.579203044309456
0.585075733404227
0.591981320836926
0.599997991734727
0.609198536770811
0.619646664313941
0.631393295773792
0.644472927170149
0.658900140170509
0.674666344514947
0.69173683089081
0.71004820897113
0.729506299553069
0.749984542614922
0.771322974763852
0.793327820105263
0.815771728181319
0.838394681470753
0.860905583199038
0.88298452407285
0.904285714229433
0.924441054388513
0.943064308121994
0.959755825522646
0.974107757560031
0.985709690253657
0.994154618651313
0.999045172641386
1
0.996660206905239
0.988695752546709
0.975811692499977
0.957754165276624
0.934316017929169
0.905341969785671
0.870733218282999
0.830451397404562
0.784521807324525
0.73303584340722
0.676152563574213
0.614099345076421
0.547171594719088
0.47573149038986
0.400205746126879
0.321082407715814
0.238906700694718
0.154275967442595
0.0678337444989927
-0.0197369548211453
-0.107721074313593
-0.19537957491877
-0.281958019590143
-0.366695572095566
-0.448834290796545
-0.527628592072445
-0.602354753470074
-0.672320323953248
-0.73687330786313
-0.795410990410134
-0.847388275703936
-0.892325413461375
-0.929814997554399
-0.959528128384409
-0.981219641579633
-0.994732317566707
-1
-0.997049565653859
-0.986001703986498
-0.967070480945544
-0.940561678467939
-0.906869918284806
-0.86647459582356
-0.819934666951671
-0.7678823467776
-0.711015795469294
-0.650090880833189
-0.585912120994467
-0.519322922726228
-0.451195241605152
-0.382418799060615
-0.313889998394745
-0.246500686871852
-0.181126913925011
-0.118617836354403
-0.0597849200759519
-0.00539158453192834
0.0438565696594861
0.0873208167867423
0.124437522287801
0.154725406815362
0.177791758637557
0.193337509172393
0.201161101968906
