0.696021661774694
0.697873018342852
0.701555840468336
0.70703048297123
0.714237819600436
0.723099651212153
0.733519247254842
0.74538201817572
0.758556315737313
0.772894357587943
0.788233271765509
0.804396256128833
0.821193847005614
0.838425290622248
0.85588001014124
0.873339160380725
0.890577261533226
0.907363902443654
0.923465503257636
0.938647126519404
0.952674325093533
0.965315014617605
0.976341357574697
0.9855316455174
0.99267216549103
0.997559036304995
1
0.999816153666507
0.996843606697655
0.990935048617628
0.981961212823255
0.969812221919941
0.954398800828773
0.935653344494088
0.913530827832051
0.888009546531101
0.859091678442283
0.826803656577236
0.791196346157088
0.752345019717781
0.710349125964816
0.665331849869562
0.61743946339416
0.566840468204729
0.513724533763549
0.458301236258485
0.40079860590963
0.34146149226495
0.280549759133955
0.218336322785907
0.155105048931457
0.0911485257886042
0.0267657321810333
-0.0377403788947206
-0.10206535948949
-0.165905785860003
-0.228961793832258
-0.290939605989471
-0.351554025909251
-0.410530874542579
-0.467609343966433
-0.522544244157586
-0.575108119128865
-0.625093209739335
-0.67231324173112
-0.71660501904916
-0.757829804253799
-0.79587446982406
-0.830652406352856
-0.862104176032195
-0.890197902391886
-0.914929389961811
-0.936321970346102
-0.95442607409571
-0.969318530711113
-0.981101602064973
-0.989901757470624
-0.995868201501333
-0.999171168452481
-1
-0.998561025110503
-0.995075263570233
-0.98977597659161
-0.982906089800828
-0.974715515483323
-0.965458402244787
-0.955390341216061
-0.944765558576553
-0.93383412448261
-0.92283920845843
-0.91201441093561
-0.901581199915448
-0.891746480682304
-0.88270032512694
-0.874613885560797
-0.867637515933843
-0.861899121132244
-0.857502752553227
-0.854527465461615
-0.853026450757135
