0.92198963532017
0.915803252309429
0.903528850598495
0.885361473572656
0.861589501369675
0.832589707310583
0.798820795701863
0.760815529057939
0.719171576459298
0.674541236276953
0.627620205505471
0.579135584142332
0.529833316163897
0.48046527846046
0.431776235440628
0.384490879790323
0.339301179023369
0.296854242996781
0.257740919550811
0.222485313995189
0.191535413478039
0.165254979574629
0.143916852000139
0.127697783509792
0.116674901165627
0.110823862620721
0.110018748324424
0.114033702032703
0.12254630317561
0.135142625955105
0.15132391198538
0.170514756300002
0.192072681075177
0.215298947872486
0.239450437974006
0.263752411818125
0.287411942954167
0.309631809579926
0.329624617819117
0.346626925591808
0.359913134329189
0.368808917924869
0.372703964178896
0.371063813499173
0.363440592640831
0.349482457594041
0.328941579128174
0.301680526668814
0.267676930782894
0.227026331195245
0.179943145542663
0.126759723547429
0.06792348149895
0.00399214239473444
-0.064372862670487
-0.136414746744762
-0.211291359404178
-0.288086679063487
-0.36582364030912
-0.443478109118789
-0.519993799408915
-0.594297908054902
-0.665317232628474
-0.731994526807039
-0.793304842892631
-0.848271609234091
-0.895982192616913
-0.935602701850988
-0.966391798766306
-0.987713296480144
-0.99904734192785
-1
-0.990311079897477
-0.969860070152373
-0.938670076775664
-0.896909688755924
-0.844892726192861
-0.783075858229353
-0.712054110156544
-0.632554311112652
-0.545426565182991
-0.451633858951346
-0.35223994718244
-0.24839568488761
-0.141323998127183
-0.0323037071574415
0.077347566395374
0.186291162041072
0.29318555540333
0.396704681415795
0.49555613842243
0.588499006846459
0.674361021100963
0.752054842382819
0.820593192788752
0.879102627626966
0.92683574262358
0.963181635640566
0.987674468184105
1
