1
0.991862982582608
0.975678038052884
0.951622095906226
0.919957441605241
0.881028038965077
0.835254713987929
0.783129273242474
0.725207646002237
0.662102154087669
0.5944730264715
0.523019287002333
0.448469152902607
0.371570088860482
0.293078666450722
0.213750381212539
0.134329579944017
0.0555396486417743
-0.0219263929436375
-0.0974147508795317
-0.170319040354506
-0.240087673186787
-0.306230342714858
-0.368323513586317
-0.42601483970775
-0.479026450525408
-0.527157063607511
-0.570282899914185
-0.608357396880969
-0.641409733212433
-0.669542197789238
-0.692926453045032
-0.711798760287825
-0.726454250456327
-0.737240338465075
-0.744549392374453
-0.748810779919469
-0.750482424269202
-0.750042008122951
-0.747977970268479
-0.744780441456332
-0.740932266842345
-0.736900260315148
-0.733126831790519
-0.730022122089935
-0.727956771431746
-0.727255436988717
-0.728191162575027
-0.730980689517617
-0.7357807823647
-0.742685626534007
-0.75172533756835
-0.762865603623785
-0.776008464452689
-0.790994211752082
-0.807604377618311
-0.825565760270341
-0.844555419453883
-0.864206558282818
-0.884115193960708
-0.903847507079977
-0.922947748221252
-0.940946571543702
-0.9573696581115
-0.971746486951307
-0.983619109355498
-0.992550781774376
-0.998134314780016
-1
-0.997822983540699
-0.991329963141439
-0.980305096984082
-0.964595024557614
-0.944112914046139
-0.918841466147933
-0.888834820798011
-0.854219330694255
-0.815193183541169
-0.772024873240209
-0.725050538580949
-0.674670206032715
-0.621342990715579
-0.56558132626584
-0.507944309840459
-0.449030262681318
-0.389468619258799
-0.329911268835223
-0.271023482160483
-0.213474562793982
-0.157928367130768
-0.105033839522837
-0.0554157088914896
-0.00966549092309632
0.0316670646356179
0.0680819488437892
0.0991361667263531
0.124450195685665
0.143713528732193
0.156689216296018
0.163217335936247
