1
0.992755410613173
0.978368143345697
0.957040397299657
0.929071437438212
0.894852826780891
0.854862189125823
0.809655602514068
0.759858745668179
0.706156939700789
0.649284245178242
0.590011789854314
0.529135514815763
0.467463536205147
0.405803325955426
0.344948917983562
0.28566834599701
0.228691515470383
0.174698705505302
0.124309886301534
0.0780750249993882
0.0364655369067965
-0.000132979151252988
-0.031426603138604
-0.0572174579761988
-0.0774065037671456
-0.0919947154370425
-0.101082623088535
-0.104868220673149
-0.10364327483202
-0.0977880915316944
-0.0877648230103464
-0.0741094211558239
-0.0574223653822656
-0.0383583130049187
-0.0176148377131791
0.00407956327357151
0.0259780006561809
0.047328061329269
0.0673848058275466
0.085423684728424
0.100753164576157
0.11272685801507
0.120754960222027
0.124314804299083
0.122960361863609
0.116330531444723
0.104156076206684
0.0862650936765446
0.0625869232234733
0.0331544216585706
-0.00189543689028326
-0.0423226541301724
-0.0877869841996064
-0.13785235732931
-0.191992887897096
-0.249600378841802
-0.309993210363814
-0.372426478511555
-0.436103228989956
-0.500186613651795
-0.563812781932198
-0.626104307204974
-0.686183938875823
-0.74318846513172
-0.796282468736984
-0.844671759150493
-0.887616268527836
-0.924442206805552
-0.95455328192836
-0.977440805209775
-0.99269251859853
-1
-0.999164524473931
-0.99010128276194
-0.972841883823717
-0.94753509448764
-0.914445796538208
-0.873952169145239
-0.826541132057686
-0.7728021120085
-0.713419220883576
-0.649161958988956
-0.580874579817831
-0.509464273710615
-0.435888346387856
-0.361140584224565
-0.286237011075143
-0.212201251246063
-0.14004971969301
-0.0707768635866484
-0.00534067899554636
0.0553512774205649
0.110455169071778
0.159203250367797
0.200915139511236
0.235007821349002
0.261004227739442
0.278540264521437
0.287370177830611
