1
0.996917517632107
0.990792195877792
0.981702767759183
0.969765958303787
0.955134856992616
0.93799678377325
0.918570678885432
0.897104053470796
0.873869544122178
0.849161120081995
0.823289996642885
0.796580312367535
0.769364630970385
0.741979331046081
0.714759948256056
0.688036535076704
0.662129102765726
0.63734320882661
0.61396575096802
0.592261025401617
0.57246710334795
0.554792574886892
0.539413703869305
0.526472031582608
0.516072460326012
0.508281841099753
0.503128082351164
0.500599789257097
0.500646435468281
0.503179061708305
0.508071488219053
0.515162020884067
0.524255624045561
0.535126526658255
0.547521222585017
0.561161820618206
0.575749695279517
0.590969385672031
0.606492686681366
0.621982874686196
0.637099008666734
0.651500247204732
0.664850122348267
0.676820712654058
0.687096659891174
0.695378976852306
0.701388597419984
0.704869624412028
0.705592235710252
0.703355214677159
0.697988076798275
0.68935277075783
0.67734493866355
0.661894726780195
0.642967144807885
0.620561978347365
0.594713265629254
0.565488355750695
0.532986571468638
0.497337504958322
0.45869897978074
0.417254716544914
0.373211743340832
0.326797594908912
0.278257346665317
0.227850531095031
0.175847984644121
0.122528673089618
0.0681765424525063
0.0130774408715058
-0.0424838454911325
-0.0982264024381972
-0.153875807138143
-0.209166524573951
-0.263844053247524
-0.317666797289372
-0.37040764735072
-0.421855258076788
-0.471815015483139
-0.520109693087827
-0.566579801097488
-0.611083638214724
-0.653497060639687
-0.693712987498741
-0.731640666171497
-0.767204724736377
-0.800344041954688
-0.831010467814146
-0.859167429615643
-0.884788459883344
-0.907855682991277
-0.928358297324052
-0.94629108903212
-0.961653012021008
-0.974445866758864
-0.984673107837609
-0.992338807030188
-0.997446794909398
-1
