-1
-0.989075778516462
-0.967372821856334
-0.935179943820429
-0.892925001190061
-0.841168549224134
-0.780595534453689
-0.712005152124698
-0.63629902372402
-0.554467875691818
-0.467576923277876
-0.376750183184955
-0.28315395485473
-0.187979722740531
-0.0924267404838579
0.00231543756247765
0.0950842116105755
0.184760716365872
0.270285871224692
0.350675458054888
0.425033999317905
0.492567228238334
0.552592964879404
0.604550236991452
0.648006511972297
0.682662935782471
0.708357505732
0.725066136212025
0.732901609180951
0.732110434019033
0.723067673725028
0.706269825838775
0.682325876444658
0.651946673676411
0.615932792867329
0.575161088472665
0.530570147777188
0.483144877883844
0.433900470306227
0.383865996462934
0.334067892361069
0.285513591687474
0.239175563391508
0.195976002698272
0.156772413454875
0.122344304964424
0.0933812082408731
0.0704721952150709
0.0540970601801443
0.0446192960691896
0.0422809694344013
0.0471995677001695
0.059366860873308
0.0786497879081722
0.104793345848384
0.137425428206513
0.176063528297419
0.220123193894078
0.268928092087997
0.321721518041115
0.377679158807305
0.435922903930792
0.495535478399671
0.555575660995211
0.615093842325114
0.673147671994263
0.728817543520741
0.781221668755796
0.829530500658224
0.872980274188749
0.910885449649735
0.942649860764361
0.96777639087743
0.985875024528429
0.996669147913882
1
0.995829205817111
0.98423935428915
0.965432614333422
0.939727414408011
0.907553241686368
0.86944364710772
0.826027571210213
0.77801913244624
0.726206044180903
0.67143684839688
0.614607172926358
0.556645234505921
0.498496821859121
0.441110001166248
0.385419790554074
0.332333050563992
0.282713833931983
0.237369430498
0.197037331777123
0.16237332485198
0.133940907023726
0.112202191379357
0.0975104494365677
0.0901044106971705
