1
0.995179041382732
0.985597262529631
0.971374020396929
0.952686065310815
0.929764838954596
0.902892937869953
0.872399797860462
0.838656666880171
0.802070945121425
0.763079980909209
0.722144419508489
0.679741208922757
0.636356372096693
0.592477658549753
0.548587190304012
0.505154216999954
0.462628093318031
0.421431588269848
0.38195463064708
0.344548588002002
0.309521168090003
0.277132021864881
0.247589116037233
0.221045931059719
0.197599527381747
0.177289509125558
0.160097900191566
0.1459499334259
0.134715739104106
0.126212904828175
0.120209865222691
0.116430066765687
0.114556840906376
0.114238907496991
0.115096420674607
0.116727460826702
0.118714869294896
0.120633317124535
0.122056495537441
0.122564313947966
0.121749991287467
0.119226928149744
0.114635250791953
0.107647923266087
0.097976330832098
0.0853752462065032
0.0696470999967573
0.0506454877070819
0.0282778578013734
0.0025073382821279
-0.0266463271138416
-0.0591067479071892
-0.0947417615340969
-0.13336519981944
-0.174739519305613
-0.218579253813712
-0.264555234609828
-0.312299511410419
-0.361410896378502
-0.411461043411673
-0.462000966558862
-0.512567894458928
-0.56269235237995
-0.611905359837206
-0.659745629936985
-0.705766656561273
-0.749543577275323
-0.790679703378185
-0.828812613769338
-0.863619716189642
-0.894823187803113
-0.922194216884647
-0.945556478412989
-0.96478878846382
-0.979826895263642
-0.990664378396604
-0.997352641738244
-1
-0.998769873080427
-0.993878116507314
-0.985589529897069
-0.974213598338361
-0.960099533721314
-0.943630694090202
-0.9252184689222
-0.905295726672179
-0.884309927840593
-0.862716012109165
-0.840969171663667
-0.819517624628439
-0.798795502544697
-0.779215964034147
-0.761164643229216
-0.744993536277409
-0.731015422323248
-0.71949890694586
-0.710664166216491
-0.704679458492906
-0.701658458961241
