-1
-0.989130245141684
-0.96751765667882
-0.935414366360244
-0.893194319711432
-0.841348242580992
-0.780477043861464
-0.711283749881568
-0.634564087118246
-0.551195849274479
-0.462127202122319
-0.368364094561068
-0.270956956864299
-0.170986876901549
-0.0695514520777308
0.0322494812641334
0.133328038237726
0.232622194890624
0.329109221052551
0.421818448744064
0.509843199005459
0.592351703276634
0.668596871121561
0.737924773901278
0.799781733679895
0.853719927894221
0.899401442801129
0.936600732091633
0.96520546096793
0.985215740053541
0.996741777379675
1
0.995307719177727
0.983076434225413
0.963803889641577
0.938065017886976
0.906501915714904
0.869813015185617
0.828741621163723
0.78406399506803
0.736577169807155
0.687086683126363
0.636394415991722
0.585286719171646
0.53452300491281
0.484824971659946
0.436866618291282
0.391265190526149
0.348573186237217
0.309271528627351
0.273763996898536
0.242372983459189
0.215336625216062
0.192807334420669
0.174851732237673
0.161451966026427
0.152508369625291
0.147843405041254
0.14720680419991
0.15028181110889
0.156692408212994
0.166011396124614
0.177769183518997
0.191463133975302
0.206567309067074
0.222542442164872
0.238845975271964
0.254941991790669
0.270310881387926
0.284458579027115
0.296925228650121
0.307293132780645
0.315193862290661
0.320314415506389
0.322402332477138
0.321269688312233
0.316795908708159
0.308929370823156
0.297687773180646
0.283157278960189
0.265490457527904
0.244903069034232
0.221669756041605
0.196118724128814
0.168625509962693
0.13960595016561
0.109508477201659
0.0788058792503084
0.0479866694636626
0.0175462159806123
-0.0120222124935948
-0.040236329890698
-0.0666334908707861
-0.0907789742289347
-0.112273748855757
-0.130761588674251
-0.145935414376317
-0.157542753209156
-0.16539022329043
-0.169346965708127
