1
0.988119798935147
0.964516915078303
0.929504037171051
0.883544365069423
0.827244710780941
0.761346466397709
0.686714578329246
0.604324697959751
0.515248706917569
0.420638840112104
0.321710651175641
0.219725082610132
0.115969916506985
0.011740890971019
-0.0916772278050195
-0.193029327574766
-0.291108100169698
-0.384771382399576
-0.472958423393152
-0.554704831159666
-0.629155972100167
-0.695578621654751
-0.753370691851915
-0.802068891794956
-0.841354209601391
-0.871055138493845
-0.891148605087614
-0.901758593875759
-0.903152497912823
-0.895735261178132
-0.880041412502885
-0.856725123732825
-0.826548455456835
-0.790367981681932
-0.749120009838546
-0.703804634066729
-0.655468877528482
-0.605189193237455
-0.554053602382852
-0.503143754204389
-0.453517192074041
-0.406190106553276
-0.362120847887031
-0.322194457803352
-0.287208463812903
-0.257860158712475
-0.234735564017957
-0.218300248966596
-0.208892146966043
-0.206716479400948
-0.211842863043351
-0.224204642483931
-0.243600453558512
-0.26969798824842
-0.302039896545384
-0.340051726844106
-0.383051774093911
-0.430262674714896
-0.480824559640097
-0.533809552218653
-0.58823737649306
-0.643091823879846
-0.697337812811208
-0.749938766646074
-0.799874030276195
-0.846156045410819
-0.887847008526626
-0.924074743851834
-0.954047536379616
-0.977067686573916
-0.99254356887429
-1
-0.999086750016884
-0.989585058735266
-0.971412051782985
-0.944622984140276
-0.909411273502278
-0.866106321001865
-0.81516915202315
-0.757185944506313
-0.69285954573849
-0.622999110610971
-0.548508024193719
-0.470370298761244
-0.389635659667542
-0.307403555328219
-0.224806343695167
-0.142991920732683
-0.0631060653161831
0.0137252204645808
0.0864130964785985
0.153922720371335
0.215289267839487
0.269632884038282
0.316172329674729
0.35423710596529
0.383277866681501
0.402874952590994
0.412744913294863
