-1
-0.991503819050014
-0.974593282413575
-0.949431047428743
-0.916258630843324
-0.875393483899065
-0.827225155500736
-0.772210596324284
-0.710868668459944
-0.643773935979747
-0.571549821506598
-0.494861222303633
-0.414406686475963
-0.330910255481183
-0.245113083201408
-0.15776494428251
-0.0696157452646047
0.0185928487951055
0.106135561952087
0.192311323028576
0.276450648605221
0.357922499630775
0.436140526213712
0.510568624629584
0.580725741087679
0.646189868188066
0.706601192090816
0.761664361028455
0.811149858728979
0.854894479384146
0.892800913799583
0.924836469104334
0.951030956687957
0.971473794690823
0.986310382226234
0.995737812402874
1
0.999382307200567
0.994205757003365
0.984820928729913
0.97160163335301
0.954938468162649
0.935232350536149
0.912888129301518
0.888308369408481
0.861887401405475
0.834005721640499
0.80502482225711
0.775282522061055
0.74508886032241
0.714722605701995
0.684428421911077
0.654414720601957
0.624852220523122
0.595873220339784
0.567571580903961
0.540003401341389
0.51318836228488
0.487111699097491
0.461726758156372
0.436958080359636
0.412704948109293
0.388845325232035
0.365240113726472
0.341737646950441
0.31817833594402
0.294399384059724
0.270239484955069
0.24554342028591
0.220166476090586
0.193978600822128
0.166868233194783
0.138745734368452
0.109546366388693
0.0792327671030331
0.047796880844412
0.0152613138562239
-0.0183199064325892
-0.0528611787587845
-0.0882457819560686
-0.124326924963873
-0.160929372194234
-0.19785161372757
-0.234868540566016
-0.271734576649461
-0.308187211672696
-0.343950872056296
-0.378741061826254
-0.412268700737247
-0.444244583801391
-0.474383884507147
-0.502410623459351
-0.528062024946537
-0.551092686029496
-0.57127848610748
-0.588420169496589
-0.602346539269858
-0.61291720736275
-0.620024853626664
-0.623596954986824
