1
0.989827578047857
0.969628867175626
0.939693846840267
0.900451805942757
0.852464627366134
0.796418000445142
0.733110700613849
0.663442106104626
0.588398149506735
0.50903592679268
0.426467207692006
0.341841108698171
0.256326203258025
0.171092352604712
0.0872925451115918
0.00604503189645333
-0.0715839583066418
-0.144596651192124
-0.212079045574879
-0.273214876137349
-0.327297999168794
-0.373743005274393
-0.412093891188095
-0.442030653649631
-0.463373701315138
-0.476086015340031
-0.480273025053208
-0.476180201466841
-0.464188407660496
-0.444807080766991
-0.418665354804664
-0.386501266399014
-0.349149215995899
-0.30752588500323
-0.262614833966353
-0.215450027991675
-0.167098552847441
-0.118642798215141
-0.0711623932310814
-0.0257161836053205
0.0166754608337394
0.0550477243421821
0.0885075349111133
0.116248604950306
0.137565080616491
0.151863579282622
0.158673420044179
0.157654880674116
0.148605345620456
0.13146324299879
0.106309703540163
0.0733679105608644
0.0330001466546639
-0.0142974206084791
-0.0679021357382841
-0.127074322137863
-0.190968672667756
-0.258647387211761
-0.329094852511992
-0.401233634757655
-0.473941534223896
-0.546069434001288
-0.616459661808542
-0.683964575250452
-0.747465076809703
-0.80588876541332
-0.858227436587582
-0.90355365293164
-0.941036120750995
-0.96995362697897
-0.989707312693105
-0.999831085258542
-1
-0.990036473866714
-0.969914227316546
-0.939759886077492
-0.899852210991514
-0.850618961233768
-0.792631433247639
-0.726596754160806
-0.653348043677535
-0.5738325919237
-0.48909823192706
-0.400278113855011
-0.308574113357528
-0.215239127976712
-0.121558533245319
-0.0288310835258205
0.0616504483739222
0.148618594375174
0.230850178921465
0.307184678136908
0.376541666595814
0.43793708188376
0.490498055281928
0.533476078993198
0.566258306005231
0.588376807551727
0.599515644737027
