0.533814250796658
0.531720136257577
0.527591659079306
0.521547121545975
0.513760994407154
0.504460396429443
0.493920497356032
0.482458925244233
0.470429276834401
0.458213845642082
0.44621569658986
0.434850227968086
0.42453637113168
0.415687585438779
0.408702810392508
0.403957538679141
0.401795172768071
0.402518823960439
0.40638370629776
0.413590268667626
0.424278196911297
0.438521403929024
0.456324109912067
0.477618097158754
0.502261204738556
0.530037107862082
0.560656405525326
0.593759018168717
0.62891787508014
0.66564384943534
0.703391877566567
0.741568178631141
0.779538471653215
0.816637069253294
0.85217671155627
0.885458990047
0.915785199756797
0.94246744931239
0.964839852218621
0.982269619392633
0.994167872491284
1
0.99929538335891
0.991656328523381
0.976766049178398
0.954395561193363
0.924409363618324
0.88676979934882
0.84154000825412
0.788885406771864
0.729073650394638
0.66247305876348
0.589549506877321
0.510861809853894
0.427055652360728
0.338856136900963
0.24705904722216
0.152520943865327
0.0561482279536663
-0.0411146735715463
-0.138297833205009
-0.234418878199174
-0.328496385874519
-0.419563422048668
-0.506681021911461
-0.588951411931294
-0.665530773724608
-0.735641356234465
-0.798582750976609
-0.853742156406994
-0.900603471482359
-0.938755075021587
-0.967896166286988
-0.987841563011824
-0.99852487559224
-1
-0.992440896796966
-0.97613964906674
-0.951502817736264
-0.919046138249136
-0.87938762748279
-0.833239193791285
-0.781396865735217
-0.724729776080538
-0.664168056683903
-0.600689816638187
-0.535307390267177
-0.469053053010632
-0.402964411749426
-0.338069681549505
-0.275373063064196
-0.215840433886448
-0.160385562994604
-0.109857050144742
-0.0650261817353768
-0.0265758814585497
0.00490908184833172
0.0289504850853333
0.0451835169673711
0.0533620181462806
