-1
-0.993142447669803
-0.979502026104698
-0.959227117548629
-0.932537849468043
-0.899723198373472
-0.861137192465553
-0.817194266923249
-0.768363837596587
-0.715164169837874
-0.658155629042838
-0.597933408032121
-0.535119833559377
-0.470356359881209
-0.404295361385803
-0.337591838694572
-0.270895153392728
-0.204840905603873
-0.140043066019398
-0.0770864697695096
-0.0165197737473606
0.0411510282375325
0.0954684466824853
0.146028617992903
0.192485641320984
0.234555077254861
0.272016567440693
0.30471554721585
0.332564036655862
0.355540508889826
0.373688847916108
0.387116421251725
0.395991305379495
0.40053871392931
0.401036689667237
0.397811131505677
0.3912302367424
0.381698446457384
0.36964998833531
0.355542116051436
0.339848147695692
0.323050407473983
0.305633175101507
0.288075745899226
0.270845701654742
0.254392487869732
0.239141387167278
0.225487971475017
0.213793107254477
0.204378578651786
0.19752338315382
0.193460743313652
0.192375866536997
0.194404472981835
0.199632099505706
0.208094175490155
0.219776854468735
0.234618573968844
0.252512305026203
0.273308442611495
0.296818278876656
0.322817992823443
0.351053082841925
0.38124316266527
0.413087036722649
0.446267967705694
0.480459047434239
0.515328581829581
0.550545401970272
0.585784015785529
0.620729518881233
0.655082188218187
0.688561688776513
0.720910830829943
0.751898823888715
0.781323982604644
0.809015849809446
0.834836712210746
0.858682494925645
0.880483031811653
0.900201719280436
0.917834571774083
0.933408707174276
0.946980299936774
0.958632048542196
0.968470211787006
0.976621275378241
0.983228316131441
0.988447135711414
0.992442239227963
0.995382736052879
0.997438240931552
0.998774852816166
0.999551286863659
0.999915231758758
1
0.999921533105037
0.999775816949835
0.999636754771437
0.999554536867936
