1
0.993530558102355
0.980690711210837
0.961676885766963
0.936779630016457
0.90637877946952
0.870937134814725
0.830992755965499
0.787149998663685
0.740069440768674
0.690456863688221
0.639051470061045
0.586613531527492
0.533911670015333
0.481709982265909
0.430755220226724
0.381764239390012
0.335411923167771
0.292319784022575
0.253045431434619
0.218073083045818
0.187805278698405
0.162555937841414
0.142544879219434
0.127893898226944
0.118624472183475
0.114657137460802
0.115812555294154
0.121814255668709
0.132293021330426
0.146792847165392
0.16477838435552
0.185643754266926
0.208722594355612
0.233299177850366
0.258620430928752
0.283908655833362
0.308374756133178
0.33123175132219
0.351708362316669
0.369062447262324
0.382594068436662
0.391657975917723
0.395675302019887
0.39414427214748
0.386649752511482
0.372871472867476
0.352590782790949
0.325695822693676
0.292185015448912
0.252168810748385
0.205869641749205
0.153620081753099
0.0958592171501293
0.0331272812048349
-0.0339413789835409
-0.104626903293302
-0.178133962846219
-0.253603100001779
-0.330123195180931
-0.406744873019591
-0.48249464462401
-0.556389570100043
-0.627452216263202
-0.694725678661041
-0.757288434854242
-0.814268797352024
-0.864858739668501
-0.908326877589835
-0.944030399792263
-0.971425757249054
-0.990077939179745
-0.999668184349632
-1
-0.991003386220146
-0.972737190768312
-0.945389547790937
-0.909276383138555
-0.864837998579651
-0.812633776711533
-0.753335077301887
-0.687716423715984
-0.61664510455761
-0.541069340263702
-0.462005186758803
-0.380522368045649
-0.29772924647224
-0.214757153108169
-0.132744310967563
-0.0528195905683515
0.023913659590804
0.0963934656764496
0.163614526659329
0.224642728291331
0.278628654765596
0.324819894756487
0.36257195651263
0.391357627502649
0.410774637470381
0.420551509285658
