1
0.99447446701662
0.983473410666983
0.967096175211747
0.94549009994709
0.91884853547763
0.887408246238457
0.851446239008638
0.811276065906405
0.767243658339941
0.719722755481582
0.669109996925763
0.615819754186312
0.560278779508521
0.50292075305586
0.444180810840105
0.384490135777083
0.324270692968514
0.263930187754725
0.203857321294389
0.144417413466661
0.0859484568373483
0.0287576583806997
-0.0268814822856653
-0.0807315180868814
-0.132592792343181
-0.18230454831572
-0.229745399570714
-0.27483316053908
-0.31752404689292
-0.357811265433028
-0.395723022923003
-0.431319992560391
-0.464692285396357
-0.495955981865361
-0.525249285540266
-0.552728367175286
-0.578562971944484
-0.602931866449712
-0.626018204500328
-0.648004891818768
-0.669070029682329
-0.689382516074311
-0.709097880209313
-0.728354422360761
-0.747269725815809
-0.765937601594513
-0.784425519394697
-0.802772570175136
-0.820987996995515
-0.839050321331869
-0.856907082230531
-0.874475195508977
-0.891641929920325
-0.908266486933877
-0.924182160711011
-0.939199045135132
-0.95310724554217
-0.965680544242044
-0.976680461159528
-0.985860644080262
-0.992971517175285
-0.997765111790193
-1
-0.999446249206223
-0.995890315127015
-0.989139790922236
-0.979027931900331
-0.965417878249177
-0.948206502474606
-0.927327813654438
-0.90275585713999
-0.874507055861277
-0.842641947800584
-0.807266283361779
-0.768531456137598
-0.726634250812322
-0.68181590247325
-0.634360472276984
-0.5845925550588
-0.532874344918909
-0.4796020949044
-0.425202016471743
-0.37012567331163
-0.314844932205269
-0.259846540731487
-0.205626407743809
-0.152683667489078
-0.101514611965081
-0.0526065785537648
-0.00643188107899284
0.0365581277962195
0.0759387764969051
0.111317493352953
0.142338845051407
0.168689120867204
0.190100395346908
0.206354009686343
0.21728342052845
0.222776374181934
