1
0.997167361543921
0.991524000426826
0.983113448966746
0.972000262056383
0.958269137658173
0.942023765242733
0.923385419839101
0.902491323256103
0.879492797586485
0.854553239263535
0.827845944654117
0.799551820399979
0.769857013425934
0.738950496692508
0.707021647363844
0.674257854080086
0.640842189467046
0.606951182893838
0.57275272681932
0.538404147877185
0.504050471172375
0.469822903140501
0.435837554806775
0.402194423427244
0.368976646363934
0.33625003670226
0.3040629056325
0.272446172058266
0.241413755335812
0.21096324256087
0.18107681747538
0.151722433933751
0.12285521301238
0.0944190393280733
0.0663483290063149
0.0385699390583616
0.0110051857292313
-0.0164280622985168
-0.0438132510913173
-0.0712330048546465
-0.0987670213340509
-0.12649003445633
-0.154469878298446
-0.182765684785046
-0.211426245310517
-0.240488563793324
-0.269976625541709
-0.299900402790306
-0.330255113912803
-0.361020749187617
-0.392161871657204
-0.423627697146035
-0.455352452958412
-0.487256010237558
-0.519244780503795
-0.551212862573214
-0.583043421957774
-0.614610281028418
-0.645779694745629
-0.676412283682274
-0.706365093430861
-0.735493747343761
-0.763654657934911
-0.790707261201371
-0.816516237620348
-0.840953683650597
-0.863901198215948
-0.885251849863521
-0.904911992051463
-0.922802896303613
-0.938862175735889
-0.953044974668437
-0.965324903638439
-0.97569470306476
-0.984166623025626
-0.990772511028302
-0.995563604205864
-0.998610026999256
-1
-0.999838770167753
-0.998247277025814
-0.99536057360758
-0.991326024812076
-0.986301309365742
-0.980452254724687
-0.973950536937066
-0.966971279676422
-0.959690588319004
-0.952283056044655
-0.944919279473984
-0.937763421305374
-0.930970856784212
-0.924685939632902
-0.919039921312252
-0.914149055199638
-0.910112914492453
-0.907012949419728
-0.904911305720651
-0.903849922382319
