1
0.999652110610716
0.998918821874398
0.997725851321748
0.99596360681979
0.993489350922539
0.990130031348684
0.985685731292308
0.97993368308566
0.972632779438236
0.963528508220911
0.952358229678251
0.938856709148679
0.922761813943179
0.903820280048997
0.881793452833473
0.856462905948919
0.827635844183011
0.79515019903725
0.758879330301812
0.718736252759244
0.674677314300643
0.62670526006503
0.57487162658565
0.519278420199706
0.460079044990231
0.397478457108362
0.331732534290401
0.263146661549671
0.192073546198283
0.118910287348205
0.0440947366670541
-0.0318988017598516
-0.108564474256432
-0.18537031539856
-0.261764144763321
-0.337179839203826
-0.411043891274439
-0.482782159808288
-0.55182671546892
-0.617622682410505
-0.679634977012011
-0.73735484600258
-0.790306109146581
-0.838051015962461
-0.88019563164206
-0.916394674327366
-0.946355734080179
-0.969842813119031
-0.986679137052678
-0.996749197751777
-1
-0.996441495973402
-0.986146203727
-0.969248018031591
-0.945940233912695
-0.916472814911078
-0.881148949229596
-0.840320947382005
-0.794385544554647
-0.743778679483982
-0.68896982911035
-0.630455984477389
-0.56875535821355
-0.504400917384503
-0.437933837492708
-0.369896973895987
-0.300828445916872
-0.231255426438898
-0.161688225877914
-0.092614754141517
-0.0244954376350642
0.0422413393547225
0.107203208342211
0.170037154515316
0.230432178352078
0.288121251548079
0.342882549240534
0.394539952157759
0.442962824004282
0.488065080925892
0.529803581102573
0.568175873212835
0.603217352531328
0.634997882604663
0.663617948653513
0.689204415943653
0.711905972243748
0.73188833805213
0.749329331458504
0.764413876261246
0.777329042261726
0.788259205501942
0.797381413622195
0.804861037535821
0.810847785314768
0.815472147640808
0.818842336509692
0.821041770205212
0.822127148028323
