0.848861531874639
0.848805159431194
0.848695348525161
0.84853771449371
0.84834005516628
0.848111618407049
0.847862154724902
0.847600779263237
0.84733467265851
0.847067654855252
0.846798669893606
0.846520222862401
0.846216812568592
0.845863404959376
0.845423992908756
0.844850287624167
0.844080585636112
0.843038853116635
0.841634066159433
0.839759841690573
0.83729438892481
0.834100805813755
0.830027738837647
0.824910417873231
0.818572070837824
0.810825715484278
0.801476318230129
0.790323302378169
0.777163380659016
0.761793679832848
0.744015118259362
0.723635991009727
0.7004757113728
0.674368652612593
0.645168029666662
0.612749757225
0.57701621837153
0.537899876765197
0.495366665228156
0.44941908462039
0.400098949020818
0.347489716493703
0.291718349066484
0.23295665093347
0.171422040263754
0.107377717249108
0.0411321990806877
-0.026961798720246
-0.09650914589724
-0.167074747541046
-0.23818665222501
-0.309339799635481
-0.380000379043895
-0.449610760057267
-0.517594947516095
-0.583364503336759
-0.646324869667698
-0.705882020085211
-0.761449358825973
-0.812454782357202
-0.858347813025663
-0.8986067111911
-0.932745470208576
-0.96032059792917
-0.980937589071278
-0.994256994886973
-1
-0.997953421093998
-0.987974048230618
-0.969992256906724
-0.944014827427936
-0.91012691767485
-0.868493145744075
-0.81935775012013
-0.763043806824634
-0.69995149523402
-0.630555416786076
-0.555400983432756
-0.475099905263064
-0.39032481903555
-0.301803111247777
-0.210310000657469
-0.116660955691567
-0.0217035317801155
0.0736912778115055
0.168638076734334
0.262246378934467
0.353630089060803
0.441917035136371
0.526258437086886
0.605838194637799
0.679881879577201
0.747665320423651
0.808522672100282
0.861853869242552
0.907131369178565
0.943906099320043
0.971812533572025
0.990572833276404
1
