0.536595330077971
0.524049541587901
0.499160311750563
0.462329168120793
0.414150534750541
0.35540242940584
0.287034287458735
0.210152102941356
0.126001119205325
0.0359463399399
-0.0585488346340811
-0.155945512294101
-0.254653395925172
-0.353055676635139
-0.449534343777856
-0.54249551635999
-0.630394400079822
-0.711759480219651
-0.785215572692299
-0.849505373535268
-0.903509170769732
-0.946262411422998
-0.976970850197703
-0.99502304422849
-1
-0.991681823153912
-0.970051268885463
-0.935294139182949
-0.88779652253442
-0.828138921138473
-0.757087359335093
-0.675581614153551
-0.584720753817555
-0.485746212048119
-0.380022664404072
-0.269017007097242
-0.154275768179344
-0.0374013052602079
0.0799728373961364
0.196207026730034
0.309680701275111
0.418817201062706
0.522107879608403
0.618135122208778
0.705593912330602
0.78331161104164
0.850265642843408
0.90559881447128
0.9486320307002
0.978874212342272
0.996029265795163
1
0.990888934760361
0.968995993301259
0.934813120937643
0.889015920003645
0.832452438006553
0.766129290576457
0.691195342482167
0.608923208121172
0.520688866867305
0.427949717941719
0.332221423602421
0.2350539080481
0.138006892214048
0.0426253514041957
-0.0495847166484605
-0.137179831176313
-0.218801504617702
-0.293197302449167
-0.359240156276994
-0.415945627978979
-0.462486855563743
-0.498206948521056
-0.522628641182694
-0.535461056352435
-0.536603477501617
-0.526146075433397
-0.504367583739833
-0.471729965844036
-0.428870164167602
-0.376589068235432
-0.315837882593883
-0.247702116577132
-0.173383455559989
-0.0941798067892355
-0.0114638416614906
0.0733396200401415
0.158777020298483
0.243389891401391
0.325738720498037
0.4044264675177
0.478121359595552
0.545578596939282
0.605660622661405
0.657355632213775
0.699794026325135
0.732262544309953
0.754215851762888
0.765285397388
