-0.362901033720763
-0.351746989075317
-0.329620215850628
-0.296880452319711
-0.254060117215093
-0.201855811308382
-0.141117197330062
-0.0728334349027657
0.00188261397730805
0.0818121579291111
0.165649945192864
0.252025119204764
0.339523129198468
0.426708347452176
0.512147033481945
0.594430279865002
0.672196574551344
0.744153620486142
0.809099065026328
0.86593980880876
0.9137095861441
0.951584536316347
0.978896516931916
0.995143946182657
1
0.993318031964432
0.975134127833708
0.945666751968818
0.905313489050689
0.854644930563221
0.794395800840517
0.725453461320503
0.648843973319389
0.56571593848145
0.477322371450706
0.385000890694117
0.29015254028156
0.194219577369214
0.098662576790624
0.00493721526787017
-0.0855288968645305
-0.171358968965886
-0.25124900721612
-0.323988666317056
-0.388480644015903
-0.443758309449077
-0.489001283955132
-0.52354872512219
-0.546910100913341
-0.558773280185327
-0.559009808160277
-0.547677279761933
-0.525018769487906
-0.491459322936577
-0.447599561508901
-0.394206497429375
-0.332201700356677
-0.2626469987861
-0.186727938520411
-0.105735256085308
-0.0210446565270554
0.0659047879466903
0.153633279964895
0.240643624371941
0.325444874572635
0.406575926034884
0.482628685598022
0.552270451538073
0.614265151394835
0.667493102183232
0.710968980518198
0.743857718020628
0.765488069706242
0.775363639382598
0.773171185822829
0.758786076023901
0.732274796524879
0.693894479854899
0.644089449977318
0.583484837360112
0.512877360297806
0.433223413613756
0.34562464818313
0.251311264170824
0.151623276853474
0.0479900458244196
-0.0580916142383584
-0.16508040066018
-0.271414210064603
-0.375534176762002
-0.475908687438545
-0.571056997547858
-0.659572080876958
-0.740142355606833
-0.811571947631863
-0.872799174667767
-0.922912962408769
-0.961166936256357
-0.986990968428458
-1
