1
0.987503447471097
0.962675563877637
0.925844348751727
0.877495730425983
0.818266385362906
0.748934336329677
0.670407473731626
0.583710176234681
0.489968235881767
0.390392318788329
0.286260214785684
0.178898147722288
0.069661432248072
-0.0400852274218951
-0.148987496189282
-0.255720923214402
-0.359009916794056
-0.457645891114535
-0.550504310342499
-0.636560373088523
-0.714903101820903
-0.784747626981011
-0.845445483959449
-0.896492772287774
-0.937536059893225
-0.968375950527976
-0.988968268966648
-0.999422855694264
-1
-0.991104577067832
-0.973277990239977
-0.947188053567078
-0.913616981520672
-0.873447681833784
-0.827648573401842
-0.777257173615491
-0.723362718061912
-0.667088089935748
-0.609571346524352
-0.551947135623181
-0.495328295615909
-0.440787929212719
-0.389342232544553
-0.341934348597703
-0.299419497048284
-0.262551611692116
-0.231971692196548
-0.20819804921721
-0.191618591465438
-0.182485270565223
-0.180910765021588
-0.186867448882446
-0.200188654278974
-0.220572200550897
-0.247586126679324
-0.280676528828625
-0.319177371491171
-0.362322109558997
-0.40925693010516
-0.459055397192974
-0.51073426104293
-0.563270174718944
-0.615617047430971
-0.666723753808326
-0.715551913226826
-0.761093452552084
-0.802387669497672
-0.838537522125043
-0.868724882695839
-0.892224510921113
-0.908416522365426
-0.916797152024611
-0.916987640516427
-0.908741100465368
-0.891947253046258
-0.866634958759942
-0.832972501805682
-0.791265623327621
-0.741953334776001
-0.68560157806668
-0.622894833582035
-0.554625809787538
-0.481683378821956
-0.405038950370397
-0.325731501005685
-0.244851497590677
-0.163523970933604
-0.0828910094022836
-0.00409395141759916
0.0717444394825184
0.143537533064995
0.210251844634264
0.270923230120746
0.324672006102627
0.37071675397449
0.408386588443231
0.437131694994965
0.456531968547149
0.46630361573894
