-0.555050608348115
-0.543158650013903
-0.51955554123815
-0.484600180791484
-0.438824165818721
-0.382923806254526
-0.317749668174327
-0.244293805815214
-0.163674877248605
-0.0771213709169981
0.0140468010369561
0.108438061962169
0.204609981304891
0.301090819754277
0.396401481179464
0.489077537794238
0.577690994314263
0.660871461351287
0.737326417844588
0.805860256809208
0.865391827853544
0.914970213483356
0.95378850379448
0.981195365329894
0.996704234149777
1
0.990943087289385
0.969570878793551
0.936096468966291
0.890904774820802
0.834546072903698
0.767727070294993
0.691299655215996
0.606247508131649
0.513670786649041
0.414769126540126
0.310823226408615
0.203175304493251
0.0932087325339455
-0.0176728367236531
-0.12806652511732
-0.236591142841804
-0.341907638921312
-0.442738775320001
-0.537887724911754
-0.626255311451394
-0.706855631957914
-0.778829828177029
-0.841457803614685
-0.894167715548627
-0.936543106907899
-0.968327580396848
-0.989426956136932
-0.999908893791568
-1
-0.990080481347926
-0.970676441426047
-0.94244995717144
-0.906187104077091
-0.862784131455068
-0.813232017256506
-0.758599656547741
-0.700015958236768
-0.638651140723616
-0.575697528568539
-0.512350158863416
-0.449787507661725
-0.389152643556004
-0.331535107352438
-0.277953803920693
-0.229341174908655
-0.186528899393274
-0.150235344043307
-0.121054955412044
-0.0994497550265474
-0.0857430635101963
-0.0801155436214716
-0.0826036143978389
-0.0931002501636979
-0.111358139610809
-0.136995142104743
-0.16950194141918
-0.20825176184059
-0.252511978580297
-0.301457424204094
-0.354185165821214
-0.409730504492003
-0.467083929085086
-0.525208741943069
-0.583059063434056
-0.639597916933805
-0.693815095083813
-0.744744512310147
-0.791480757495008
-0.833194574220686
-0.869147013932189
-0.898702029399132
-0.921337301642199
-0.93665312260775
-0.944379187855816
