0.817557131291384
0.819972667528947
0.824745600291928
0.831760688437926
0.840847648500379
0.851784199988757
0.864300045645979
0.878081719656809
0.892778222126845
0.908007344813322
0.923362581305177
0.938420504814577
0.952748488621152
0.965912638138321
0.97748579965039
0.987055509066543
0.994231744585022
0.998654349952619
1
0.997988587255328
0.992388917575992
0.983023613746683
0.969773138697299
0.952578864193832
0.931445126322936
0.90644022557854
0.8776963466024
0.845408390352297
0.809831729386361
0.771278914770254
0.730115380547242
0.686754208476482
0.641650031569262
0.595292169577741
0.54819710277596
0.500900401900991
0.453948241801222
0.407888634006517
0.363262518960231
0.320594861938972
0.280385897670736
0.243102667320877
0.209170987859993
0.178967987907347
0.152815336042862
0.130973277420156
0.11363558244571
0.100925497499048
0.0928927723676247
0.0895118224945608
0.0906810665448676
0.0962234614608082
0.105888238386614
0.119353823892039
0.136231912111893
0.156072635042104
0.178370760583574
0.202572831284044
0.228085141361334
0.254282435745447
0.280517202775763
0.306129422029758
0.330456620708404
0.352844086195192
0.372655078940118
0.389280888760473
0.402150579022653
0.410740266961303
0.414581794554113
0.413270652815192
0.406473032974434
0.393931890617381
0.375471923281459
0.351003378022551
0.320524622837989
0.28412343429377
0.241976972973129
0.194350438145239
0.141594413043038
0.0841409320301101
0.0224983204213276
-0.042755123500564
-0.110978516951148
-0.181476747767095
-0.253509677385472
-0.326302059670333
-0.399054032339451
-0.470952028654048
-0.541179950235802
-0.60893043747703
-0.673416072082961
-0.733880346863328
-0.789608240968836
-0.839936244302882
-0.884261682748766
-0.922051206019171
-0.95284831220509
-0.976279797289836
-0.992061033785245
-1
