0.205751484795979
0.20016297067491
0.189079223577808
0.172685212603784
0.151254434952711
0.125144242034686
0.0947897294066293
0.0606962923709662
0.0234309713822907
-0.0163872683051933
-0.0580981603855044
-0.101011486998647
-0.144418963952613
-0.187606462369258
-0.229866361439381
-0.270509824320501
-0.30887878996946
-0.344357477864045
-0.376383210071306
-0.40445636584926
-0.428149297754933
-0.447114054857664
-0.461088777858241
-0.469902652386212
-0.473479330146546
-0.471838752538339
-0.465097337472125
-0.453466516949137
-0.43724964010321
-0.416837283406151
-0.392701036163447
-0.365385854850843
-0.335501103850043
-0.303710422342037
-0.270720577145646
-0.237269478817005
-0.204113553062336
-0.172014671214836
-0.141726851988019
-0.113982951794927
-0.0894815625213263
-0.0688743337226477
-0.0527539307964209
-0.0416428318373557
-0.0359831537390783
-0.0361276828455975
-0.042332267307824
-0.0547497075434428
-0.0734252581518892
-0.0982938296572653
-0.129178951929559
-0.165793533482984
-0.207742422503334
-0.254526746859874
-0.305549981962822
-0.360125667584439
-0.417486668110704
-0.476795845556417
-0.537157991461284
-0.597632842861571
-0.657248989239239
-0.71501846198624
-0.769951785738514
-0.821073262135958
-0.867436251302211
-0.908138214707844
-0.94233528512181
-0.969256135051211
-0.988214924343274
-0.998623120345028
-1
-0.991981662270515
-0.974328401024444
-0.94693031268827
-0.909811039177807
-0.863129574474466
-0.807180092292925
-0.742389782139428
-0.669314711230031
-0.588633759759906
-0.501140706424822
-0.407734569439214
-0.309408335132124
-0.207236231116168
-0.102359723627163
0.00402756142936234
0.110695777226499
0.216395424341962
0.319874308185954
0.419894638420903
0.51525002036124
0.604782089223113
0.687396542751294
0.762078336118064
0.827905814943383
0.884063577648695
0.929853876897331
0.964706391312215
0.988186222671491
1
