0.946354485941916
0.931879131689113
0.903144838029899
0.860581157841241
0.804824278836593
0.736707394084267
0.657248094425603
0.567632976772679
0.46919970504166
0.363416799573696
0.251861465703623
0.136195802117631
0.0181417543301285
-0.100544802374371
-0.218100453139424
-0.332780702597085
-0.442886097899486
-0.546787616492182
-0.642950931244136
-0.729959183386908
-0.80653391726427
-0.87155385978154
-0.924071261216703
-0.963325552182106
-0.988754113407931
-1
-0.996916509200443
-0.979568529708757
-0.948230660536454
-0.903382137390939
-0.845698653932781
-0.776041213155839
-0.695442189855555
-0.605088827966233
-0.506304435798322
-0.400527577283294
-0.289289587694405
-0.174190767488611
-0.0568756275222381
0.0609924273676217
0.177756581758368
0.291791863874656
0.40152977923522
0.505481943119109
0.602262348018589
0.690607924667947
0.769397082958012
0.837665951620985
0.894622072479073
0.939655345705945
0.972346066306381
0.9924699381831
1
0.995105445811848
0.978147372342413
0.949671533085192
0.910398226313307
0.861209488880439
0.803133809670204
0.737328615049402
0.665060813099789
0.587685713206666
0.506624662308038
0.423341758373255
0.339320015189742
0.256037360086896
0.174942847708096
0.0974334683418991
0.0248319187251185
-0.0416343131886563
-0.10085221997129
-0.15184060061219
-0.193765170116103
-0.22595121851865
-0.247893624846508
-0.259264074384443
-0.259915372781545
-0.249882797312381
-0.229382473258602
-0.19880681113319
-0.15871708757247
-0.109833298420685
-0.0530214561018824
0.0107214558778446
0.0802846211747994
0.15446233825486
0.231974465463512
0.31148802794024
0.39163963260954
0.471058324986673
0.548388514931836
0.622312597872848
0.691572903398973
0.754992614417113
0.811495317072358
0.860122864092326
0.900051261757274
0.93060432288265
0.951264864511049
0.96168326886423
