1
0.987891759491541
0.963829115501562
0.92811758052617
0.881210051330386
0.823700451451354
0.756315401219817
0.679904038159411
0.595426137803653
0.503938709874767
0.406581267020298
0.30455998256716
0.199130969738954
0.0915829272518971
-0.0167805950271784
-0.124659051738536
-0.230772619340373
-0.333879518277214
-0.432792689933907
-0.526395588773404
-0.613656864105782
-0.693643723342313
-0.765533789078489
-0.828625285603583
-0.882345416089518
-0.926256819370191
-0.960062024455769
-0.983605851283173
-0.996875737216236
-1
-0.993244078764882
-0.977004824795535
-0.951802942666655
-0.918273709564756
-0.877156125748969
-0.829280671776574
-0.775555867990869
-0.716953848545114
-0.654495175670513
-0.589233129795127
-0.522237717346191
-0.454579640540134
-0.387314472160891
-0.321467273284832
-0.258017883224963
-0.197887098789602
-0.141923944486996
-0.0908942168134851
-0.0454704645414026
-0.00622354331806485
0.0263841427208129
0.0520036268209452
0.0704025358205291
0.081466388629772
0.0851980382246831
0.0817152875067013
0.0712467378158392
0.054125956206881
0.0307840733802174
0.00174094800174429
-0.0324049453176509
-0.0709877282126349
-0.113286238776669
-0.158536854835849
-0.20594680585686
-0.254707753083007
-0.304009415076069
-0.353053017010363
-0.401064346783493
-0.447306209183645
-0.49109008083931
-0.531786783274766
-0.568836008855338
-0.601754554437302
-0.630143139804864
-0.653691712112983
-0.672183163162782
-0.685495412996812
-0.693601840579313
-0.696570069778304
-0.694559146046571
-0.687815165667775
-0.676665444764937
-0.661511339053879
-0.642819847182059
-0.621114150074113
-0.596963255696958
-0.570970932790126
-0.543764128158142
-0.515981069918705
-0.488259263523659
-0.461223588354569
-0.435474700232142
-0.411577939316025
-0.390052933710501
-0.371364076787981
-0.355912041002228
-0.344026473040704
-0.335959994857557
-0.331883612771102
