1
0.992759596567191
0.978357632121086
0.956950866101428
0.928772135802629
0.894127626551408
0.853393285502821
0.807010424034896
0.755480563823176
0.69935959103881
0.63925129161324
0.575800348036944
0.509684884610878
0.44160865336422
0.37229295692393
0.302468407421029
0.232866622013643
0.164211955784337
0.0972133716340222
0.0325565443698663
-0.0291037074888393
-0.0871505735269521
-0.14101190419228
-0.190166288824525
-0.234148491213036
-0.272554183681784
-0.305043930122751
-0.331346378370688
-0.351260632692198
-0.364657787805242
-0.371481616603893
-0.371748414489865
-0.365546013761119
-0.353031991737066
-0.334431106073733
-0.31003199991303
-0.280183227999882
-0.245288662582766
-0.205802344693266
-0.162222852198718
-0.115087260774059
-0.0649647775955997
-0.0124501300880068
0.0418432065596317
0.0972898591515281
0.153259400444326
0.209123106212825
0.264260547349345
0.318065942926817
0.369954205063852
0.419366612154971
0.465776053472314
0.508691795199003
0.547663725504276
0.582286044196864
0.61220037067256
0.637098252180124
0.656723062742438
0.670871291265585
0.679393225329916
0.682193044772794
0.679228346338782
0.670509127295043
0.656096261903355
0.636099509932972
0.610675100930453
0.580022941686972
0.544383497227449
0.5040343976705
0.459286824468938
0.410481729846814
0.357985942723777
0.302188213096781
0.243495244781165
0.1823277636571
0.119116665192877
0.0542992811014682
-0.011684199383465
-0.0783941228603142
-0.145394553992783
-0.212256226050702
-0.278559244434274
-0.34389553308311
-0.407871018778909
-0.470107553250267
-0.530244577595364
-0.587940537776008
-0.642874063736165
-0.694744928000167
-0.743274802361846
-0.788207833448169
-0.829311059503822
-0.866374691682905
-0.89921228344898
-0.927660811385726
-0.951580689829788
-0.970855740288861
-0.985393134645801
-0.9951233287277
-1
