-0.759086319012775
-0.745343343459842
-0.718071301291197
-0.677694706109494
-0.624842119033289
-0.56033644065412
-0.485182203079692
-0.400550059676703
-0.307758713670507
-0.208254566531513
-0.103589402458586
0.00460354429489618
0.11463476749103
0.224784521406279
0.333329303694692
0.438568377764887
0.538849923449604
0.63259641079473
0.718328804164273
0.794689222352468
0.860461704721766
0.914590763162221
0.956197434424828
0.984592586571823
0.999287276294697
1
0.986660730129142
0.959411678399218
0.918604778739446
0.864795933851211
0.798736119737316
0.721359491438287
0.63376867981529
0.537217512801623
0.433091434427028
0.322885930478726
0.208183300346268
0.0906281399267428
-0.0280980799499059
-0.14630294158089
-0.262309109661696
-0.374480055577919
-0.481245075982948
-0.581123216661894
-0.672745730506383
-0.754876722051812
-0.826431660080943
-0.886493473812832
-0.934325986633848
-0.969384483578588
-0.991323254163784
-1
-0.995477046098466
-0.978019345172452
-0.948089314709626
-0.906338596368314
-0.853596875542683
-0.79085794498999
-0.719263239493309
-0.640083107969379
-0.554696124605095
-0.464566770967221
-0.37122184610401
-0.276225981054448
-0.181156647600364
-0.0875790583331976
0.00297864394712133
0.0890495148372878
0.169250873837208
0.242305943235715
0.307063720167503
0.362516770307463
0.407816665243029
0.442286823503527
0.465432556922714
0.476948168802562
0.476720997520227
0.464832348026044
0.44155530334312
0.40734945791022
0.362852663620252
0.308869926919657
0.246359640596469
0.176417376180003
0.100257501533494
0.0191929226312995
-0.0653867218694044
-0.152038060293674
-0.239287810166286
-0.325657038519606
-0.409685469189446
-0.489955445596439
-0.565115163353959
-0.633900799034979
-0.695157179376756
-0.747856658815796
-0.791115902149183
-0.824210302850446
-0.846585805590852
-0.857867943224649
