0.991847771538283
0.992454101317013
0.993594152888357
0.99512427302948
0.996832860856925
0.998444944851851
0.99962815743018
1
0.999136268091245
0.996580484974924
0.991854173568895
0.984467780670642
0.973932054934347
0.959769670738221
0.941526884332157
0.918785006521658
0.891171477678405
0.858370336057579
0.820131879173918
0.776281330210018
0.726726336912707
0.671463148933011
0.610581340789283
0.544266971242559
0.472804095489336
0.396574573786869
0.316056148489147
0.231818790527303
0.144519345642216
0.0548945396902962
-0.0362475693812396
-0.128037578222967
-0.21955602335326
-0.309845801590646
-0.397925541365127
-0.482803722587787
-0.563493327858719
-0.639026796293643
-0.708471043358051
-0.770942305965335
-0.825620571814137
-0.871763355540196
-0.908718591707903
-0.935936425873153
-0.952979699758218
-0.95953294477917
-0.95540971948994
-0.940558150636103
-0.915064564081842
-0.879155120480321
-0.833195400761768
-0.777687917848363
-0.713267562983605
-0.640695027186996
-0.560848270108269
-0.474712139458227
-0.383366273745624
-0.287971448780422
-0.189754553868515
-0.0899924064104817
0.0100053666443745
0.108914135672516
0.205412506046268
0.298200720216158
0.386018952997294
0.467665228149381
0.542012687793799
0.608025953790129
0.66477633180327
0.711455624272891
0.747388337630769
0.772042091622364
0.785036064147658
0.78614733326502
0.775315008480558
0.752642075717631
0.718394913941364
0.673000475793784
0.617041159255332
0.551247431760775
0.476488301837031
0.393759765682518
0.304171386676022
0.208931194117645
0.109329113128066
0.00671916016850349
-0.0974993422579973
-0.201901262801678
-0.305055590052182
-0.405545505387516
-0.501988309413697
-0.593054912911147
-0.677488608911559
-0.754122852477553
-0.821897788803519
-0.879875288193445
-0.927252268034879
-0.963372106756091
-0.987733982554311
-1
