1
0.988236736749932
0.964854936465113
0.930142088847105
0.884524549866817
0.828561766120582
0.76293870380239
0.68845659107829
0.606022106768574
0.516635170380923
0.421375508364689
0.321388188679611
0.217868330137865
0.112045204276486
0.00516595558445432
-0.101520829368978
-0.206781472044187
-0.309413241524676
-0.408259859324994
-0.502226253917515
-0.590292361403101
-0.671525783629712
-0.745093132667567
-0.810269910605687
-0.866448795832286
-0.913146230958664
-0.950007232974553
-0.976808372693591
-0.993458897657007
-1
-0.996602257934713
-0.983561306056694
-0.961291815239399
-0.930319887061593
-0.891273990156025
-0.84487458624303
-0.791922611621595
-0.733286995272252
-0.669891407261771
-0.602700440654773
-0.532705436504889
-0.460910164640199
-0.388316572846451
-0.315910813709686
-0.244649751879795
-0.175448144979199
-0.109166678973661
-0.0466010237564251
0.0115279427763806
0.0645826134743115
0.112015726214605
0.15337594927701
0.188311917310427
0.216574682038299
0.238018566815972
0.252600439044726
0.260377438874384
0.261503226209087
0.256222830404282
0.244866207863665
0.227840631695564
0.205622054383195
0.178745598812451
0.14779534477374
0.11339358704321
0.076189747230808
0.0368491246825449
-0.00395832818568009
-0.0455690236445807
-0.0873363728404136
-0.128640868384872
-0.168899458587946
-0.207574070295492
-0.244179153219967
-0.278288136513076
-0.309538707819551
-0.337636845843619
-0.362359559206443
-0.383556306712101
-0.401149096702219
-0.415131285593574
-0.425565117591316
-0.432578068595422
-0.436358077127661
-0.437147763379897
-0.435237753927738
-0.430959244002625
-0.424675941242428
-0.41677554435577
-0.407660916991106
-0.397741121194336
-0.387422476110489
-0.377099806024477
-0.367148037478233
-0.357914298128027
-0.349710660342128
-0.342807660453706
-0.337428710284749
-0.333745501288226
-0.331874483694068
