1
0.986780336039363
0.96052191910351
0.921583907057904
0.870498416891679
0.807962693594613
0.734828854542364
0.652091365020793
0.560872434874484
0.462405557687685
0.358017441914255
0.249108607535835
0.137132941773983
0.0235765228069678
-0.0900639688892522
-0.202302926204458
-0.311687251940066
-0.416817234372816
-0.516366549165537
-0.609101088937036
-0.693896340352612
-0.769753051419975
-0.835810958413399
-0.89136037208229
-0.9358514560556
-0.968901066110756
-0.990297056676956
-1
-0.99814230320132
-0.985024748398636
-0.961110520499721
-0.927016825622651
-0.883504239742298
-0.831463961547671
-0.771903175088271
-0.705928756104415
-0.634729580543153
-0.559557714283141
-0.48170877921839
-0.402501802341181
-0.323258861150471
-0.24528484050127
-0.169847612886858
-0.0981589461705915
-0.0313564300942971
0.0295133043032225
0.0835098196406445
0.129812334097509
0.167731211605091
0.196717313435196
0.216369078571649
0.226437236481032
0.226827093513702
0.217598372567952
0.198962624232818
0.171278265780527
0.135043341507527
0.0908861334410518
0.0395537847798897
-0.0181008708972137
-0.0811340541215705
-0.148527113279151
-0.219203663215365
-0.292047508619675
-0.365921060925742
-0.43968395094625
-0.512211537703761
-0.582413016935584
-0.649248840481556
-0.711747170074277
-0.769019105734428
-0.820272449753141
-0.864823791778309
-0.902108728412252
-0.931690061521767
-0.9532638526605
-0.966663246072107
-0.971860009116887
-0.968963776059914
-0.958219018380662
-0.939999801516595
-0.914802423648699
-0.883236066205532
-0.846011617660961
-0.803928861421377
-0.757862244676707
-0.708745467611996
-0.657555150986604
-0.605293854492692
-0.552972728277643
-0.501594085401901
-0.452134183722901
-0.405526501741011
-0.362645784383112
-0.32429312167547
-0.291182305983637
-0.263927692254406
-0.243033760828382
-0.228886554304136
-0.221747129080478
