0.821420490241644
0.824406439686063
0.83029098478712
0.838901001960778
0.849980739369014
0.863196463559996
0.878142533591783
0.894348801122428
0.911289212693507
0.928391470186766
0.945047587524491
0.960625166405357
0.974479201468953
0.985964215967791
0.994446522949769
0.999316404219236
1
0.995970706263121
0.986759884046424
0.971966695667801
0.951266896355668
0.92442042627305
0.891277666937018
0.851784247330829
0.805984308234018
0.754022158085781
0.696142279653941
0.632687673490643
0.564096551189217
0.490897418380691
0.413702613790734
0.333200396093521
0.25014569433802
0.165349659995523
0.0796681788231874
-0.00601048157134532
-0.0907786976346951
-0.173722986460298
-0.253937761527586
-0.330539130628627
-0.402678517043409
-0.469555886525653
-0.530432367629157
-0.584642061272015
-0.631602847080452
-0.670826008800967
-0.701924518695068
-0.724619841064815
-0.738747137587801
-0.744258781617883
-0.741226114652239
-0.72983940536993
-0.710405999586404
-0.68334667770416
-0.64919026432827
-0.608566562214062
-0.56219770918873
-0.510888081719908
-0.455512891994915
-0.397005646355231
-0.336344651366461
-0.274538769398469
-0.21261263809144
-0.151591577287305
-0.0924864127593789
-0.0362784482772809
0.0160951838443468
0.0637555685336524
0.105895233386497
0.141790348897173
0.170811713742449
0.192434353428597
0.206245581381936
0.211951394725742
0.209381102184875
0.198490108406646
0.17936080706831
0.152201564024358
0.117343800983446
0.0752372193422948
0.0264432323898729
-0.0283732983144941
-0.088453900420247
-0.152957755820602
-0.220974224822086
-0.291536441465316
-0.363635775316203
-0.436236941475794
-0.508293530326048
-0.57876372180029
-0.64662594584834
-0.710894251309365
-0.770633149605069
-0.824971707460143
-0.873116674128222
-0.914364443178037
-0.948111666553017
-0.973864359087015
-0.991245354624313
-1
