-0.65722368562686
-0.660737145865051
-0.667698708627994
-0.67797856722294
-0.691384270858351
-0.707663400676014
-0.726507079891291
-0.747554269480609
-0.770396790033657
-0.794585000416349
-0.819634054911345
-0.845030652642745
-0.870240186461244
-0.894714193157824
-0.91789800296088
-0.93923848380591
-0.958191774879516
-0.974230904439811
-0.986853188890982
-0.995587313506667
-1
-0.99970217225259
-0.994354538846314
-0.983672519479184
-0.967430451762498
-0.945465025150141
-0.917677899689586
-0.884037478746183
-0.844579816668906
-0.799408654364052
-0.748694587748775
-0.692673385895216
-0.631643487178244
-0.565962712741522
-0.496044246942242
-0.422351943979831
-0.345395028526463
-0.265722265740442
-0.183915682457035
-0.100583926532695
-0.0163553552042853
0.068129054128496
0.152222876105155
0.235281398179283
0.316668677082358
0.395764400929203
0.471970471006108
0.544717222546864
0.613469210149353
0.677730490808003
0.737049345713225
0.791022390864631
0.839298036017235
0.881579261378712
0.917625691645989
0.947254957253419
0.97034334294509
0.986825733825402
0.996694878734954
1
0.996844787179989
0.987384820266713
0.971824474761641
0.950413367080944
0.923442403732664
0.891239501616797
0.854165049574006
0.812607182928402
0.766976943228774
0.71770339470445
0.665228767148011
0.610003692066981
0.552482595075919
0.493119302710779
0.432362916234011
0.370653998669502
0.308421114379073
0.246077753093314
0.184019662571888
0.122622606128795
0.0622405532549133
0.00320430364156965
-0.0541794628101645
-0.109628724789086
-0.162886268893811
-0.21371947752509
-0.261919789064207
-0.307301868944062
-0.349702534267593
-0.388979477771023
-0.425009839122411
-0.457688672761887
-0.486927361718342
-0.51265202608544
-0.534801973131897
-0.553328233397807
-0.568192223647465
-0.579364573281051
-0.586824145838228
-0.590557281653454
