-0.459483183588687
-0.447890783745721
-0.424887966882052
-0.390835917557214
-0.34626950279563
-0.291889099754567
-0.228549896365858
-0.157248829929779
-0.0791093650180645
0.0046356547101194
0.092662816576875
0.183578321145667
0.275939225991433
0.368275424138775
0.459112019242559
0.546991753748219
0.63049714576668
0.708271995235606
0.779041930035958
0.841633677929501
0.894992770238684
0.938199407788795
0.970482248386579
0.99122990756787
1
0.996525587213965
0.980718937666992
0.952672546867362
0.91265740777757
0.861118564285736
0.798668022534014
0.726075135661909
0.64425461642693
0.554252368599754
0.457229361430233
0.354443801326414
0.247231880719781
0.136987405508064
0.0251406191436823
-0.0868634468825968
-0.197586759902023
-0.305619872764637
-0.409602976893358
-0.508246097448707
-0.600348120640412
-0.684814362323468
-0.760672410627997
-0.827086003116511
-0.883366730396109
-0.928983392736828
-0.963568873511111
-0.986924432582898
-0.999021363516333
-1
-0.990166098538067
-0.969984665588612
-0.940071337284811
-0.901181458029086
-0.854197040005446
-0.800111818451535
-0.740014646857142
-0.675071501653482
-0.606506387033373
-0.535581446971313
-0.463576603042975
-0.39176904310223
-0.321412887167262
-0.25371935298428
-0.189837734748365
-0.13083749451734
-0.077691747185775
-0.0312623967965123
0.0077128451699966
0.0386313596350125
0.0610342718584294
0.0746127258772753
0.0792116902742139
0.0748312439042187
0.0616253307473191
0.0398980136886891
0.0100972971071773
-0.0271933729580842
-0.0712657852143146
-0.121299635565515
-0.176376983345088
-0.235498250788069
-0.297599500818351
-0.361570708128078
-0.426274723028665
-0.49056661689897
-0.553313092411601
-0.613411641169414
-0.669809135935624
-0.721519554215947
-0.767640544393667
-0.807368564694073
-0.840012348655865
-0.865004478137166
-0.881910875743265
-0.890438062436947
