1
0.989029047196523
0.967214337091002
0.934808600320424
0.892186805249616
0.839841269826595
0.77837525130545
0.708495103731868
0.631001113055655
0.546777138090008
0.456779202010868
0.362023193441775
0.263571848192838
0.162521192244222
0.0599866334504924
-0.0429111064029053
-0.145060026189384
-0.245370655101947
-0.342789450002749
-0.43631159996773
-0.524993067004711
-0.607961703829125
-0.68442730373477
-0.753690453778445
-0.815150080457808
-0.868309596526522
-0.912781578263048
-0.948290924075891
-0.974676467462783
-0.991891039711435
-1
-0.999178272394293
-0.989705950322414
-0.971962549124722
-0.946420005935245
-0.913634543178633
-0.87423752711999
-0.828925465968748
-0.77844930283032
-0.723603167174696
-0.665212754341283
-0.604123505855069
-0.541188763962158
-0.477258071814303
-0.413165786194264
-0.3497201626673
-0.287693063697224
-0.227810428741736
-0.170743631837318
-0.117101836924302
-0.0674254443988732
-0.0221807043836354
0.018244446728231
0.0535432894754151
0.0834919472012738
0.107949737439128
0.126858271274136
0.140239342166876
0.148191663851027
0.150886533874616
0.148562514884836
0.141519239629057
0.130110457655305
0.114736451671785
0.095835959327623
0.0738777417025989
0.0493519429758034
0.0227613865534428
-0.00538704861575301
-0.0345908316753273
-0.0643598296801043
-0.094223878039736
-0.123739756190484
-0.152497465035603
-0.180125716193484
-0.206296557918483
-0.230729078456747
-0.253192144297372
-0.273506147995362
-0.291543757687786
-0.307229677807041
-0.320539447526579
-0.331497319873531
-0.340173279940192
-0.346679274969042
-0.351164742041373
-0.353811530458708
-0.35482832548804
-0.354444687795114
-0.352904828496409
-0.350461243236038
-0.347368329990411
-0.343876114409427
-0.340224203443199
-0.33663608283865
-0.333313866916844
-0.330433599988901
-0.328141197996271
-0.326549106659017
-0.325733738797818
