-0.22857177964278
-0.2186166877049
-0.198866809708187
-0.169640218220818
-0.131407714307768
-0.0847853700757712
-0.0305247699867832
0.0304988946033591
0.0973006892408681
0.168801539060125
0.243845323381005
0.321217191608955
0.399662810478784
0.477908237917704
0.554680108856622
0.628725813348683
0.698833347439764
0.76385052237597
0.822703227847694
0.874412459899051
0.918109843640099
0.953051404679544
0.978629370872167
0.99438181711123
1
0.995333265769619
0.980391453196005
0.955344752899796
0.920521024664524
0.876400614643108
0.823608753905662
0.762905658086711
0.69517448431163
0.621407335544621
0.542689533466336
0.460182408468617
0.375104878911432
0.288714111049948
0.202285565702172
0.117092747556899
0.0343869778611439
-0.0446224890020109
-0.118787689828159
-0.187040212859337
-0.248408204165485
-0.30203184998634
-0.347177088843045
-0.383247335090773
-0.409793026906621
-0.426518845997558
-0.433288493030995
-0.430126941356968
-0.417220131397761
-0.394912108500444
-0.363699647442509
-0.324224446513198
-0.277263012536145
-0.223714394745576
-0.164585959501348
-0.100977428889261
-0.0340634338111835
0.0349251442110752
0.10472074898769
0.174039335150234
0.241600845124516
0.306149654705868
0.366474664615844
0.421428720763779
0.469947056283393
0.511064463602299
0.543930924593457
0.567825450941901
0.582167914859945
0.586528681759403
0.580635890946047
0.564380267297595
0.537817385642041
0.501167349558287
0.454811886946643
0.399288905323178
0.335284589740263
0.2636231648968
0.185254479766816
0.101239607365388
0.012734683545746
-0.0790267635115667
-0.172752717635491
-0.267112517845457
-0.360757330524154
-0.45234093072298
-0.540540467756712
-0.624076890361199
-0.701734711905894
-0.772380806390403
-0.834981941050894
-0.888620771121296
-0.932510046326377
-0.966004806651546
-0.988612376398261
-1
