-0.389492961379819
-0.380738649840614
-0.363345810440117
-0.337544317087125
-0.303674772949945
-0.26218353340248
-0.213616189048008
-0.158609608513801
-0.0978826626912205
-0.0322257721840835
0.0375105623891636
0.110428072194124
0.185593686356498
0.262052955031539
0.338843725190516
0.415009861425659
0.489614803775994
0.561754757502652
0.630571315845503
0.695263325975412
0.755097820472018
0.809419851513899
0.857661082331645
0.899347010071069
0.934102715734957
0.961657059979123
0.98184526786898
0.994609870874545
1
0.998169049607205
0.98937075679912
0.973953765783063
0.952354770051498
0.925090347134026
0.89274762074695
0.85597390308377
0.815465485473186
0.77195575844094
0.726202852150635
0.678976995114633
0.631047792854638
0.583171628797688
0.536079387111977
0.490464691463351
0.446972844902218
0.406190644414377
0.368637229276095
0.334756105474422
0.304908469357916
0.279367932675031
0.258316728571662
0.241843454314593
0.229942381861417
0.222514342300685
0.219369165035781
0.220229627780252
0.224736849363066
0.232457034389459
0.242889457328931
0.255475553944705
0.269608970448133
0.284646405632524
0.299919068750939
0.314744566247143
0.328439023778281
0.340329246385209
0.349764719225635
0.356129253990809
0.358852091932801
0.357418283242017
0.351378174191307
0.340355847816546
0.324056380704312
0.30227179743684
0.274885625100382
0.241875972663093
0.203317083616232
0.159379334672631
0.110327678141332
0.0565185504525663
-0.00160470620175135
-0.0635178384087747
-0.128622998945165
-0.196257272625377
-0.265702276858868
-0.336194686018963
-0.406937513958685
-0.477111976876163
-0.545889749426037
-0.612445420641106
-0.675968952969781
-0.73567794760125
-0.790829522243002
-0.840731613586572
-0.88475352575036
-0.922335557878881
-0.952997558617004
-0.976346272134427
-0.992081359480589
-1
