0.86854162887941
0.867849515192944
0.866447941106045
0.864302748402472
0.861364026851407
0.857567676295188
0.852837439308379
0.847087362619928
0.840224636459676
0.832152752872476
0.822774916985528
0.811997639347292
0.79973443288947
0.785909534884879
0.770461572547975
0.753347090691046
0.734543861121811
0.714053896235981
0.691906093484015
0.668158443012625
0.642899737712102
0.616250733031023
0.588364713119848
0.559427429985121
0.529656393210104
0.499299499245915
0.468633001108311
0.437958831330279
0.407601303015616
0.377903225608825
0.349221483338615
0.321922135008491
0.296375103709187
0.272948533936918
0.252002901355978
0.233884966899417
0.218921671932359
0.207414074706545
0.19963143023315
0.195805515940922
0.196125304041588
0.200732078394929
0.209715088879941
0.223107829891115
0.240885021671627
0.262960363874903
0.2891851201432
0.319347580759008
0.353173437734252
0.390327093242519
0.430413908274122
0.472983384016747
0.517533253957872
0.563514450294925
0.610336894152332
0.657376045564998
0.703980136412958
0.749477997689641
0.793187381850746
0.834423671700395
0.872508859484777
0.906780673718006
0.936601726873288
0.961368554521479
0.980520415848137
0.993547726759617
1
0.999493171815393
0.991716201662639
0.97643684017975
0.953506471001652
0.922863943877653
0.88453832976316
0.838650542932556
0.785413790489384
0.725132825714384
0.658201998259799
0.585102111028485
0.506396110422419
0.422723653259004
0.334794609788974
0.243381577666456
0.149311496188882
0.0534564634241532
-0.0432761292269365
-0.139954020105556
-0.235630924411154
-0.329357664941384
-0.420193441170172
-0.507217088545363
-0.589538179138326
-0.666307816132395
-0.736728978083116
-0.800066274378215
-0.855654980795939
-0.902909233404388
-0.94132927013147
-0.970507622008859
-0.990134170173892
-1
