1
0.996785878382875
0.990365993899851
0.980757210987754
0.967985189041258
0.952084804922177
0.933100695283243
0.911087901232047
0.886112594161497
0.858252858302562
0.827599502781923
0.794256873751305
0.758343635546674
0.719993488873274
0.679355793724253
0.636596065141694
0.591896311022482
0.545455182947696
0.497487913451341
0.448226016207767
0.397916729261196
0.346822185588377
0.295218299909572
0.243393365667673
0.191646361396467
0.140284971206631
0.0896233297366953
0.0399795075473524
-0.0083272415191189
-0.0549794441373681
-0.0996645505101156
-0.142078219960468
-0.181927708260384
-0.218935312193069
-0.252841823822091
-0.28340994461357
-0.310427607985752
-0.333711158086798
-0.353108332658319
-0.368500998747519
-0.379807591789683
-0.386985211185936
-0.390031328925876
-0.388985072014016
-0.383928044403153
-0.37498465975394
-0.362321962554044
-0.346148921856798
-0.326715189043881
-0.304309318476375
-0.279256457564231
-0.251915520541581
-0.222675867966864
-0.191953521553755
-0.160186951262939
-0.127832478529933
-0.095359345958607
-0.0632445096678497
-0.0319672156418964
-0.00200342581406965
0.026179836868945
0.0521301525659383
0.0754153043985961
0.0956287400146212
0.112394821279187
0.125373790025208
0.134266380346072
0.138818011490136
0.138822499976149
0.134125235039567
0.124625767873617
0.110279772264989
0.0911003420483734
0.067158599212336
0.0385835953669194
0.00556149850873
-0.0316659335360553
-0.0728035820791688
-0.117505878553729
-0.165380367820107
-0.215991885118854
-0.268867299461053
-0.32350076828417
-0.379359440928092
-0.435889542009426
-0.492522760189227
-0.548682863224628
-0.603792456639401
-0.657279800898298
-0.70858560066585
-0.757169679596052
-0.802517455142916
-0.844146130093459
-0.881610520878448
-0.914508447169314
-0.942485612763576
-0.965239914222331
-0.982525121064176
-0.994153879439921
-1
