0.496272269792525
0.500627109398215
0.509263376280031
0.522035409389787
0.538727607686859
0.55905784728177
0.582681952679711
0.609199151049099
0.638158422811054
0.66906564759294
0.70139143193909
0.734579494325665
0.76805547415658
0.801236024664752
0.833538045115122
0.864387905475277
0.89323051682203
0.919538103186812
0.942818535271344
0.962623093413164
0.978553536238795
0.990268362467373
0.9974881661453
1
0.997660677370246
0.990398960052027
0.978216597125144
0.961188198115794
0.939459942414334
0.913247145410845
0.882830720039841
0.848552590050069
0.810810128055993
0.770049707018141
0.726759467991968
0.681461419553495
0.634702995054049
0.587048202604634
0.539068509302511
0.491333605582165
0.444402197629052
0.398812975502926
0.355075901980937
0.313663962188887
0.275005506918416
0.239477313240049
0.207398474762239
0.179025220831268
0.154546749321011
0.134082141655646
0.117678411594042
0.105309721351743
0.0968777801280234
0.0922134213337085
0.091079336076648
0.0931739220521983
0.0981361891969368
0.105551646576786
0.114959079263395
0.125858109654364
0.137717425040968
0.149983542422764
0.162089972784391
0.17346664042665
0.183549408588409
0.191789560579122
0.197663085998197
0.200679624343959
0.200390923371357
0.19639867686669
0.188361615956973
0.176001739514783
0.159109582478704
0.137548435778301
0.111257447798979
0.0802535546922001
0.0446322050588353
0.00456686332254308
-0.0396927048282339
-0.0878233425156638
-0.139432566140788
-0.194063725028129
-0.251202179840856
-0.310282407344269
-0.370695924503681
-0.431799911965475
-0.492926405891102
-0.553391918067773
-0.612507337349626
-0.669587960898109
-0.723963501463377
-0.774987917115809
-0.822048912397066
-0.864576964774511
-0.902053737475627
-0.93401974913884
-0.960081182098326
-0.979915724345998
-0.993277355077584
-1
