0.311467044861882
0.305743728718504
0.294399607405567
0.27763791848888
0.255759087209525
0.229155492239411
0.198304623710972
0.163760748088607
0.12614521954596
0.086135600329931
0.0444537727557817
0.00185324265688025
-0.0408941519756605
-0.0830119030141592
-0.123732633984987
-0.162311807782
-0.198041107341643
-0.230261261036755
-0.258374093027046
-0.281853590917064
-0.300255798627786
-0.313227361140179
-0.320512569420996
-0.321958778048034
-0.317520094427647
-0.307259266619563
-0.291347726201861
-0.270063772849723
-0.243788917878146
-0.213002434417826
-0.178274191662849
-0.140255879265832
-0.0996707549951137
-0.0573020737681297
-0.0139803787256582
0.0294301452583692
0.0720460386546471
0.112979424810513
0.151353118295877
0.186315738731328
0.217056582996669
0.242820010912706
0.262919105628858
0.27674837995121
0.283795313565913
0.28365052334723
0.27601638942777
0.260713983137582
0.23768816892834
0.207010780586242
0.16888180196415
0.123628513662791
0.0717025990735163
0.0136752354587675
-0.0497697722180075
-0.11784472570009
-0.189668517000134
-0.264278713675082
-0.340645072174172
-0.417684282008221
-0.494275722841032
-0.569277999257395
-0.641546004201973
-0.709948252138625
-0.77338421702115
-0.830801408302222
-0.881211920482224
-0.923708198093709
-0.957477768445907
-0.981816708769267
-0.996141632393798
-1
-0.993078586477015
-0.975209961139497
-0.946376868579839
-0.906714428815788
-0.856510108155496
-0.796201445840199
-0.726371555521989
-0.647742454466686
-0.561166306517295
-0.4676146967992
-0.368166086398841
-0.263991623333342
-0.156339511612121
-0.0465181626752451
0.0641216273747827
0.174205215851839
0.282353096397428
0.387200048746371
0.487414174073059
0.581715535610279
0.668894129451474
0.747826919845373
0.817493686730676
0.876991450536785
0.925547260134333
0.962529153940704
0.987455131204688
1
