0.46067297348543
0.465238185573412
0.474291301029105
0.487679007101507
0.505174574748271
0.526481686497652
0.551239440916604
0.579028450613153
0.609377932498065
0.641773672476787
0.675666732108221
0.710482752291486
0.745631698930317
0.780517887943942
0.814550122069266
0.847151769715232
0.877770616725624
0.905888325275597
0.931029340219578
0.952769091929507
0.970741355875804
0.984644642731789
0.994247508410663
0.999392690923729
1
0.996067905725783
0.987673793722335
0.974972876238509
0.958195770641493
0.937644778785677
0.913688922271464
0.886757809323735
0.857334428586743
0.825946983229492
0.793159895086921
0.759564122858692
0.725766950412439
0.692381410790791
0.660015518439481
0.629261486336985
0.600685106037724
0.574815467109396
0.552135188064213
0.533071323713238
0.517987104016608
0.507174647107231
0.500848774419432
0.499142038982905
0.502101059206274
0.509684230164389
0.521760862835506
0.538111779246207
0.558431368426208
0.582331084815201
0.60934434766688
0.638932777427354
0.670493683384846
0.703368696440857
0.736853421967146
0.770207970691845
0.802668210677159
0.833457570952994
0.861799217461332
0.886928414811124
0.908104883065835
0.924624957464094
0.93583336064014
0.941134401550733
0.940002422867651
0.931991328953234
0.916743039549764
0.893994729789019
0.863584734834501
0.82545701713857
0.779664115631677
0.726368518836119
0.665842427565568
0.598465897171148
0.524723373851471
0.445198663979384
0.360568399334792
0.271594084200554
0.179112832119059
0.0840269203815629
-0.0127076912853749
-0.110093715149167
-0.207105586529784
-0.302703023842988
-0.395844901642778
-0.485503235288087
-0.570677073508322
-0.650406095872522
-0.723783715971452
-0.789969497947302
-0.848200703751706
-0.897802801034106
-0.938198776671008
-0.968917118414134
-0.989598346697191
-1
