1
0.992112583006641
0.976423013657381
0.953100650110176
0.922396619237048
0.884640372715824
0.840235175237147
0.789652591887858
0.733426056587425
0.672143617014582
0.606439963559493
0.536987860287907
0.46448910454912
0.38966514856804
0.31324752103255
0.235968189251345
0.158550002878026
0.0816973584710556
0.00608722031624631
-0.0676393729586378
-0.138885194304337
-0.207103994724466
-0.271806849696309
-0.33256759780731
-0.389027298054367
-0.440897647510229
-0.487963317159522
-0.53008318039528
-0.567190425685687
-0.599291562005663
-0.626464342514073
-0.648854648383375
-0.666672390400779
-0.680186500716481
-0.689719100688576
-0.695638942958092
-0.698354236495645
-0.698304972232883
-0.695954873893986
-0.69178310367146
-0.686275855373781
-0.679917968569772
-0.673184696058358
-0.666533753727897
-0.660397776594128
-0.655177297609168
-0.651234356834854
-0.648886837919152
-0.648403616677297
-0.650000593155242
-0.653837664057692
-0.660016677088163
-0.66858039281892
-0.679512463437683
-0.692738421363891
-0.708127654549217
-0.725496329530384
-0.744611208235643
-0.765194290396331
-0.786928200403858
-0.809462225783655
-0.83241890431287
-0.855401048345284
-0.877999088255121
-0.899798612172721
-0.920387976429893
-0.93936586040053
-0.956348640719452
-0.970977463164227
-0.982924895733668
-0.991901053564779
-0.997659095179622
-1
-0.99877654894067
-0.993896442998505
-0.985324508883531
-0.973083955660178
-0.95725666184298
-0.937982488171732
-0.915457627123248
-0.889932015846642
-0.861705854386283
-0.831125285538293
-0.798577306241587
-0.764483992816429
-0.729296133434706
-0.693486370760274
-0.657541965583059
-0.621957298362263
-0.58722622979562
-0.553834443777602
-0.522251896364962
-0.492925492630599
-0.466272109585437
-0.442672077743669
-0.422463226490173
-0.405935589300343
-0.393326854208953
-0.384818632897712
-0.380533608564644
