0.905964180492526
0.902252530679382
0.894907630807928
0.884084788271006
0.870013259769139
0.852991878143555
0.833383340370439
0.811607256073789
0.788132077623696
0.763466052584561
0.738147356634584
0.71273357980259
0.687790750712709
0.663882092289846
0.641556707907879
0.621338399159287
0.603714815244777
0.589127129435105
0.577960430209949
0.57053500365015
0.567098669621256
0.567820317459421
0.572784767522305
0.581989063406584
0.595340276205738
0.612654877263976
0.633659709876896
0.657994563718116
0.685216328867003
0.714804679614639
0.746169212169995
0.778657935404025
0.811566990268236
0.844151451896091
0.87563704900135
0.905232618353698
0.932143098125142
0.955582853002651
0.974789116346454
0.989035330480694
0.997644165520677
1
0.995560652935836
0.983868166780039
0.964558453810472
0.93736963473104
0.902148917329867
0.858857884705717
0.807576086483861
0.748502852237363
0.681957273610272
0.608376329981916
0.528311161474438
0.442421522234944
0.351468475760721
0.256305422125033
0.157867573855932
0.057160022492033
-0.0447554389181353
-0.146774551268442
-0.247765678599807
-0.346585531804821
-0.442095295819757
-0.533176921024854
-0.618749334948129
-0.697784329474146
-0.769321881630059
-0.832484672631703
-0.886491580138392
-0.930669932445908
-0.964466330446547
-0.987455863355042
-0.999349567142852
-1
-0.98940483657382
-0.967708411805033
-0.935201175454359
-0.892317049428102
-0.839628711296895
-0.777840858480454
-0.707781537967002
-0.630391655682501
-0.546712807271872
-0.457873597675387
-0.365074640081835
-0.269572445255683
-0.172662429549956
-0.0756612838584503
0.0201110438899017
0.113349493501069
0.202781902632854
0.287186621533323
0.365409476772881
0.436379837274814
0.49912554858801
0.552786517504512
0.596626748564001
0.630044656416755
0.652581503100026
0.663927836643282
