1
0.992937396515471
0.978887628846006
0.958000590568449
0.930498673425487
0.896673867785615
0.856883960652853
0.81154788491669
0.761140285451158
0.706185378621382
0.647250191575494
0.584937276245644
0.519877000129876
0.452719521573417
0.384126561333187
0.3147630846364
0.245289008701341
0.17635104976909
0.108574821117799
0.0425572893397665
-0.0211403095763188
-0.0819990000089504
-0.139547956500434
-0.193369677520489
-0.243104377937348
-0.288453546637532
-0.329182628151484
-0.365122800084326
-0.396171831423185
-0.42229402019418
-0.443519222271688
-0.459940996200313
-0.471713901481395
-0.479049999714188
-0.48221461909129
-0.481521452866048
-0.477327071390098
-0.470024935033606
-0.460039001640936
-0.447817027053552
-0.433823660586403
-0.418533439133571
-0.402423783788021
-0.385968101497396
-0.369629091375839
-0.353852350907246
-0.339060371487014
-0.325647005657535
-0.313972480117282
-0.304359019261543
-0.297087133797831
-0.292392618036261
-0.29046428796092
-0.291442480326076
-0.295418320978962
-0.30243375857869
-0.312482348046845
-0.325510756633537
-0.341420954589802
-0.360073042270199
-0.381288656202285
-0.404854888391803
-0.430528646006096
-0.458041372696648
-0.487104048267836
-0.517412380233832
-0.548652099067992
-0.58050426865437
-0.612650524591683
-0.644778155545428
-0.676584946741034
-0.707783709865399
-0.738106430001533
-0.767307967648133
-0.795169262243131
-0.821499992773494
-0.846140660856421
-0.868964071954079
-0.889876200962311
-0.908816439117063
-0.92575722981272
-0.940703111348393
-0.953689194640039
-0.964779113394274
-0.974062492979846
-0.981651992113687
-0.987679978373258
-0.992294904345965
-0.995657455837902
-0.997936546916856
-0.999305238607795
-0.999936658764257
-1
-0.999656670597604
-0.9990566700526
-0.998335256422265
-0.997609967007098
-0.996978047198764
-0.996514334696983
-0.996269637860704
