0.954882744614766
0.949937845730968
0.940102196505211
0.925483496129309
0.906241805510752
0.882587780911001
0.854780350370584
0.823123859487433
0.787964719142881
0.749687593400546
0.708711170969092
0.665483568258904
0.620477416120178
0.574184685778448
0.527111312244225
0.479771675535473
0.432683001393815
0.386359743785377
0.341308011352009
0.298020099124945
0.256969185246191
0.218604250187779
0.183345273048399
0.151578755982148
0.123653623723491
0.0998775405714372
0.0805136821455152
0.0657779937925058
0.0558369617765935
0.0508059173999977
0.0507478880519781
0.05567300294819
0.0655384550765226
0.0802490146858148
0.0996580836142105
0.123569273925556
0.15173848877253
0.183876478196855
0.219651837767338
0.258694413596831
0.300599073414171
0.344929800034104
0.391224060797055
0.438997404363606
0.487748234659606
0.536962710783423
0.586119721304988
0.634695881597678
0.682170503631684
0.728030488997543
0.77177509779028
0.812920548331763
0.85100440549952
0.885589718617859
0.916268873401485
0.942667126269249
0.964445793410749
0.981305071233934
0.992986469190157
0.999274840406756
1
0.995037925338577
0.984311536827958
0.967791061940124
0.945493989176658
0.917484622385587
0.883873249317912
0.844814941478265
0.800508005170322
0.75119210614238
0.697146092387944
0.638685541442571
0.576160059938937
0.509950364240365
0.440465171676873
0.368137932270239
0.293423430872813
0.216794289380154
0.138737398134473
0.0597503048418146
-0.0196624116896894
-0.0989927568889912
-0.177732900101382
-0.255378695360365
-0.331433121588261
-0.405409622207616
-0.47683532582386
-0.545254131322678
-0.610229642387432
-0.671347938060119
-0.728220167523856
-0.780484958759691
-0.827810632112576
-0.869897211081842
-0.906478223824841
-0.937322289926979
-0.962234487948944
-0.981057500117776
-0.99367253129063
-1
