1
0.98963516650397
0.96902159581844
0.938389962891695
0.89808250749917
0.848548566989705
0.790338718865601
0.724097616093424
0.650555616437948
0.570519324006729
0.484861176338756
0.394508223545052
0.300430257019822
0.203627453928157
0.105117709916315
0.00592383619610071
-0.0929392017229519
-0.190476827850491
-0.285727010312318
-0.377771861487607
-0.465748527365426
-0.548859220966439
-0.626380267915548
-0.697670047358048
-0.762175728152117
-0.819438718386593
-0.869098765487368
-0.910896664195217
-0.944675550217996
-0.970380778070184
-0.988058402200077
-0.997852300660388
-1
-0.994827278454267
-0.982741641616493
-0.964224780333043
-0.939824134352741
-0.910143697079836
-0.8758342064621
-0.837582874458368
-0.796102812575508
-0.752122313582718
-0.706374149678312
-0.659585045115765
-0.612465476644274
-0.565699948173614
-0.519937876957761
-0.475785217463628
-0.433796936137935
-0.394470435721215
-0.358240011822001
-0.325472407414786
-0.296463513036766
-0.271436242016656
-0.250539591366672
-0.233848880301308
-0.221367140006596
-0.213027610556905
-0.2086972840375
-0.208181417238746
-0.21122892298114
-0.217538536424802
-0.226765641801756
-0.238529636043572
-0.252421698888137
-0.268012834331124
-0.284862045798366
-0.302524507177393
-0.320559593845947
-0.338538642022951
-0.356052311058683
-0.372717431558189
-0.388183232346075
-0.402136851054033
-0.414308046340988
-0.424473044213531
-0.432457466356383
-0.438138304549433
-0.441444921869349
-0.442359078173579
-0.440913994065088
-0.437192483862347
-0.431324203783401
-0.423482076339349
-0.413877965580865
-0.402757690131154
-0.390395471672085
-0.377087925556265
-0.363147707353979
-0.348896934299298
-0.334660503696162
-0.320759431338866
-0.307504331882991
-0.29518915989831
-0.284085325104469
-0.274436288127081
-0.266452734141377
-0.260308411147843
-0.256136707531486
-0.254028030199624
