-1
-0.990673364572096
-0.97213195503397
-0.944597845015684
-0.90840004817621
-0.8639696736899
-0.811833585066096
-0.752606661187268
-0.686982780212267
-0.615724666847945
-0.539652761131271
-0.459633282006784
-0.37656567139197
-0.29136961390038
-0.204971833789668
-0.118292873918758
-0.0322340614846823
0.0523351379338826
0.134589182920833
0.213757749746423
0.289136083684822
0.360094250090118
0.426085144833678
0.486651143552346
0.541429290897266
0.590154954262767
0.632663890944627
0.668892702939657
0.698877679253327
0.722752051222951
0.740741711584106
0.753159472408002
0.76039796023058
0.762921268312393
0.761255505669177
0.755978399983673
0.747708126472529
0.737091547000352
0.724792053011857
0.711477212044888
0.697806420592949
0.684418765857188
0.671921295467452
0.660877887613668
0.651798904316909
0.645131797936828
0.641252825658021
0.640460008864697
0.642967454282626
0.648901131856323
0.658296180884556
0.671095791329594
0.687151681834797
0.706226170233546
0.727995806618207
0.752056513768973
0.777930155320086
0.805072428853273
0.832881959524019
0.860710450189274
0.887873726628628
0.913663501612541
0.937359669508818
0.958242934026243
0.975607565719763
0.988774083122874
0.997101651877952
1
0.996940654378749
0.987467313692191
0.971205185916844
0.947869134374997
0.917270494512073
0.879322444064095
0.834043831636345
0.781561392620536
0.722110306454967
0.656033075087368
0.583776728728316
0.505888391172449
0.423009262704126
0.335867103489149
0.245267323993211
0.152082810988933
0.057242637769505
-0.0382801750380373
-0.133481666454
-0.227340515905669
-0.318831994338945
-0.406942075994915
-0.490681498154015
-0.569099556440473
-0.64129742686807
-0.706440812641331
-0.763771723699766
-0.812619209952831
-0.852408884899579
-0.882671094615238
-0.903047607633098
-0.913296723734732
