-0.095267144405533
-0.0900661895858286
-0.0797111272869829
-0.064295292859385
-0.0439577932129259
-0.018882437665383
0.0107036772933498
0.0445319205180903
0.0822942050354432
0.123645380066763
0.168205921020401
0.215564900153632
0.265283218580172
0.316897078333723
0.369921671303163
0.423855060043799
0.478182223755772
0.532379241120253
0.585917580213001
0.638268464389844
0.688907281877477
0.737318005823389
0.782997590778717
0.825460311025045
0.864242005827664
0.898904196619803
0.929038041309668
0.954268091368038
0.974255818109971
0.988702875638727
0.99735406927968
1
0.99647935728647
0.986680835235376
0.970544649188192
0.948063633113745
0.919283901077029
0.884305059528203
0.843279960769904
0.796413991790424
0.743963896654501
0.686236134788714
0.623584781748086
0.556408983364632
0.485149978515214
0.410287710060606
0.33233704775462
0.251843651054153
0.169379503731083
0.085538155947285
0.000929712958402273
-0.0838243871852138
-0.16809676171398
-0.251259589292194
-0.332690184500958
-0.411776589311016
-0.487923129100409
-0.560555880177881
-0.629127995710034
-0.693124837432033
-0.752068861555916
-0.805524208879118
-0.853100951233575
-0.89445894909142
-0.929311278338967
-0.957427187921765
-0.978634554219419
-0.992821802592635
-0.999939271513959
-1
-0.993079924653671
-0.97931747844298
-0.958912589327436
-0.932125082930188
-0.899272499577668
-0.860727342121151
-0.816913776947897
-0.768303816415563
-0.715413016535001
-0.658795729018344
-0.599039951738662
-0.536761826155404
-0.472599834291358
-0.407208751351992
-0.341253413012495
-0.275402358723361
-0.210321414070772
-0.146667276248891
-0.0850811670411601
-0.0261826173576692
0.0294365536648564
0.0812180037179568
0.128642317640792
0.171234087150608
0.208566567782142
0.240265865060905
0.266014606693399
0.285555062794871
0.298691681835149
0.305293016003015
