0.384635037534171
0.379872809563348
0.370409649429646
0.35636741042486
0.337927035841362
0.315326380538716
0.288857348573735
0.258862382356496
0.225730346777734
0.18989185916548
0.151814122674629
0.111995326705198
0.0709586831069222
0.0292461711943783
-0.012587932084592
-0.0539836581533593
-0.09438200899264
-0.133231595225318
-0.169995170549063
-0.204155984706026
-0.235223879897646
-0.262741059207571
-0.286287460131688
-0.305485671664882
-0.320005339481999
-0.329567010489077
-0.333945375315309
-0.332971875064873
-0.326536646743856
-0.314589790110371
-0.297141947152894
-0.274264193869609
-0.246087252387856
-0.212800039618226
-0.174647576476955
-0.131928289133439
-0.0849907406541723
-0.0342298377356698
0.0199174371280655
0.0769767127780907
0.136441276424611
0.197777417879838
0.260430005841126
0.323828229505963
0.387391438111103
0.450535011171741
0.512676193233345
0.573239828807129
0.631663935797625
0.687405059094626
0.73994335002992
0.788787322021325
0.833478237865355
0.873594089712093
0.908753138674009
0.938616987193881
0.962893163633185
0.981337204948977
0.99375422971271
1
0.999981476760828
0.993656879085157
0.98103526323562
0.962175642360124
0.937185672364497
0.906219933468836
0.869477840450776
0.827201217464039
0.779671575590919
0.72720713293286
0.670159618063763
0.608910898076405
0.543869472262534
0.475466871710604
0.404154003818399
0.33039747894541
0.254675954222817
0.177476526953782
0.0992912071348031
0.0206134954744543
-0.0580649100541707
-0.136257259548899
-0.213484732331729
-0.289279241342312
-0.36318605160728
-0.434766206894745
-0.503598761742302
-0.569282818881148
-0.631439374624999
-0.68971297701382
-0.743773203369883
-0.79331596541643
-0.838064651214288
-0.877771113884782
-0.91221651741202
-0.941212049765864
-0.96459951317863
-0.982251800670435
-0.994073266884077
-1
