-1
-0.988057187893525
-0.964320993439313
-0.929088210358729
-0.882798894976972
-0.826030289311456
-0.759488857486942
-0.684000551883808
-0.600499451194741
-0.51001493618767
-0.413657590093851
-0.312604028842904
-0.208080881577806
-0.101348153776488
0.00631778629216817
0.113641352263027
0.219364768897857
0.322264741797017
0.421168529784593
0.514969191917005
0.602639794213706
0.683246377532847
0.755959507258249
0.820064247326278
0.874968425262263
0.920209080941724
0.955457019339433
0.980519416154586
0.995340454463144
1
0.994710351863846
0.979811133921338
0.955762419531707
0.923136208004443
0.882606395052341
0.834937401052749
0.780971639860529
0.721616026947845
0.657827738545213
0.590599443041211
0.520944232032963
0.44988048102801
0.378416868857525
0.307537780403341
0.238189309353824
0.171266066526178
0.107598985016012
0.0479442962971355
-0.007026168322397
-0.0567332184568646
-0.100696979058684
-0.138541915336994
-0.170000151533144
-0.194913054109678
-0.213231077373318
-0.225011896844579
-0.230416882378734
-0.229705988717503
-0.223231165408652
-0.211428410496248
-0.194808612712071
-0.173947344778301
-0.149473785592942
-0.122058961286387
-0.0924035042317243
-0.0612251349348413
-0.0292460742471944
0.00281940748826126
0.0342771018980854
0.0644644395716301
0.0927613479966047
0.118600219247082
0.141474832319638
0.160948093512018
0.176658478840655
0.188325084856027
0.195751217968404
0.198826477150395
0.197527310231064
0.191916049525517
0.182138457838191
0.16841984052712
0.151059802921429
0.130425754564337
0.106945282152253
0.081097531330163
0.0534037533923493
0.0244171861732077
-0.00528755121340052
-0.0351253627780344
-0.0645116879812144
-0.0928734297434497
-0.119659608094018
-0.144351554768191
-0.166472472487851
-0.185596194011105
-0.201354990121132
-0.213446292306938
-0.221638214692606
-0.225773780484511
