0.0192725858211606
0.0271364610832308
0.0427374670606051
0.0658241749879487
0.096024559250419
0.132852045752029
0.175713423545225
0.223918491852569
0.276691286528728
0.33318270442696
0.392484321459291
0.453643180737964
0.515677311369386
0.577591726495781
0.638394641237785
0.69711364741287
0.752811582352815
0.80460183381431
0.851662831798524
0.893251490930269
0.928715383693383
0.957503445013162
0.979175032099742
0.993407189746716
1
0.998879925816601
0.990101090533037
0.973844468146167
0.950414993046101
0.920236631395344
0.883845489284252
0.841881064584003
0.795075779555409
0.744242959272005
0.690263446329085
0.634071064727527
0.57663716488029
0.518954497081254
0.462020672249134
0.406821476124387
0.354314306229559
0.305411999746271
0.260967315025297
0.221758319808524
0.188474925548088
0.161706789668306
0.141932786501059
0.129512223262978
0.124677950212933
0.127531484456745
0.138040235217823
0.156036885264612
0.181220949099531
0.213162494006698
0.251307975671815
0.294988106370723
0.343427641207185
0.395756937081293
0.451025110476941
0.508214594225599
0.56625687054853
0.624049138266843
0.680471656411461
0.734405494817148
0.784750414837813
0.83044260020005
0.870471959276117
0.903898725695404
0.929869094145135
0.947629642289421
0.956540307748269
0.956085710750125
0.945884638070702
0.925697531812194
0.895431857028798
0.855145254695322
0.805046420541413
0.745493685305751
0.676991307457438
0.600183524832537
0.515846446390136
0.424877898861706
0.328285374924874
0.227172259179604
0.122722535176425
0.0161842006195621
-0.0911483617327024
-0.197952793343877
-0.302897672678008
-0.404661646518445
-0.501952490964098
-0.593525813796031
-0.678203114912709
-0.754888930913852
-0.822586803528469
-0.880413829223625
-0.927613568726082
-0.963567120009026
-0.987802186157688
-1
