0.503815195670249
0.507610881978271
0.515112686008161
0.526142956985007
0.540438911420581
0.557656999391726
0.577378619112261
0.599117090122832
0.622325775654899
0.646407226662964
0.670723203944508
0.694605420930217
0.717366838343431
0.738313333174192
0.756755558425896
0.772020806963975
0.783464692574376
0.790482464027612
0.792519773499031
0.789082729030284
0.779747071700111
0.76416633163222
0.742078832693859
0.713313433484563
0.677793911703469
0.635541919910967
0.586678462740024
0.531423868420329
0.470096250699135
0.403108480514702
0.330963709739299
0.254249511601905
0.173630723679754
0.0898410992825045
0.00367389133433216
-0.0840284907951371
-0.172385596902583
-0.260490657645242
-0.347422736791479
-0.432259132060598
-0.51408783896557
-0.592019891327052
-0.665201394263149
-0.732825070439042
-0.794141148101772
-0.848467429802844
-0.895198393558668
-0.933813193311398
-0.963882442690571
-0.985073684967926
-0.997155472445501
-1
-0.993584259786593
-0.977989706832885
-0.953400448072532
-0.920099989920879
-0.878466601429645
-0.82896737103239
-0.772151054580859
-0.708639830469093
-0.639120093867594
-0.564332436194163
-0.485060967715203
-0.402122150422999
-0.316353314931682
-0.228601038981167
-0.139709566181116
-0.050509441857559
0.0381934616808899
0.125628365382589
0.211069293940123
0.293843933495301
0.373341507971056
0.449019561854073
0.520409555376238
0.587121197583991
0.648845463427646
0.705356262416242
0.756510748223963
0.802248280552521
0.842588072199696
0.877625575312595
0.907527680880285
0.93252682432527
0.952914107288636
0.969031561096846
0.981263690706128
0.990028448934053
0.995767799334764
0.998938032021839
1
0.999409444086057
0.99760757227669
0.995012054496082
0.992008586113134
0.988943163581415
0.986115203190003
0.98377161942242
0.982101963040069
0.981234701002591
