-0.263868336703611
-0.267674197130955
-0.275182318114045
-0.286187429625185
-0.30038641824155
-0.317383986145073
-0.336700046476643
-0.35777872964839
-0.379998847755372
-0.4026856392646
-0.425123594104648
-0.44657014049609
-0.466269959661958
-0.483469683190963
-0.497432720485485
-0.50745396053716
-0.512874093294838
-0.513093301113762
-0.507584080124631
-0.495902964693538
-0.477700945250874
-0.452732390380335
-0.420862307852267
-0.382071805881155
-0.336461644861476
-0.284253800726901
-0.225790993390471
-0.16153416693962
-0.0920579418457891
-0.0180440928627941
0.0597268610085615
0.140385836649428
0.222986989493977
0.306520963715636
0.389929390111295
0.472120410169102
0.55198498656098
0.628413745814289
0.700314088434479
0.766627295454989
0.826345358398852
0.878527261996983
0.922314455700428
0.9569452609583
0.981767976252726
0.996252460764082
1
0.992751282417681
0.974392344607087
0.944958373541789
0.904635287265232
0.853759049651238
0.792812710023616
0.722421193890052
0.643343906282721
0.556465243647142
0.46278314333705
0.363395831031689
0.259486955295607
0.152309324587999
0.0431674848805228
-0.0666006047100959
-0.175642525538631
-0.282610698402103
-0.386181737169719
-0.485075564056487
-0.578073995734593
-0.664038516196543
-0.741926963423512
-0.810808872311857
-0.869879235743527
-0.918470468862093
-0.95606238818641
-0.982290046755524
-0.996949298601456
-1
-0.991566790630205
-0.971937434432456
-0.941558737028227
-0.901030093479803
-0.851094756354645
-0.792628948956499
-0.726628981652434
-0.654196559948109
-0.576522500864497
-0.494869098813067
-0.410551403167689
-0.324917686761076
-0.239329397323269
-0.155140892226444
-0.0736792606701526
0.00377546342993473
0.0760094000902864
0.141892945741756
0.200397646301932
0.250611566236994
0.291752921556826
0.323181770788751
0.344409587235236
0.355106567791671
