1
0.996290315007464
0.988901822127573
0.977895926414358
0.963363866995712
0.945425687294327
0.924228882415125
0.89994674084683
0.872776401467657
0.842936650400613
0.810665485484334
0.776217478967609
0.7398609714618
0.701875132163467
0.662546921864241
0.622167996277619
0.581031587721345
0.539429403194919
0.497648576387225
0.455968710149347
0.414659044489018
0.373975783209646
0.334159609958073
0.295433421697229
0.258000304523422
0.222041773349039
0.187716293319664
0.155158096982893
0.124476307229955
0.0957543719476255
0.0690498122045868
0.0443942817111285
0.0217939312906383
0.00123006824072225
-0.017339903206487
-0.0339812775420635
-0.0487806001134478
-0.0618439989033805
-0.0732953215754312
-0.0832741054652506
-0.091933409839259
-0.0994375409520659
-0.105959701199874
-0.111679593985373
-0.116781015782822
-0.121449466329256
-0.125869806884562
-0.130223995120931
-0.134688923448179
-0.139434385487779
-0.144621193012122
-0.150399463007429
-0.156907091643
-0.164268428883
-0.172593164308375
-0.181975431475524
-0.192493134875082
-0.204207500318169
-0.21716284641712
-0.231386571789252
-0.246889349739544
-0.263665519511323
-0.281693660769819
-0.300937335833565
-0.321345982320356
-0.342855937349553
-0.365391573257278
-0.388866523946146
-0.413184980511203
-0.438243034657857
-0.463930048648865
-0.490130031073557
-0.516722998606023
-0.543586305087197
-0.570595920701952
-0.597627645695299
-0.624558244947381
-0.65126649176784
-0.677634111437171
-0.703546617274959
-0.728894034310963
-0.753571507933227
-0.77747979714691
-0.800525654258587
-0.822622094865959
-0.843688563947064
-0.86365100557452
-0.882441845300946
-0.899999895547481
-0.916270195358988
-0.931203796652412
-0.944757509569364
-0.956893619745978
-0.967579590233285
-0.976787760445784
-0.984495053895592
-0.99068270560036
-0.995336018955435
-0.998444160558861
-1
