0.34036938071246
0.339192737345567
0.336891797580394
0.333570079778284
0.329379944269965
0.324519153170446
0.319226383138818
0.313775774321388
0.308470616824128
0.303636292432051
0.299612603646042
0.296745634192058
0.295379294761199
0.295846714690729
0.298461644468174
0.303510035251705
0.311241960016219
0.321864036469798
0.335532504601867
0.352347101731238
0.372345865374111
0.395500979346304
0.421715761488082
0.450822872527285
0.482583805182355
0.51668969098351
0.552763439811201
0.590363204185852
0.62898713727097
0.668079390756313
0.707037276649506
0.745219495895547
0.781955317021169
0.816554570002005
0.848318304585395
0.876549948650103
0.900566791089433
0.919711605369996
0.93336422450457
0.940952875797979
0.941965084445303
0.93595795889784
0.922567677830163
0.901518008457331
0.872627698732443
0.835816601421931
0.791110405985801
0.738643874318246
0.67866249842964
0.611522521740391
0.537689290450567
0.457733927064205
0.372328344186909
0.282238642772569
0.188316964660334
0.0914918941099265
-0.0072424732841988
-0.106838653821801
-0.206208930425927
-0.3042393603269
-0.399804441813089
-0.491782233635295
-0.57906971116077
-0.660598137086675
-0.735348221562722
-0.80236484700981
-0.860771136773955
-0.909781653988837
-0.948714527549065
-0.977002315782046
-0.994201435061881
-1
-0.994223943697306
-0.976841310534971
-0.947964639765209
-0.907851385359496
-0.85690234577676
-0.795658106107651
-0.724793524002079
-0.645110319460292
-0.557527856530089
-0.463072231780535
-0.36286380970754
-0.258103368582925
-0.150057041327653
-0.0400402544472023
0.070599116373711
0.180498143001865
0.288296553816047
0.392654509205295
0.492270195894486
0.585896993987193
0.67235997582024
0.750571504464816
0.819545711863153
0.878411651984097
0.92642494279273
0.962977731990052
0.987606845078412
1
