0.161218155789789
0.168577824313372
0.18317349748395
0.204759711614176
0.232972903116304
0.267336888247692
0.307270039753615
0.352094051813962
0.401044160710978
0.453280666679566
0.507901582815784
0.563956220002347
0.620459502820023
0.676406800563418
0.730789049932572
0.782607941840947
0.830890944125528
0.874705934772136
0.913175226530916
0.945488773392648
0.970916362173879
0.988818608216751
0.998656592700794
1
0.992533636572666
0.976062237685287
0.950513494459723
0.915939260888913
0.872514928170276
0.820536981529422
0.760418782220722
0.692684644172
0.617962300376714
0.536973878235559
0.450525525242309
0.359495846358021
0.264823331821284
0.167492968737892
0.0685222413634941
-0.0310532666327792
-0.130194449577074
-0.227873216850436
-0.323086771302005
-0.414871415803831
-0.502315683091742
-0.584572595522993
-0.660870875808224
-0.730524946907459
-0.79294357884091
-0.847637061841331
-0.894222808719367
-0.932429314153985
-0.962098424462912
-0.983185897844727
-0.995760261698433
-1
-0.996189129435395
-0.984711247654638
-0.966042160237613
-0.940741214389909
-0.909441486685351
-0.872838989045262
-0.831681071336175
-0.786754210264139
-0.738871382477824
-0.688859224846197
-0.637545186682241
-0.585744877226231
-0.534249807016719
-0.483815713951817
-0.435151654014507
-0.388910022988018
-0.345677659249254
-0.305968159169412
-0.270215516076588
-0.238769171482517
-0.211890543707325
-0.189751074535245
-0.17243180949757
-0.159924502211214
-0.152134208307605
-0.148883310267743
-0.149916891323475
-0.154909354863186
-0.163472165838949
-0.175162572829303
-0.18949315395042
-0.205942016972846
-0.223963473992933
-0.242999003983332
-0.262488312612906
-0.281880297940801
-0.300643732958675
-0.318277481435055
-0.334320072012111
-0.348358466874671
-0.360035875364876
-0.369058479420999
-0.375200956403674
-0.378310705430149
