0.468117651378134
0.467467452323231
0.46619867476608
0.464373902188291
0.462085377129322
0.459453073634165
0.456622179405927
0.453760031321967
0.451052557528645
0.448700288012748
0.446914003214213
0.445910096767924
0.445905733733735
0.447113889605208
0.449738357912034
0.453968815304758
0.459976032612562
0.467907318498485
0.477882279028474
0.489988971771053
0.50428052702587
0.520772301535962
0.539439621684206
0.56021616384114
0.582993009367383
0.607618400940851
0.633898215549985
0.66159715785038
0.690440665810474
0.72011750886147
0.750283047306296
0.78056311071746
0.810558442642781
0.839849649310827
0.868002581341695
0.894574069866424
0.919117932065762
0.941191156063182
0.960360171434289
0.976207109389412
0.988335955989238
0.996378502582195
1
0.998904426883338
0.99283928777841
0.981599863269584
0.965032842294378
0.943039275805203
0.915576800960152
0.882661095888687
0.844366536619984
0.800826039803123
0.752230087202225
0.698824940423611
0.640910066731099
0.578834808935585
0.512994344015446
0.443824986151381
0.371798900068893
0.297418299811996
0.221209216176042
0.143714922876412
0.0654891170128802
-0.0129110465820993
-0.0909319650158431
-0.168030537990233
-0.243680957040058
-0.317381233172229
-0.388659366485025
-0.457079066599167
-0.522244939397752
-0.58380706354931
-0.641464889456638
-0.694970403493551
-0.744130511506109
-0.788808607393421
-0.828925304963789
-0.864458323993954
-0.895441534305808
-0.921963174517161
-0.944163274722042
-0.962230324516325
-0.976397239317726
-0.98693668865602
-0.994155859863153
-0.998390739221755
-1
-0.999358592795731
-0.996851138139365
-0.992865224292398
-0.987784714578919
-0.981983168378915
-0.975817478096529
-0.969621821021165
-0.963702020076169
-0.958330401074301
-0.953741226369468
-0.950126775829371
-0.947634135992161
-0.946362747267379
