1
0.99542401191713
0.986343625834048
0.972900857911341
0.955305840896977
0.933833405895118
0.908818609785232
0.880651279468685
0.849769659781672
0.81665326620268
0.781815056174046
0.745793043749655
0.709141491202321
0.67242181803356
0.636193372417523
0.601004212406838
0.567382044194469
0.53582546236235
0.506795632391473
0.480708548832164
0.45792799354563
0.43875930746973
0.423444076605864
0.412155818570638
0.404996740331656
0.401995620899015
0.403106855038374
0.408210675786717
0.417114554976383
0.429555762399304
0.445205045964469
0.463671377505623
0.484507692062042
0.507217532748449
0.531262498998383
0.556070383234744
0.581043870092623
0.605569663365373
0.629027899006643
0.650801697906718
0.670286709844163
0.686900500030169
0.70009163201339
0.709348305360571
0.714206413400281
0.714256895305422
0.709152267753913
0.698612234173449
0.682428283944983
0.660467209684492
0.632673487595981
0.599070483625345
0.559760466465376
0.514923427079004
0.464814723027702
0.409761584222251
0.35015853446535
0.286461800050774
0.219182792456414
0.148880766570531
0.0761547686958148
0.00163499958319013
-0.0740262732160283
-0.150164112466581
-0.226110471917532
-0.30120377219589
-0.374798343520588
-0.446273589085115
-0.515042727505666
-0.580560979503323
-0.64233307287594
-0.699919950677177
-0.752944580184901
-0.801096774508386
-0.844136954328091
-0.881898794036086
-0.914290714184447
-0.941296200374762
-0.962972947246491
-0.979450844753052
-0.990928842159781
-0.997670742869404
-1
-0.998293598342041
-0.992975122657869
-0.984507125032785
-0.973382914941161
-0.960117904681227
-0.945240649717053
-0.929283728137653
-0.91277460582796
-0.89622663400767
-0.88013032353125
-0.864945035792303
-0.851091223310302
-0.838943344205165
-0.828823563925829
-0.820996344964913
-0.815664011062761
-0.812963356806092
