0.707906233305085
0.70614773100356
0.702679506735637
0.697598125911886
0.691045966074476
0.683208301127102
0.674309494297628
0.664608367233136
0.654392827342548
0.643973848845718
0.633678914735415
0.623845036811671
0.614811478937328
0.606912314552121
0.600468953167315
0.595782771976717
0.593127987832981
0.59274490165801
0.594833641928363
0.599548526282771
0.606993150657112
0.61721630381367
0.630208791879378
0.645901242753086
0.664162944221418
0.68480175259417
0.707565090908696
0.732142037546227
0.758166487747814
0.785221352313347
0.812843740012171
0.84053105322059
0.867747910311343
0.893933793619056
0.918511308639911
0.940894928716121
0.960500090001148
0.976752494164929
0.989097471210656
0.99700925203195
1
0.997628452954864
0.989508031465393
0.975314276061217
0.954791485233498
0.927758437217608
0.894113091745438
0.853836182890078
0.806993630595437
0.753737716236037
0.694306986315019
0.629024867890847
0.558296999222418
0.482607299127179
0.402512818343465
0.31863743546427
0.231664478459652
0.142328370135086
0.0514054118057934
-0.0402961662545913
-0.131946746640636
-0.222706307664602
-0.311735687936097
-0.3982079677377
-0.481319799120042
-0.560302516058476
-0.634432858015034
-0.703043144816171
-0.765530747830561
-0.821366711915252
-0.87010339435779
-0.911381000905907
-0.944932914741491
-0.970589731687681
-0.988281933776823
-0.99804115326953
-1
-0.994390446215148
-0.98154078455134
-0.961871196125135
-0.935887986577365
-0.904176567983206
-0.867393283516276
-0.826256189339717
-0.781534924120031
-0.734039810573264
-0.684610345339907
-0.634103243058532
-0.583380207618133
-0.533295608101603
-0.484684238813995
-0.438349341985237
-0.395051068255266
-0.355495543938429
-0.320324705411941
-0.290107049907829
-0.265329438673485
-0.246390073101844
-0.233592747248691
-0.227142461410121
