0.307810095588386
0.314123157460495
0.326638856592906
0.345138079459886
0.369296467856084
0.398689517770507
0.432799253113444
0.471022369871342
0.512679723264255
0.557027009478752
0.603266474875397
0.6505594695166
0.698039648679474
0.744826615915454
0.790039794351937
0.832812309408131
0.872304665972241
0.907718006361279
0.938306742005904
0.963390361666083
0.982364231933262
0.994709221607077
1
0.997911880031094
0.98822609979278
0.970833460753361
0.945736266507978
0.913048532607139
0.872994465056597
0.825905232170205
0.77221408114301
0.712449876576449
0.647229162825417
0.577246875061656
0.503265844998767
0.426105265971414
0.346628298211796
0.265729008467881
0.184318848352865
0.103312882844734
0.0236159840599746
-0.0538907942495778
-0.128363449086129
-0.199007661482311
-0.265090634286904
-0.325951950780634
-0.381013286016025
-0.42978682097643
-0.471882230190039
-0.507012135990063
-0.534995946825667
-0.555762022517445
-0.569348135713657
-0.575900225623447
-0.57566946695791
-0.569007703476016
-0.556361321193285
-0.538263660762901
-0.515326091397043
-0.488227889601473
-0.457705084620602
-0.424538448541366
-0.389540822230984
-0.353543978479546
-0.317385230724709
-0.281893999444448
-0.247878548658734
-0.216113101979112
-0.187325541336413
-0.16218588200329
-0.141295704962723
-0.125178712256883
-0.114272552928506
-0.108922046826145
-0.109373911208537
-0.115773071106628
-0.128160609165004
-0.146473384587698
-0.170545324270338
-0.200110362631736
-0.23480698048409
-0.274184267916174
-0.31770941200969
-0.364776487647097
-0.414716409056696
-0.466807881402835
-0.52028917595566
-0.574370539414555
-0.628247038016511
-0.681111630291705
-0.732168258839376
-0.780644751342068
-0.825805324216574
-0.866962488763981
-0.903488169325669
-0.934823855622916
-0.960489626953233
-0.980091903990123
-0.993329804297301
-1
