1
0.997513285030656
0.992564512806943
0.985202664028395
0.975500377711709
0.96355296610231
0.949477123262421
0.933409345806161
0.91550408835202
0.895931680029136
0.874876031750887
0.852532166907821
0.829103610589005
0.804799674381016
0.779832675189051
0.754415127355738
0.728756947608876
0.703062712047371
0.677529003481268
0.652341885991998
0.627674541595858
0.603685101408713
0.580514700761409
0.558285784349075
0.537100683765035
0.517040485728373
0.498164205024967
0.480508271709878
0.464086337531979
0.448889401908624
0.43488625316836
0.422024216262054
0.410230193784297
0.399411983012069
0.389459847816954
0.380248320796823
0.371638207853513
0.363478764758883
0.355610013040509
0.347865160810096
0.340073092974926
0.332060894629332
0.323656371325217
0.314690530365335
0.304999988239621
0.294429270814291
0.282832974858916
0.270077761924254
0.256044158422332
0.24062813896334
0.223742473519013
0.205317822752609
0.185303569821181
0.163668381053472
0.140400492072158
0.11550772009696
0.0890172072708535
0.0609749038317855
0.0314448037462505
0.000507948971220973
-0.0317387782359115
-0.0651840526317147
-0.0997036680772289
-0.135162237459321
-0.171415001852826
-0.20830971916254
-0.245688601800969
-0.283390272768333
-0.321251709803521
-0.359110148059004
-0.396804913001281
-0.434179156926787
-0.471081474579419
-0.507367375821937
-0.542900596105725
-0.577554228552972
-0.611211664759286
-0.64376733488701
-0.675127241191305
-0.705209282742553
-0.733943372719305
-0.761271353186026
-0.787146715680868
-0.811534139164792
-0.834408859872016
-0.855755890304664
-0.875569106988304
-0.893850228612127
-0.910607707786454
-0.925855560836391
-0.939612160796356
-0.951899019065723
-0.962739581028566
-0.97215806033532
-0.980178335503877
-0.986822931041741
-0.99211210344632
-0.996063050240172
-0.998689257681353
-1
