0.576781081770372
0.580148663729191
0.586830891292597
0.596722703324285
0.609668524286242
0.625464648101349
0.643862358010857
0.664571733370974
0.687266083540487
0.71158693916571
0.73714952242597
0.763548610300579
0.790364698775421
0.817170371221233
0.843536771020349
0.869040076944068
0.893267879813916
0.915825360616143
0.936341173454186
0.954472941467422
0.969912280041356
0.982389269186245
0.991676305748573
0.997591276003494
1
0.99881791062255
0.99401094250977
0.985595618539597
0.973638334351793
0.95825385413086
0.939603043412925
0.917889876810258
0.893357770074467
0.866285296661046
0.836981358743473
0.805779891298967
0.773034185312446
0.739110922202156
0.704384016163139
0.669228364180066
0.634013604929568
0.599097987650452
0.564822450309235
0.531505003055497
0.499435508098505
0.468870940819754
0.440031209264724
0.413095600252106
0.388199910340371
0.365434308957536
0.344841969303
0.326418490355199
0.310112120659523
0.295824781727871
0.283413876057446
0.272694852175337
0.263444486936466
0.255404833739197
0.248287774558542
0.241780103902901
0.235549064132351
0.229248244172994
0.22252374764124
0.215020531850687
0.206388816185949
0.196290456941362
0.184405185961556
0.170436612283699
0.154117889440211
0.135216956083261
0.113541264061417
0.0889419159141889
0.0613171428300761
0.0306150642967602
-0.00316431820089957
-0.0399679291821101
-0.0796892521363999
-0.122168797850901
-0.167195405438126
-0.214508360365304
-0.263800300970673
-0.314720872560626
-0.366881076409057
-0.419858250011799
-0.473201604957573
-0.526438239919647
-0.579079538689357
-0.630627856983593
-0.680583397061275
-0.728451166053558
-0.773747912399061
-0.816008934903751
-0.854794660714211
-0.8896968918764
-0.920344625097677
-0.946409355761324
-0.967609785060533
-0.983715858201123
-0.994552071827936
-1
