-1
-0.991862433421398
-0.975657799923159
-0.951526392365739
-0.919676891988121
-0.880384281300474
-0.833987098558449
-0.780884065167101
-0.721530124447073
-0.656431936793931
-0.586142882291007
-0.51125762722222
-0.432406315608253
-0.350248450800909
-0.265466535270819
-0.178759538977873
-0.09083626809856
-0.00240870638803303
0.0858145989228922
0.173135036042539
0.258870243784894
0.342360177332822
0.422972862615011
0.500109781698058
0.573210836628122
0.641758844766363
0.705283524770245
0.763364938894076
0.815636364127617
0.86178657176867
0.901561502239673
0.934765329214278
0.961260914322976
0.980969660764698
0.993870780974359
1
0.999447722347987
0.992356695688396
0.978919209910036
0.959373874519178
0.934002021240494
0.903123781865143
0.867093893871714
0.82629728810332
0.781144513811594
0.73206705667872
0.679512605015527
0.623940318229918
0.565816149898043
0.505608275391339
0.443782671064809
0.380798888551303
0.317106063794909
0.253139196160667
0.189315728348352
0.126032452988471
0.063662766784111
0.00255428795822987
-0.0569731523524871
-0.114629139176141
-0.170153922606703
-0.223319290614187
-0.273929074330306
-0.321819298543641
-0.366857993944423
-0.408944691061223
-0.448009618795336
-0.484012632956665
-0.516941902218678
-0.546812380429172
-0.573664095235882
-0.597560283517329
-0.618585404163335
-0.636843058347385
-0.652453846602335
-0.665553190785843
-0.676289147441959
-0.684820237174652
-0.691313312495732
-0.695941484244469
-0.698882124152092
-0.700314958494939
-0.700420265099189
-0.699377183280498
-0.697362143674519
-0.69454742238716
-0.69109982151128
-0.687179475859348
-0.682938783784808
-0.678521458238088
-0.674061692750189
-0.669683435874911
-0.665499766760955
-0.661612363971557
-0.658111059419563
-0.655073469331187
-0.652564694476857
-0.650637082491791
-0.64933004592593
-0.648669930681478
