-0.792376174004945
-0.786480596603857
-0.774803980295015
-0.757573360483076
-0.735124220631858
-0.70789450420593
-0.676416788111143
-0.641308749336903
-0.603262085350227
-0.563030075016584
-0.521413989995183
-0.479248586296068
-0.437386921667413
-0.396684756438821
-0.357984803179769
-0.322101093909454
-0.289803732553034
-0.261804294888945
-0.238742128452916
-0.221171790907025
-0.209551847464518
-0.204235226365558
-0.205461306467466
-0.213349883141803
-0.227897128304287
-0.248973628027478
-0.276324547319272
-0.309571936836291
-0.34821916110063
-0.391657392768665
-0.439174083228017
-0.489963286828691
-0.543137684922723
-0.597742127101273
-0.65276848105032
-0.707171559723685
-0.75988587543163
-0.809842955284885
-0.855988941475165
-0.897302193305757
-0.93281060583128
-0.961608362474742
-0.982871846040154
-0.995874444035683
-1
-0.994754682348827
-0.979777065830737
-0.954846247641257
-0.919887850178079
-0.874977794864853
-0.820343765922729
-0.756364318890348
-0.683565625522274
-0.602615883854753
-0.51431745913122
-0.419596857345189
-0.319492667813901
-0.215141643891339
-0.107763121142552
0.00135800045166756
0.110889459848578
0.219470753394124
0.325732881978451
0.428318428958456
0.525901663944961
0.61720836529413
0.701035056643432
0.776267360069705
0.841897180324192
0.897038450947956
0.940941193651398
0.973003666847831
0.992782407295429
1
0.994550445389063
0.976502028769108
0.946097634671632
0.903752487302752
0.850049337341819
0.785731154184898
0.711691420799044
0.628962165053907
0.538699896159264
0.442169647120719
0.340727353428397
0.235800824057975
0.128869582885115
0.0214438764474161
-0.0849568426488713
-0.188825638699982
-0.288689700419418
-0.383131512195182
-0.470809274201766
-0.550476267188625
-0.6209988731137
-0.681372982544069
-0.730738543607755
-0.768392034888739
-0.793796675591134
-0.806590220086739
