0.616741365710135
0.619508523908793
0.624945331858893
0.63285869369788
0.642963734816038
0.654889431922883
0.668185966528328
0.682333673733354
0.696753430226685
0.710818299974946
0.723866233697791
0.735213599211357
0.744169304423121
0.750049263428665
0.752190948991411
0.749967771807755
0.742803028430415
0.730183165529214
0.711670118227605
0.686912494412048
0.655655394949853
0.617748681385738
0.573153527575266
0.521947119458022
0.464325397330852
0.400603767067367
0.331215740227109
0.256709497364874
0.177742403530368
0.0950735393766369
0.00955434491065432
-0.0778824948295905
-0.166235762530642
-0.25444983219075
-0.341429990838937
-0.426058723869674
-0.507212711312081
-0.583780268151858
-0.654678951837435
-0.718873054512492
-0.775390696438779
-0.823340240547982
-0.86192575605869
-0.89046127151145
-0.908383574237628
-0.915263333944183
-0.910814352459799
-0.894900769381058
-0.867542083959448
-0.828915886611643
-0.779358228407109
-0.719361593246167
-0.649570474621647
-0.570774596276347
-0.483899853138606
-0.389997085054395
-0.290228830464005
-0.185854239743191
-0.0782123579216528
0.0312959865768436
0.141227427095006
0.250116158173683
0.356494594278947
0.458914281967937
0.555966753411983
0.646304007745571
0.728658310079399
0.801861006175022
0.864860063622394
0.916736067712083
0.956716421802168
0.984187527530201
0.998704749335305
1
0.987986818811637
0.962762850952761
0.924609675297313
0.87398996732885
0.811542023804578
0.738071715454539
0.654541972820346
0.562059947705795
0.461862028056553
0.355296916862087
0.243807015372253
0.128908377082349
0.01216952115597
-0.10481058812321
-0.220425075934097
-0.333081877042376
-0.441226309345652
-0.543363170084201
-0.638078030307621
-0.724057414425075
-0.800107567631992
-0.865171534462446
-0.918344296358618
-0.958885744606485
-0.986231296831622
-1
