1
0.997834366278547
0.993513889456218
0.987059967011536
0.978504239458095
0.967888053798227
0.955261765089397
0.940683890259521
0.92422013134678
0.905942288061619
0.885927081922382
0.864254916156462
0.841008597048388
0.816272043424972
0.790129011473905
0.762661862083348
0.733950397362094
0.704070791958232
0.673094643253109
0.641088162489995
0.608111526434777
0.574218406298999
0.539455687430562
0.503863389748065
0.467474795120538
0.430316783939404
0.39241037906166
0.353771491193336
0.314411855701952
0.274340146868391
0.233563251783606
0.192087682532902
0.149921102056138
0.10707393618732
0.0635610419175532
0.0194033999406142
-0.025370201927626
-0.070721528782118
-0.116601336781788
-0.162947923841009
-0.209685826429835
-0.256724694611543
-0.303958375423243
-0.351264232124743
-0.398502723734979
-0.445517265685716
-0.492134388398795
-0.538164206193597
-0.583401204220115
-0.627625346160476
-0.670603500323061
-0.712091176547502
-0.75183456112705
-0.789572831819597
-0.82504073004249
-0.857971362610062
-0.888099200954915
-0.915163241748671
-0.938910289274402
-0.959098316864052
-0.975499862255475
-0.987905409892467
-0.996126712025591
-1
-0.99938903735723
-0.994187967338213
-0.984323909051504
-0.969759258949362
-0.950493657309934
-0.92656558312069
-0.898053545050876
-0.865076841033997
-0.827795864291464
-0.7864119393441
-0.74116667760091
-0.692340848400494
-0.640252767821559
-0.585256214083717
-0.527737884835095
-0.468114417975829
-0.406829003803733
-0.344347622100527
-0.281154943217546
-0.217749937188012
-0.154641239313641
-0.0923423244795579
-0.031366545584226
0.0277779061189964
0.0845930593240256
0.138596179315722
0.189324682602573
0.236340889948618
0.279236559784283
0.317637146334065
0.351205729916989
0.379646570713001
0.402708241794351
0.420186302335062
0.431925477564357
0.43782131814435
