0.422146183390137
0.426312765089568
0.434588946404018
0.44686144667521
0.462962045065566
0.482669596700019
0.505712681138943
0.531772849828908
0.560488431689544
0.591458849055015
0.624249389890037
0.658396376625816
0.693412667184084
0.72879341983883
0.764022050555154
0.798576309379487
0.831934401358697
0.86358107734723
0.893013620917602
0.919747659402998
0.9433227298408
0.963307534209378
0.979304822801987
0.990955849794706
0.997944350963188
1
0.99690130688696
0.988477929185426
0.974612374817271
0.955241082812482
0.930354876486105
0.899998791468056
0.864271288835553
0.823322871184543
0.777354126722398
0.726613233274765
0.671392960386822
0.612027213384542
0.548887168274869
0.482377050646119
0.412929615233292
0.341001385501172
0.267067714447135
0.191617728823869
0.115149219130579
0.0381635370328108
-0.0388394396292496
-0.115366216359729
-0.190934411172899
-0.265077252200651
-0.337347796816941
-0.40732283016681
-0.474606406251569
-0.538833000351768
-0.599670247476602
-0.656821247620508
-0.710026424792193
-0.759064932965836
-0.803755608198198
-0.843957472071518
-0.87956979727751
-0.910531751475449
-0.936821640466904
-0.958455776168606
-0.975486998779567
-0.988002885884258
-0.996123683976056
-1
-0.999810291987476
-0.995758198684677
-0.988069748268878
-0.976990485819205
-0.962782558188755
-0.945721793348939
-0.926094809189314
-0.904196184208885
-0.880325719586489
-0.854785818832135
-0.827879007666267
-0.799905613020815
-0.771161616177457
-0.741936691128066
-0.712512435332286
-0.683160796228137
-0.65414269319075
-0.62570683119464
-0.598088699274021
-0.571509744044703
-0.546176706094222
-0.522281105000317
-0.499998857129626
-0.479490009217525
-0.460898570046666
-0.444352422326692
-0.429963297123019
-0.417826793871324
-0.408022430121329
-0.400613706645202
-0.395648175382058
-0.393157499823496
