1
0.995393856605469
0.986225987206726
0.972584704391456
0.954601178264655
0.932447896601031
0.906336642580112
0.876516016013858
0.843268529780655
0.806907318549115
0.767772501737176
0.726227246941121
0.682653583727942
0.637448020664798
0.591017020722556
0.54377239170844
0.496126649137938
0.448488408941725
0.401257866623541
0.354822417954865
0.309552474037361
0.265797520620215
0.223882467971979
0.184104333429541
0.146729294042681
0.111990141570552
0.0800841665419221
0.0511714922442075
0.0253738734413615
0.00277396842397404
-0.0165849132459592
-0.0326985911306442
-0.0456013323555693
-0.0553647238503321
-0.0620961197121883
-0.065936690208959
-0.0670591036980877
-0.0656648770017523
-0.0619814334904772
-0.0562589112445873
-0.0487667661483424
-0.0397902165994709
-0.0296265776708496
-0.0185815330350716
-0.00696539276052921
0.00491061577686236
0.0167379781255677
0.0282144005031195
0.0390471540979411
0.0489562181643748
0.0576771877992532
0.0649639163392604
0.0705908667008877
0.0743551506279756
0.07607823964192
0.0756073364311218
0.0728164003932192
0.0676068259809237
0.0599077773264183
0.0496761872599762
0.0368964332293313
0.021579706706085
0.00376309637866656
-0.0164915912705967
-0.0390992475651635
-0.0639530846198176
-0.0909264350841191
-0.119874696709832
-0.150637389040875
-0.183040289294045
-0.216897614795591
-0.252014220144353
-0.288187778560245
-0.325210918613491
-0.362873289674677
-0.400963531931728
-0.439271129635462
-0.477588129304459
-0.515710707883201
-0.553440579243182
-0.590586230882354
-0.626963986150785
-0.662398890748131
-0.696725425541301
-0.729788050881904
-0.761441590509494
-0.791551465760323
-0.819993793119629
-0.846655360122065
-0.871433496190406
-0.894235856184824
-0.914980135199334
-0.933593733481672
-0.950013390269042
-0.964184804833676
-0.976062262135545
-0.985608279208568
-0.99279328679176
-0.997595358794726
-1
