-1
-0.989814476827748
-0.969556541042386
-0.93945092834566
-0.899831049949063
-0.851134620808927
-0.793897928070177
-0.728748821386682
-0.656398524896335
-0.577632387253428
-0.493299701013061
-0.40430273560248
-0.311585138912223
-0.216119871038379
-0.11889683978369
-0.0209104110941083
0.0768530313786386
0.173427304947604
0.267878256236384
0.359315037189922
0.446900675646819
0.529861798493768
0.607497378589726
0.67918639165205
0.744394285906349
0.802678185260092
0.853690765790761
0.897182765151337
0.933004104786438
0.961103625313092
0.981527455740568
0.994416057077214
1
0.998594554358175
0.990593185076998
0.97646006427271
0.956721722862445
0.9319579764577
0.902792269703306
0.869881590335241
0.833906108985405
0.795558703101377
0.75553452325418
0.714520757594121
0.673186745339051
0.632174583031667
0.592090358008954
0.553496132246083
0.516902786657839
0.482763821278826
0.451470190738682
0.423346237359334
0.398646766302893
0.377555288776698
0.360183440649241
0.346571565241494
0.336690430824946
0.330444035764925
0.327673437569072
0.328161526593209
0.331638651057831
0.337788987551783
0.346257540532317
0.356657645629829
0.368578844956232
0.38159499818929
0.395272491017065
0.409178402596809
0.422888495994674
0.435994900074313
0.448113357906782
0.458889925360596
0.468007013947805
0.475188684069062
0.480205108311602
0.482876139180465
0.483073931337944
0.48072458482735
0.475808792592905
0.468361492599664
0.458470541726748
0.44627444507722
0.431959190150214
0.415754250198209
0.397927834803896
0.378781478035719
0.358644065281045
0.337865408839852
0.316809489447747
0.295847485974311
0.275350718534033
0.255683631109093
0.237196938508243
0.220221059100914
0.205059949332127
0.191985448637092
0.181232234161596
0.172993473812487
0.167417253796053
0.164603843159279
