0.0154419354192956
0.0214068906937956
0.0332651384548079
0.050874208877246
0.0740225255333278
0.102431928529049
0.135760987751625
0.173609063478191
0.215521062028604
0.260992825300376
0.309477085022674
0.360389905517582
0.413117532755544
0.467023562617811
0.521456337595323
0.575756478707129
0.629264458240782
0.681328119012387
0.731310047207425
0.778594708469081
0.822595260704972
0.862759962025572
0.898578098231575
0.929585361241963
0.955368617694855
0.975570015543134
0.989890385679904
0.998091905330758
1
0.995504471012121
0.984559846001552
0.96718495992737
0.94346178418165
0.91353353098204
0.877602069358624
0.835924697538829
0.788810324288794
0.736615118683922
0.679737693767393
0.618613894539779
0.553711264647674
0.485523268962728
0.414563350939761
0.341358904205632
0.266445237268199
0.190359608572473
0.113635406410431
0.0367965444688443
-0.039647860853212
-0.115208470724634
-0.189420307377674
-0.261846893330808
-0.332083906277571
-0.399762317416759
-0.464550989122073
-0.526158716130361
-0.584335702738994
-0.638874476718196
-0.689610248640064
-0.736420732984866
-0.779225454596173
-0.817984570717468
-0.852697244862339
-0.883399614067974
-0.91016239558989
-0.933088182760895
-0.952308482519394
-0.967980548986825
-0.980284068431103
-0.989417750997984
-0.995595883744827
-0.999044897805629
-1
-0.998701915931972
-0.995393787678954
-0.990318264628332
-0.983714820969528
-0.97581732789031
-0.966851902760406
-0.957035051619583
-0.946572115229369
-0.935656022905715
-0.924466352430387
-0.913168688644348
-0.901914267954228
-0.890839891023396
-0.880068081454328
-0.86970746437089
-0.859853335539338
-0.850588389074672
-0.841983569901341
-0.834099015997876
-0.826985055064109
-0.820683220603767
-0.815227253497694
-0.810644056923938
-0.806954574917982
-0.804174567905631
-0.80231526211767
-0.801383853835218
