1
0.995323847356831
0.985985739841623
0.972014222977815
0.953452484775291
0.930358784867308
0.90280700278859
0.870887285532678
0.834706770332683
0.794390354909654
0.750081484306226
0.701942920938749
0.650157462716231
0.594928573034134
0.53648088618675
0.475060552271214
0.410935386982275
0.344394793808364
0.27574942901043
0.205330583355566
0.133489258834153
0.0605949234460261
-0.0129660674798399
-0.0867923891544495
-0.16047000395906
-0.233574750026566
-0.30567524845957
-0.376336109358366
-0.445121410427914
-0.511598415753004
-0.575341496489332
-0.635936209825382
-0.692983487730305
-0.746103882813125
-0.794941815166166
-0.839169761427114
-0.878492325533878
-0.91265012981524
-0.941423465194344
-0.964635640402417
-0.982155972211894
-0.993902361790305
-0.999843406321898
-1
-0.994446384301279
-0.983310614040266
-0.966774412982304
-0.9450724006662
-0.918490680444499
-0.887364787469748
-0.852077004312631
-0.813053060959401
-0.770758244965518
-0.725692956401602
-0.678387750779565
-0.629397921256263
-0.57929767894961
-0.528673997044728
-0.478120190401661
-0.428229307498052
-0.379587415659396
-0.332766863569205
-0.288319606950322
-0.246770684021637
-0.208611926833828
-0.174295992863649
-0.144230798306886
-0.118774430381879
-0.098230610683006
-0.0828447752684864
-0.0728008298079635
-0.0682186298467738
-0.0691522271740695
-0.0755889135325005
-0.0874490826103934
-0.104586920555026
-0.126791924286515
-0.153791235829851
-0.185252769874365
-0.220789100972276
-0.259962066356238
-0.302288030440642
-0.34724374781746
-0.394272753100248
-0.442792198434697
-0.492200052993309
-0.541882573403486
-0.591221949904929
-0.639604030158854
-0.686426021085435
-0.73110406891493
-0.773080618811254
-0.811831457953295
-0.846872349808901
-0.877765172459797
-0.90412348016489
-0.925617414799404
-0.9419779022763
-0.953000078428417
-0.958545898975096
