1
0.989703926061216
0.969227102857818
0.938798659973669
0.898758514008191
0.849552895500602
0.791728484295454
0.725925236701974
0.652868006291492
0.57335707715733
0.488257743679459
0.398489084067908
0.305012086010898
0.208817291465272
0.110912133873179
0.0123081447825801
-0.0859917920589207
-0.183005962586495
-0.277785947826444
-0.369428186992296
-0.45708482144783
-0.539973673995733
-0.6173872313157
-0.688700512618314
-0.753377724465479
-0.81097761997443
-0.861157499990605
-0.903675813988909
-0.938393339136332
-0.965272936807946
-0.984377906577929
-0.99586897799564
-1
-0.997112406332353
-0.987628552504477
-0.97204403551164
-0.950919121322864
-0.924869417032528
-0.894555934251514
-0.86067469771836
-0.823946058123564
-0.785103870702698
-0.744884701243789
-0.704017218787354
-0.66321192952719
-0.623151399337077
-0.584481103078849
-0.547801027549957
-0.513658141793419
-0.48253983373716
-0.454868395994423
-0.43099662640362
-0.411204590791876
-0.395697576800613
-0.384605248709466
-0.377981994334845
-0.375808436557037
-0.377994064133636
-0.384380919464159
-0.394748265142134
-0.408818136707852
-0.426261676214847
-0.446706130236453
-0.469742386926064
-0.494932919834135
-0.521820001470681
-0.549934047142238
-0.578801949409304
-0.607955265589496
-0.636938125022571
-0.665314729230208
-0.692676326526506
-0.718647552913465
-0.742892043049017
-0.765117228497163
-0.785078255131556
-0.80258096721752
-0.817483922080293
-0.829699416106069
-0.839193519837639
-0.845985136837266
-0.850144117517764
-0.851788475018038
-0.85108076516276
-0.848223706354633
-0.843455127678715
-0.837042344352064
-0.829276068755381
-0.820463972492755
-0.810924020128862
-0.800977698371348
-0.79094326545529
-0.781129144337639
-0.771827580048646
-0.763308676235432
-0.75581491866495
-0.749556284356494
-0.744706024244545
-0.741397195015647
-0.739720002226717
