-0.988488020226814
-0.97460794105252
-0.947043544330227
-0.906183520764146
-0.852603867263316
-0.787059557547632
-0.710473630340121
-0.623923857665145
-0.528627191709531
-0.425922221619407
-0.317249901000135
-0.204132832314959
-0.0881534154557583
0.0290688158301338
0.145900334474714
0.260716895986258
0.371926606863983
0.477992446624363
0.577453913586209
0.668947478582622
0.751225549533255
0.823173673024155
0.883825726340656
0.932376884355016
0.968194179803005
0.990824512262226
1
0.995640609189569
0.977854036177824
0.946932859892031
0.903349022460974
0.847745736069645
0.780926952355679
0.703844566706913
0.617583563085567
0.523345334983057
0.422429444350023
0.316214102457725
0.206135674303495
0.0936675211186824
-0.0197014964096014
-0.132488528536785
-0.243237936783729
-0.350541867433762
-0.453059893244538
-0.549537434849101
-0.638822694121631
-0.719881856609279
-0.791812348578105
-0.853853965828816
-0.905397725699453
-0.945992330040083
-0.975348164840677
-0.993338801017202
-1
-0.995526266606876
-0.980265029612598
-0.9547085668543
-0.919483826072199
-0.87534032444527
-0.823136338453132
-0.76382362084001
-0.698430902693201
-0.628046455659132
-0.553800001855056
-0.476844266915726
-0.39833647473856
-0.319420080830228
-0.241207034761032
-0.16476085122447
-0.0910807537750712
-0.0210871357444465
0.0443914405545731
0.104629512040954
0.159014085995744
0.207051981892772
0.248375045954085
0.282743176094091
0.310045131373906
0.330297136770725
0.343639330382322
0.350330135547221
0.350738674197455
0.345335369529115
0.33468091526734
0.319413814950738
0.300236717349202
0.277901792999487
0.253195411597753
0.226922390397637
0.199890089667344
0.172892632573568
0.14669552357241
0.122020931560944
0.0995338918141031
0.0798296643079837
0.0634224656880469
0.0507357682177978
0.0420943319371603
0.0377181064178407
