1
0.991345908410353
0.974144285874282
0.948606797972495
0.915047324741779
0.873877676966376
0.825601980790065
0.770809811280074
0.710168173457096
0.644412445723523
0.574336415331498
0.500781548316509
0.424625646993321
0.346771056513429
0.268132587995873
0.189625329281293
0.112152515375287
0.0365936291322806
-0.0362071012855563
-0.10545164809131
-0.170398421398057
-0.230371658260508
-0.284769835905256
-0.3330729966373
-0.374848888317256
-0.409757842049215
-0.437556327531806
-0.458099146117881
-0.471340241703512
-0.477332129820629
-0.476223965433985
-0.468258289639666
-0.453766514434263
-0.433163222688567
-0.406939377151233
-0.375654547480902
-0.339928277738757
-0.300430728273911
-0.257872735338555
-0.212995438948413
-0.166559634361581
-0.119335005026336
-0.0720893949238168
-0.0255782759196793
0.0194654389082622
0.0623410918942742
0.102389352309476
0.139000538728394
0.171622080959182
0.199765024617562
0.223009497126436
0.241009070715355
0.253493975607807
0.260273134739363
0.261235009759394
0.256347266444004
0.245655285701296
0.229279563801956
0.207412062049551
0.180311581562284
0.148298252937085
0.111747243096311
0.0710817923919573
0.0267657039056159
-0.0207045862902761
-0.0708082244452004
-0.123008304038835
-0.176760244000305
-0.231520045842244
-0.286752299348276
-0.341937812551209
-0.396580749787017
-0.450215171460837
-0.502410880642015
-0.552778494516443
-0.60097367284508
-0.646700450667969
-0.689713638299569
-0.729820267919397
-0.766880082501786
-0.800805079178218
-0.831558135116063
-0.859150759366983
-0.883640028636087
-0.905124778314056
-0.923741132182972
-0.939657464758957
-0.953068899103365
-0.964191449979592
-0.97325592734589
-0.980501718279027
-0.986170566476105
-0.990500467472939
-0.993719794672148
-0.99604176625085
-0.997659356107763
-0.998740743334898
-0.999425384410936
-0.999820780589797
-1
