0.860396505842683
0.849518309731983
0.827927627255157
0.79595323347943
0.754081722225532
0.702949741227944
0.643333833167801
0.576138045012309
0.502379503799224
0.423172189555054
0.339709164912536
0.253243545736249
0.165068517280045
0.0764967157634657
-0.0111606944796497
-0.0966149131235543
-0.178620030427626
-0.255992859132893
-0.327631753476732
-0.3925341131394
-0.449812290779785
-0.498707647161301
-0.538602527311451
-0.569029964234371
-0.589680952880875
-0.600409175801666
-0.601233102552519
-0.59233542684056
-0.574059847932782
-0.546905245316107
-0.511517337327655
-0.468677954800692
-0.419292099054155
-0.36437298918171
-0.305025336001789
-0.242427108695321
-0.17781008462423
-0.112439492698696
-0.0475930756245797
0.0154600938282194
0.0754807029015485
0.131279856532015
0.181738970186369
0.225828576966961
0.262625744790791
0.291329820986395
0.31127624771306
0.321948221779434
0.322986006251007
0.314193738157459
0.295543616061471
0.2671773926094
0.229405139799803
0.182701297906225
0.127698062093975
0.0651762030959759
-0.00394654080940826
-0.0786293244924076
-0.157724097237829
-0.239993299691465
-0.32412908260744
-0.408773748794764
-0.492541099600144
-0.574038352186155
-0.651888284013232
-0.724751256472692
-0.791346770623322
-0.850474214447466
-0.901032472869254
-0.942038088788871
-0.97264168532168
-0.992142385951219
-1
-0.995844775214721
-0.979484556817853
-0.950909232510163
-0.910292384992257
-0.857990116950132
-0.794537057441826
-0.720639602540869
-0.637166486249671
-0.545136819415681
-0.445705774010787
-0.340148127047992
-0.229839912028927
-0.116238455612787
-0.000861102702519267
0.114737046044324
0.22898604448359
0.340324308718732
0.447221766912882
0.548202596238297
0.64186719799009
0.726913073288061
0.802154278441942
0.866539160703597
0.919166101439471
0.959297024318805
0.986368460452535
1
