1
0.990189051053758
0.970685456456951
0.941724119736965
0.903653164451514
0.856928928300487
0.802109407726958
0.73984625272627
0.670875433577334
0.596006721316979
0.516112141684749
0.432113577695042
0.344969708707536
0.255662483669776
0.165183332947067
0.074519326732245
-0.0153605116117507
-0.103518531782949
-0.189061222883083
-0.271151229516813
-0.349018439329252
-0.421969978440108
-0.489398968515487
-0.550791918735016
-0.605734647355369
-0.653916650604819
-0.695133860905426
-0.729289761529823
-0.756394850364871
-0.776564471074925
-0.790015055232566
-0.797058843519949
-0.798097177516785
-0.793612475516892
-0.784159025913476
-0.770352749651962
-0.75286009879062
-0.732386271093736
-0.709662930612164
-0.685435631229282
-0.660451144061544
-0.635444890345978
-0.611128679015985
-0.588178942605327
-0.567225656521335
-0.548842115232705
-0.53353572471081
-0.521739953774947
-0.51380756808849
-0.510005249736705
-0.510509682919532
-0.515405162670344
-0.524682759039597
-0.538241044248622
-0.555888365318339
-0.57734662000615
-0.602256469931353
-0.630183901913359
-0.660628027148027
-0.693029988242479
-0.726782826626009
-0.761242147728688
-0.795737408806756
-0.82958364458997
-0.862093439181145
-0.89258894895579
-0.920413780644711
-0.944944531340327
-0.96560180280412
-0.981860511075369
-0.993259323850179
-0.999409072229643
-1
-0.994807732340143
-0.983697866453429
-0.966629108762216
-0.94365490663176
-0.914923546733165
-0.880676716728517
-0.84124655157405
-0.797051209997651
-0.748589050229627
-0.696431496476593
-0.641214708571786
-0.583630186378529
-0.524414457563405
-0.464338012021641
-0.404193658297066
-0.34478448660178
-0.286911629360058
-0.23136201347745
-0.178896298718235
-0.130237193660316
-0.0860583347335452
-0.0469739049306471
-0.0135291570521091
0.0138080080055609
0.0346542741560232
0.0487168393373765
0.0557979468520253
