1
0.98965286064283
0.969113029186218
0.938686957749865
0.898828257325523
0.850130525180847
0.793317959610658
0.729233911147979
0.658827552141612
0.583138876516667
0.5032822680851
0.420428898543339
0.3357882349222
0.250588950444337
0.166059542270816
0.0834089643291662
0.00380758323464758
-0.0716312397535334
-0.141868647679748
-0.205956589217137
-0.263052662805427
-0.312433267123874
-0.353504848271115
-0.38581306421053
-0.409049720086664
-0.423057363402638
-0.427831465210461
-0.423520151817491
-0.41042149044574
-0.388978371179708
-0.359771065786534
-0.323507580983301
-0.281011958873617
-0.233210710021587
-0.181117594455929
-0.125816992326455
-0.0684461285490285
-0.0101764342130765
0.0478056585065121
0.104318181917555
0.158203048413381
0.20834510615188
0.253690530251922
0.293264255178138
0.326186168886663
0.351685808645385
0.369115321919806
0.377960482961486
0.377849586322288
0.368560071963249
0.35002277240544
0.322323709918109
0.285703410464856
0.240553740420829
0.187412311312883
0.126954536400695
0.0599834602006053
-0.0125824825339553
-0.0897235888815859
-0.170334671352054
-0.253242256900598
-0.337222932499782
-0.421022549882881
-0.503375988054113
-0.583027162876866
-0.658748968651489
-0.729362837152437
-0.793757605105986
-0.850907391471311
-0.89988820098017
-0.939892989959797
-0.970244954205444
-0.990408826213222
-1
-0.998791335541569
-0.986717531023884
-0.963876989058076
-0.930531142163067
-0.887101242555681
-0.834162660983378
-0.772436778365641
-0.702780591763624
-0.62617419208008
-0.543706304338982
-0.456558111879931
-0.365985612846818
-0.27330078052696
-0.179851818040709
-0.0870028122932385
0.00388689824833155
0.0914833226512541
0.174498064437519
0.251707902518338
0.321973402479649
0.384256269452343
0.437635173215585
0.481319799811305
0.5146629114234
0.537170227166906
0.548507971257131
