-0.332213757054782
-0.322983799022009
-0.304655010412888
-0.277487676101231
-0.241867328758888
-0.198298960097372
-0.147399442449679
-0.0898882778108602
-0.0265768172649589
0.0416438826985113
0.113816379501242
0.188931133903219
0.265941549181942
0.343779528310686
0.421371309605495
0.497653337271063
0.57158792303521
0.642178458622221
0.708483946119041
0.769632624218844
0.824834482710528
0.873392475192755
0.914712260549537
0.948310326906833
0.973820377231285
0.990997883032614
0.999722741361173
1
0.991958645970038
0.975848482723406
0.952035151218173
0.920993378981392
0.88329856882222
0.839616864622398
0.790693855204197
0.737342098287889
0.680427664674198
0.620855917739898
0.559556754884668
0.497469545536338
0.43552800458769
0.374645240637715
0.315699215139398
0.259518841570015
0.206870943152203
0.158448273635131
0.114858788419138
0.0766163331490479
0.0441328941314958
0.0177125299118426
-0.00245292352664406
-0.0162863097788558
-0.0238257363661004
-0.0252232813290163
-0.0207418468181759
-0.0107502138496347
0.0042836190838329
0.0238007036723356
0.047160880432408
0.0736538298038321
0.102511256460851
0.132920009751707
0.164035928474562
0.194998186863584
0.22494391087339
0.253022829733771
0.278411727362591
0.300328461576456
0.318045326070989
0.330901540741625
0.338314669912024
0.339790785206804
0.334933209874805
0.323449704019094
0.305157975060318
0.279989424455853
0.247991069794612
0.209325610440687
0.164269634447406
0.11320999403851
0.0566384060862972
-0.00485563775372555
-0.0705935397130413
-0.139817706743539
-0.211702943943003
-0.28536895060822
-0.359893721416897
-0.434327640841159
-0.507708047860679
-0.579074040546496
-0.647481286245574
-0.712016602971335
-0.771812081198244
-0.826058522511378
-0.874017982359649
-0.915035218332048
-0.948547862695405
-0.974095158124601
-0.991325118301856
-1
