-0.42019161221247
-0.423338624313999
-0.429542908270614
-0.438626611290489
-0.450326996518443
-0.464301218891815
-0.480132569335292
-0.497338083903731
-0.515377391789951
-0.533662655452112
-0.551569437816056
-0.568448315867707
-0.583637047222609
-0.596473086651044
-0.606306243205132
-0.612511265643946
-0.614500144335057
-0.611733921722462
-0.603733810732964
-0.59009143103375
-0.570477986688509
-0.544652225274362
-0.512467037656851
-0.473874579073486
-0.428929815608236
-0.377792425178947
-0.320727008409447
-0.258101591801169
-0.19038443302532
-0.118139165489361
-0.0420183461550746
0.037244503528703
0.118844249181519
0.201914750348562
0.285540564795128
0.368769574139362
0.450626339228739
0.530125981160597
0.606288374537071
0.67815243358439
0.744790269257321
0.805320996438659
0.858923974822882
0.904851274979127
0.942439172303741
0.971118485926781
0.990423596910039
1
0.999610265469107
0.989138311846657
0.968591916228529
0.938103415958681
0.897928583370952
0.848443683530316
0.79014075307515
0.72362116589397
0.649587578036851
0.568834369543308
0.482236724366167
0.390738510913438
0.295339144579837
0.197079629697152
0.0970279913425611
-0.00373568280163161
-0.104134364001847
-0.203109138080662
-0.299633966457988
-0.392729928304482
-0.481478727278891
-0.565035257491568
-0.642639037713165
-0.713624340209109
-0.777428860658874
-0.83360079810275
-0.881804238399118
-0.921822760890306
-0.953561215457018
-0.977045645461793
-0.992421360799306
-0.999949193937417
-1
-0.993047489170602
-0.979659505559248
-0.960487890768535
-0.93625709234253
-0.907751696739152
-0.875803083128736
-0.841275407927091
-0.805051140306927
-0.768016375834483
-0.73104615873972
-0.694990043094941
-0.660658119350869
-0.628807725320015
-0.600131049918586
-0.575243823948119
-0.554675275134854
-0.538859504814734
-0.528128421364171
-0.522706341079193
