-0.743080316486298
-0.732994384648973
-0.712990032660791
-0.683399598328618
-0.644714916936935
-0.597579433836946
-0.542777883065577
-0.481223695313389
-0.413944334505454
-0.342064795061149
-0.266789521040409
-0.189383033405189
-0.11114957213125
-0.0334120755729994
0.0425091699340734
0.115317871920215
0.183762726773075
0.246657734916194
0.302901513816393
0.351495302149026
0.391559368977025
0.42234756684318
0.443259796840876
0.45385218655703
0.453844817755046
0.443126879218475
0.421759160700294
0.389973845779758
0.34817160395919
0.296916024866625
0.236925479296831
0.169062532363031
0.0943210726062251
0.013811356910042
-0.0712567960700875
-0.159592402052272
-0.249843009852563
-0.340615395122347
-0.430496925799394
-0.518077265325484
-0.601970074288636
-0.680834371091123
-0.753395217526179
-0.818463405683519
-0.874953838230045
-0.921902314581444
-0.958480460469822
-0.984008567528563
-0.997966142299223
-1
-0.989929776915088
-0.967750775761973
-0.933634100231723
-0.887924077416454
-0.831133009368812
-0.763933336910623
-0.687147339362765
-0.601734532467049
-0.508776962806188
-0.409462629932535
-0.305067296672685
-0.196934973223133
-0.0864573812967606
0.0249472796031753
0.135855930963636
0.244862240781553
0.350597937338608
0.451753477908463
0.547097749482544
0.635496494091137
0.715929171623142
0.787503997888725
0.849470924631204
0.901232360819839
0.942351470328185
0.972557919458014
0.991750988100759
1
0.997542069931816
0.984777207986176
0.962260862843412
0.930694026336842
0.890911060038486
0.843865440493111
0.790613652490408
0.732297488889464
0.670125040534688
0.605350680333694
0.53925436128209
0.473120558870347
0.408217193726905
0.3457748704546
0.286966763403922
0.232889469679722
0.184545134163884
0.142825131000896
0.108495561158657
0.0821847967359108
0.0643732700989197
0.0553856702083391
