-0.880168989065209
-0.869354342860325
-0.847880477266069
-0.816055813219195
-0.774336939024269
-0.723321466197904
-0.663738681372147
-0.596438142721728
-0.522376402025795
-0.442602063244856
-0.358239414914998
-0.270470896314143
-0.180518675878943
-0.0896256344511704
0.000963944615540502
0.090023671804986
0.176364027781487
0.258850718357737
0.336422116603698
0.40810551513473
0.473031930546422
0.530449225001092
0.579733336752316
0.620397441495322
0.652098899375972
0.674643877757515
0.687989576873582
0.692244023700676
0.687663438158208
0.674647214473333
0.653730598616923
0.625575179521327
0.590957346745197
0.550754899799829
0.505932023977102
0.45752287374919
0.406614027226303
0.354326093402449
0.301794767698097
0.250151640400746
0.200505066861892
0.15392140766018
0.111406941391955
0.0738907423854858
0.0422088006140131
0.0170896416390676
-0.000858319146836428
-0.0111574810206816
-0.0134696448474234
-0.00760233956238154
0.00648721885343373
0.0286906054448599
0.0587491322534612
0.0962572538074413
0.140668384591881
0.191303042495709
0.247359195069164
0.307924650153828
0.371991299625805
0.438470995142636
0.506212808380588
0.574021405711934
0.640676248961906
0.704951320095902
0.765635058642173
0.821550196501808
0.87157317560775
0.914652839660982
0.949828101810068
0.976244305488383
0.9931680154456
1
0.9962861933235
0.981726457719718
0.95618099988144
0.919674331486231
0.872396702639419
0.81470297600521
0.747108949363791
0.67028517416943
0.585048356837516
0.492350467342632
0.393265715670829
0.288975590172363
0.18075218237921
0.0699400499046696
-0.0420631077961884
-0.153826667121912
-0.263907883443733
-0.370872962050909
-0.473318074695776
-0.569889999894617
-0.659306070531801
-0.740373122633228
-0.812005154262369
-0.873239423114463
-0.9232507352375
-0.96136370502141
-0.987062797738152
-1
