0.509518921313653
0.501290159209471
0.484925667773829
0.460610361458829
0.428618749838696
0.389311546622023
0.343131220223434
0.290596546178249
0.232296235109049
0.168881722317661
0.101059216203268
0.0295811124391032
-0.0447631109609443
-0.121156396002759
-0.19876387800195
-0.27674280029254
-0.354252439668944
-0.430463912549826
-0.504569734357888
-0.575793008902303
-0.643396130559842
-0.706688889681102
-0.765035880780324
-0.817863123560063
-0.864663818514864
-0.905003171573411
-0.93852223578434
-0.964940732223775
-0.984058826890786
-0.995757855144021
-1
-0.996826945144401
-0.986357537590001
-0.968784508344878
-0.944370312039232
-0.913442158019856
-0.876386315795724
-0.833641786763101
-0.785693441731917
-0.733064729817662
-0.676310068679552
-0.616007028826514
-0.552748425753542
-0.487134433014298
-0.419764827009395
-0.351231470326813
-0.282111134988847
-0.212958760039256
-0.144301229666678
-0.076631748646532
-0.0104048814515719
0.0539676898971091
0.116120646107751
0.175737718304639
0.232553565087977
0.28635483368704
0.336980412555509
0.384320895063781
0.428317285737353
0.468958991594163
0.506281151380781
0.540361364746292
0.571315891489993
0.599295397860082
0.624480332372221
0.647076017688331
0.667307547699708
0.685414580071233
0.701646114125657
0.716255342103672
0.729494658574769
0.741610908166686
0.752840945919514
0.76340757756583
0.773515939020048
0.783350365473157
0.793071790891004
0.802815708573564
0.812690712924845
0.822777631888772
0.833129248807589
0.843770601936915
0.854699839682051
0.86588959997299
0.877288873230197
0.888825300236774
0.90040784905726
0.911929809044292
0.923272035048143
0.934306371266902
0.944899181801453
0.954914913941716
0.964219620518535
0.972684369295552
0.980188470311852
0.986622456260943
0.991890756326216
0.995914010289175
0.998630977068145
1
