0.526982067712969
0.52550052891859
0.522532216588115
0.518067038966306
0.512090793953297
0.504586267303793
0.495534656649617
0.48491728782455
0.472717582786677
0.458923232016953
0.443528518747346
0.426536737845894
0.407962648750545
0.387834899570815
0.366198358418183
0.343116288213364
0.318672302660453
0.292972043761137
0.266144525131994
0.2383430904279
0.209745942287809
0.180556204309293
0.151001486511038
0.121332933427635
0.0918237432542235
0.0627671561639846
0.0344739198941109
0.00726925076435458
-0.0185106817182961
-0.0425227087804757
-0.0644210076335701
-0.0838617821489352
-0.100508215096165
-0.114035621033877
-0.124136722934351
-0.130526970776897
-0.132949816762531
-0.131181859567209
-0.125037769224194
-0.114374904847245
-0.099097539491283
-0.0791606099880574
-0.0545729145596768
-0.0253996873472352
0.00823551338273454
0.0461496577747436
0.0880998821974033
0.133783946048157
0.182841529670727
0.234856383307025
0.289359324382795
0.345832067571682
0.403711859193008
0.462396874774377
0.521252326251606
0.57961721348211
0.636811643704385
0.69214463246671
0.744922290541393
0.794456293590578
0.840072524992011
0.881119777384375
0.916978395246552
0.947068739254208
0.970859353306869
0.987874717009589
0.997702470019798
1
0.994500292892611
0.981016952770995
0.959448308513087
0.929780535860261
0.892089735913005
0.846542924606015
0.793397902011906
0.733001985244375
0.665789604057273
0.592278773746739
0.513066475436315
0.428822989035478
0.340285238888379
0.248249226155644
0.15356163509033
0.0571107123844843
-0.0401834705052112
-0.137379252857794
-0.23352399112086
-0.327664903391249
-0.418860014870431
-0.506189064905197
-0.588764235822362
-0.665740565293593
-0.736325907409609
-0.799790312960802
-0.855474706545065
-0.902798746958269
-0.941267767748383
-0.970478706687139
-0.990124946068756
-1
