-1
-0.993087277379074
-0.979313116016557
-0.958779640829405
-0.931638936370561
-0.898091735385375
-0.858385689989345
-0.812813242140987
-0.761709113916699
-0.705447441709862
-0.644438581836082
-0.579125618095555
-0.509980604590531
-0.437500579492885
-0.362203387480156
-0.284623350188526
-0.205306825253232
-0.12480769531025
-0.04368282871246
0.0375124463322789
0.11822881296047
0.197927341828485
0.276083733181831
0.352192387396818
0.425770268595
0.496360528287917
0.56353585867373
0.626901548146408
0.686098214757933
0.740804196757876
0.790737582884264
0.835657868755314
0.875367229472703
0.909711402353014
0.938580177513865
0.961907497815257
0.979671173355714
0.991892219309436
0.998633829329529
1
0.996133824865296
0.987215479372866
0.97345992060726
0.955114327952652
0.932455312776874
0.905785926870542
0.875432500689573
0.841741343432306
0.805075337631247
0.765810461255343
0.724332270306896
0.681032374565802
0.636304938494634
0.590543238385619
0.544136305622196
0.497465684463387
0.450902331060591
0.404803678507347
0.359510890628356
0.315346324960959
0.272611222997379
0.23158364326704
0.192516650272647
0.155636769679084
0.121142717517196
0.089204408531429
0.059962246195943
0.0335266943717858
0.00997812810021248
-0.0106330413555488
-0.0282859743773263
-0.0429887530648423
-0.0547774848071311
-0.0637151724846581
-0.0698903661071802
-0.0734156121908729
-0.0744257184964278
-0.0730758528839014
-0.0695394959880866
-0.064006268180125
-0.0566796518584785
-0.0477746305085421
-0.0375152661895469
-0.0261322371558411
-0.0138603572040042
-0.000936098065159596
0.0124048642581087
0.025930058869801
0.0394125654216726
0.052633276774273
0.0653830609535508
0.0774648054982989
0.0886953284043961
0.0989071410642857
0.107950049865306
0.115692584439637
0.122023241943431
0.126851538175118
0.130108857815271
0.131749097575605
