1
0.992985016289724
0.979018654752676
0.958227418790909
0.930799301444222
0.896981695571834
0.857078648165917
0.811447493004603
0.760494903527628
0.704672414927684
0.644471470899715
0.580418056193331
0.513066980995311
0.442995887166635
0.370799049421032
0.297081046622355
0.222450379472565
0.147513110951328
0.0728666049567834
-0.000906563296418583
-0.0732444544087583
-0.143611302491313
-0.211502681052567
-0.276450240074127
-0.33802596333971
-0.3958459017561
-0.449573345589586
-0.498921406133057
-0.543654985209135
-0.583592118991614
-0.618604690777785
-0.648618515454576
-0.673612806360154
-0.693619042941406
-0.708719264942956
-0.719043825737986
-0.724768643735528
-0.72611199649263
-0.723330907152277
-0.716717177059718
-0.706593121833154
-0.693307070744039
-0.677228690975078
-0.658744199160372
-0.638251522575485
-0.616155471451285
-0.592862982162644
-0.568778488531517
-0.544299475234789
-0.519812263381778
-0.49568807379492
-0.472279408468168
-0.449916785175926
-0.428905854351131
-0.409524921238283
-0.392022890052033
-0.376617640531462
-0.363494840970633
-0.352807195621532
-0.344674118396523
-0.339181819129395
-0.336383783366187
-0.336301621820892
-0.338926261310309
-0.344219445230586
-0.352115508499368
-0.362523389395252
-0.375328838902797
-0.390396787027705
-0.407573825083128
-0.42669076315305
-0.447565222790751
-0.470004226477362
-0.493806747406153
-0.51876618572204
-0.544672740375203
-0.571315649177805
-0.598485273413667
-0.625975007367926
-0.653582997339863
-0.68111365899836
-0.708378986256576
-0.735199649102394
-0.761405881948298
-0.786838167986643
-0.811347728686647
-0.834796830886809
-0.857058926866664
-0.878018645278607
-0.897571652846166
-0.915624408261147
-0.932093830719416
-0.946906906014625
-0.96000025306176
-0.971319673158375
-0.980819703231119
-0.988463192787761
-0.994220922338331
-0.998071278708847
-1
