-0.340286484906095
-0.347038003760773
-0.360411536332774
-0.380150148048553
-0.405873593889995
-0.437084416361021
-0.473175927212612
-0.513441948294775
-0.557088159433905
-0.603244876137518
-0.650981057596601
-0.699319326237025
-0.747251764264821
-0.793756240501639
-0.837813012505008
-0.878421344641577
-0.914615882496707
-0.945482527763565
-0.970173565499269
-0.987921807242033
-0.998053528769078
-1
-0.993307426420434
-0.977645146073437
-0.952811953254269
-0.918740449124282
-0.875499350076197
-0.823293716357518
-0.762463095696083
-0.693477608968308
-0.616932036802494
-0.533537996919784
-0.444114331502496
-0.349575851484414
-0.25092060995129
-0.149215899429432
-0.0455831873760756
0.0588177796345584
0.162805459960129
0.265193337325791
0.364806820949193
0.460499967808453
0.551171772666177
0.635781778575645
0.7133647715453
0.783044337647993
0.844045078898002
0.895703305394339
0.937476045206876
0.968948239882514
0.989838021854436
1
0.999426510639775
0.988246822912741
0.966724319203391
0.935251702637073
0.894344314108917
0.844631670392644
0.78684736213384
0.721817475542915
0.650447723976821
0.573709494988734
0.492625034531814
0.408252002579747
0.32166764328174
0.233952817770952
0.146176148821887
0.0593785236949604
-0.0254418052313543
-0.107343292944424
-0.185454132397283
-0.258984045682317
-0.327234658773304
-0.389608306113551
-0.445615136983166
-0.494878423193877
-0.537137996792976
-0.572251776642987
-0.600195373498633
-0.621059794037117
-0.635047294720713
-0.642465465898115
-0.643719654713913
-0.63930386174698
-0.629790270420936
-0.615817589741456
-0.598078409476366
-0.577305782212703
-0.554259258559809
-0.529710609934161
-0.504429477734043
-0.479169188224478
-0.454652969101336
-0.431560796545731
-0.410517090733994
-0.392079463411906
-0.376728703507461
-0.364860166129399
-0.356776707012246
-0.352683278897565
