-0.466808312227005
-0.460906777387196
-0.449148185846656
-0.43162123445346
-0.408458320167314
-0.379834762849871
-0.345967770347704
-0.307115147207934
-0.263573748911339
-0.215677684184407
-0.163796268778677
-0.108331735097301
-0.0497167032149152
0.0115885798173447
0.0750992239647081
0.140308893383536
0.206693204800154
0.273713313107603
0.340819668061045
0.407455923721274
0.473062979997754
0.537083133313161
0.598964311089847
0.658164362487013
0.71415537564004
0.766427989616443
0.814495667452672
0.857898895019011
0.896209269121434
0.929033437232737
0.956016850591153
0.97684729214982
0.991258141037071
0.999031335822685
1
0.994050694702548
0.981125265784106
0.961222255002608
0.934397848153351
0.900766336579517
0.860500072524373
0.813828903247862
0.761039073671214
0.702471592489902
0.638520062154108
0.569627978796921
0.496285514028345
0.419025796437567
0.338420716582962
0.255076285122005
0.16962757946316
0.0827333198296747
-0.00492987916773246
-0.0926735305229565
-0.179803515087674
-0.265626480926566
-0.349456339347373
-0.430620792556259
-0.508467825964227
-0.582372096986677
-0.651741151770286
-0.716021401674232
-0.774703792541311
-0.827329101822956
-0.87349280146409
-0.912849428091535
-0.945116406454901
-0.97007727720235
-0.987584285885502
-0.997560296518833
-1
-0.994970395151755
-0.982610527988379
-0.963130482948816
-0.936809628178197
-0.903994125378556
-0.865093723184739
-0.820577861347951
-0.770971121122105
-0.716848065043681
-0.658827516673496
-0.597566337732204
-0.533752766319507
-0.468099385476102
-0.401335796151078
-0.334201072609144
-0.267436081394801
-0.201775747118616
-0.13794134950998
-0.0766329363690423
-0.0185219362386796
0.0357559471914017
0.0856074797256952
0.13048820486755
0.169908244757765
0.203437528526789
0.23071038904287
0.251429476059827
0.265368941423962
0.272376860197642
