0.419333332022729
0.417490400752507
0.413857125783337
0.408537680121925
0.401685834878874
0.393502020346395
0.384229485208476
0.374149618916408
0.363576516514215
0.352850878159809
0.342333347046967
0.332397399202772
0.323421906554475
0.315783500597904
0.309848867857475
0.305967110039751
0.304462301317114
0.305626372539118
0.309712447395083
0.316928748715547
0.327433184308445
0.341328711116125
0.358659564218803
0.379408423492544
0.403494575773112
0.43077311441881
0.461035201460058
0.494009400337705
0.529364069840877
0.566710792537299
0.605608794022634
0.645570292973628
0.686066706536422
0.726535621266369
0.76638842689168
0.805018498811274
0.84180980564384
0.876145810479053
0.907418528871517
0.935037603159406
0.958439251445065
0.977094950571051
0.990519715653918
0.998279844155594
1
0.995369522768262
0.984147858385598
0.966169020772865
0.941345008475193
0.909668116074642
0.871212096998484
0.826132151888247
0.774663734723278
0.717120187114468
0.653889229313408
0.585428354234872
0.512259187886766
0.434960895771903
0.354162729814369
0.270535823932188
0.184784358311598
0.0976362225457912
0.00983331592003256
-0.0778783708759038
-0.164758744546701
-0.250083518942966
-0.333153897019819
-0.413305879374337
-0.489919059110324
-0.562424770336468
-0.630313467228772
-0.693141222134471
-0.750535244486597
-0.802198337132013
-0.847912222823557
-0.887539690839828
-0.921025531708557
-0.948396246542922
-0.969758536267388
-0.985296594719872
-0.995268247979641
-1
-0.999881061445699
-0.995356454285115
-0.986919298922634
-0.975102403255093
-0.960469283800743
-0.943604757811411
-0.925105251900879
-0.905568977100627
-0.885586122318595
-0.865729217893886
-0.846543818313433
-0.828539648224924
-0.812182348719042
-0.797885951573347
-0.786006197892834
-0.776834804522171
-0.770594766943682
-0.767436771340093
