0.467800195570772
0.465670621966937
0.461459618155853
0.455262476444008
0.447219667168091
0.43751392730175
0.426366461603256
0.414032325629929
0.400795075035078
0.386960779212987
0.372851509332396
0.358798420891733
0.345134558963711
0.332187520130754
0.320272108639839
0.309683125458192
0.300688427661158
0.293522391942004
0.288379910051382
0.285411035741987
0.284716392439192
0.286343438544623
0.290283673203248
0.296470849751813
0.304780247170416
0.315029031954328
0.326977724203115
0.340332762694486
0.354750144585602
0.369840096482189
0.385172715251188
0.400284499434221
0.414685675743033
0.427868210163383
0.439314379918349
0.448505771177253
0.454932558144531
0.458102912192792
0.457552385148959
0.452853108796509
0.44362265317512
0.429532389355231
0.410315208011319
0.385772453245179
0.355779941609947
0.32029294900892
0.279350062906049
0.233075813868689
0.181682018619195
0.125467786224498
0.0648181595040369
0.000201384870464061
-0.0678351746942479
-0.138670447318842
-0.211616323185985
-0.285925510818606
-0.360800481247601
-0.435403384357479
-0.508866805060881
-0.580305212176649
-0.648826940224505
-0.713546534016676
-0.773597278101923
-0.828143727941466
-0.876394057270031
-0.917612036477287
-0.951128460050748
-0.97635184712259
-0.992778247888244
-1
-0.997713292829401
-0.985724413544318
-0.963954567031066
-0.932443181547019
-0.891349633324818
-0.840953345851192
-0.78165224287804
-0.713959558043097
-0.638499027925203
-0.555998519075019
-0.467282162687355
-0.373261092765897
-0.274922904536842
-0.173319969175652
-0.0695567583240729
0.0352236528758259
0.139853722654356
0.243156027569441
0.343958096235849
0.441107287920755
0.533485510461403
0.620023573320472
0.699714975938668
0.771628938815746
0.834922494849131
0.888851471240055
0.932780207556122
0.966189873094175
0.988685266261576
1
