1
0.997370357360234
0.992140044607843
0.984366472423402
0.974134430533448
0.961554522984524
0.946761126062714
0.929909905788275
0.911174939948874
0.890745496899019
0.868822529722079
0.84561494971419
0.821335747412389
0.7961980324766
0.770411065590533
0.744176356134016
0.717683898684284
0.691108619432665
0.664607100383956
0.638314644787325
0.612342741698772
0.586776980984062
0.561675462543254
0.537067735195314
0.51295429163948
0.489306636356786
0.466067933387522
0.443154230782729
0.420456248348317
0.397841705249391
0.375158154288503
0.352236280379958
0.328893612071181
0.304938587060628
0.280174905667205
0.254406100241976
0.227440243686537
0.199094716643213
0.169200950620428
0.137609063361565
0.104192303185437
0.068851220826998
0.0315174904716609
-0.00784269383281344
-0.0492257144468566
-0.0925881802113315
-0.137845183416052
-0.184869207769139
-0.233489721651399
-0.283493480438505
-0.334625550652371
-0.386591057332608
-0.439057644476526
-0.491658626863481
-0.543996800238982
-0.595648865866865
-0.646170415040311
-0.695101409443617
-0.741972084435236
-0.78630919452502
-0.827642513676133
-0.865511497688836
-0.899472011914569
-0.929103024978849
-0.954013168113343
-0.973847060140841
-0.988291300128283
-0.997080033205464
-1
-0.99689498649906
-0.987669598829933
-0.972292296348148
-0.950797626408137
-0.923287615124207
-0.889932280150507
-0.850969243846493
-0.806702437967462
-0.757499904038846
-0.703790706644217
-0.64606098978463
-0.584849219056628
-0.520740664457699
-0.454361189978128
-0.38637042660392
-0.317454414776331
-0.248317810584147
-0.17967575687734
-0.112245525976437
-0.046738044623541
0.0161505857866595
0.0757474598857042
0.131411016975843
0.182538857192616
0.228575118833384
0.269017316138248
0.303422543912455
0.331412963845306
0.35268049708801
0.366990658461796
0.374185479420799
