0.740158415125561
0.740543447120739
0.74131420105048
0.74247202750465
0.744018879355753
0.745957224732871
0.748289931970464
0.751020127379627
0.754151026906672
0.757685742964042
0.761627067941711
0.765977236133008
0.770737666036574
0.775908685225044
0.781489240199598
0.787476593876054
0.793866013570679
0.800650452569793
0.80782022857392
0.815362702501539
0.823261961316122
0.831498508699579
0.840048967531878
0.848885798246505
0.857977037211146
0.867286059328415
0.876771369059433
0.886386424039965
0.896079495381747
0.905793568627899
0.915466289158687
0.925029955620718
0.934411564677833
0.943532910055098
0.952310738468585
0.960656964604193
0.968478946830336
0.975679824804455
0.982158919565514
0.987812196097944
0.992532787712014
0.99621158091692
0.99873785877245
1
0.999886230421401
0.99828542258287
0.995087938719556
0.990186511532718
0.983477156595232
0.97486010958109
0.96424078093965
0.951530720114431
0.93664858094772
0.919521079524029
0.90008393539508
0.878282786903204
0.854074071184675
0.827425859394702
0.798318637755498
0.766746025190973
0.732715418577935
0.696248557014702
0.657381996983001
0.616167490855949
0.572672261880353
0.526979169530918
0.479186759991362
0.429409197455581
0.377776072952812
0.324432088474546
0.269536615307629
0.213263126646014
0.155798505751166
0.0973422321454265
0.0381054495405861
-0.0216900795879397
-0.0818131266861265
-0.142024249822612
-0.202077138065826
-0.261720038162654
-0.320697253186297
-0.378750701950778
-0.435621527218205
-0.491051740062291
-0.54478588720684
-0.596572727738345
-0.646166905303977
-0.693330601754775
-0.737835158182067
-0.77946264942488
-0.818007398397237
-0.853277416995428
-0.885095760893272
-0.913301786213299
-0.937752296867442
-0.958322572284189
-0.97490726627124
-0.987421168892805
-0.99579982445713
-1
