-1
-0.987608490562386
-0.962983204116997
-0.926437463796235
-0.87843593080466
-0.819588302073189
-0.750641048835227
-0.672467314858082
-0.586055119386599
-0.492494034015454
-0.392960524343016
-0.288702166053182
-0.181020960745016
-0.0712559891542747
0.0392343517923064
0.14909027650436
0.256968449827477
0.361559487015438
0.46160486987452
0.555913043967798
0.643374474790764
0.722975457082121
0.793810490660498
0.855093058080028
0.906164663636317
0.946502019455641
0.975722292162058
0.9935863525147
1
0.995013164201331
0.978817114399374
0.951739737833358
0.914238974940594
0.866894526272352
0.810397970265565
0.745541453270496
0.673205132868804
0.594343572279956
0.509971297307733
0.421147737632476
0.328961781170377
0.234516173613753
0.13891199510596
0.0432334423164429
-0.0514668629550549
-0.14418182796827
-0.23396290893397
-0.319932016001101
-0.401292141845888
-0.477336573793965
-0.547456572794758
-0.611147427541403
-0.668012818189303
-0.717767451055247
-0.760237952950545
-0.795362040986369
-0.823186010361705
-0.843860608388714
-0.857635387428488
-0.864851652126778
-0.865934137008107
-0.8613815687955
-0.851756283499135
-0.837673081130732
-0.81978751066856
-0.798783784487021
-0.77536252479269
-0.750228544645813
-0.72407886291554
-0.697591146093839
-0.671412760402971
-0.646150605249117
-0.622361884020219
-0.600545950761287
-0.58113735168472
-0.564500159118676
-0.550923672722308
-0.540619538983331
-0.533720315556323
-0.53027948230374
-0.530272876372179
-0.533601504675842
-0.540095664158654
-0.549520278539769
-0.56158134026517
-0.575933328412451
-0.592187457614934
-0.609920599934258
-0.62868471122482
-0.648016586060049
-0.667447760842784
-0.68651438336294
-0.704766868807634
-0.72177916703291
-0.737157473683446
-0.750548228358812
-0.761645256288133
-0.770195925661151
-0.776006210605718
-0.778944569496742
