1
0.988812796530149
0.966567704943444
0.933521736056662
0.890056378308859
0.836672825526936
0.773985714855818
0.702715459484101
0.623679279657888
0.537781052857049
0.446000119662767
0.349379195551732
0.249011550418759
0.146027626895394
0.0415812753709615
-0.0631642120559099
-0.167050084716351
-0.268935950457026
-0.367713246927257
-0.462318193223855
-0.551744056358224
-0.63505257759326
-0.711384416390509
-0.779968484316116
-0.840130057554682
-0.891297574427337
-0.933008043237459
-0.964911005592465
-0.986771020778712
-0.99846865749755
-1
-0.9914746960833
-0.973112594239101
-0.945239036185701
-0.908278888805784
-0.862749415896285
-0.809252104890489
-0.748463576632926
-0.681125717202394
-0.608035179546633
-0.53003240920613
-0.447990352591519
-0.362803008102032
-0.275373979830518
-0.186605190728481
-0.0973859069723825
-0.00858221798370251
0.0789728927545241
0.16448876210761
0.247225435778128
0.326501134004425
0.401698713090093
0.472271057837217
0.537745357104011
0.59772623227935
0.651897706186383
0.700024017519446
0.741949303112149
0.777596186868222
0.806963329812053
0.830122010201279
0.847211815778299
0.858435541833776
0.864053398651946
0.864376639972754
0.859760730237732
0.850598172515523
0.83731112109226
0.820343902757974
0.800155568852246
0.777212596211995
0.751981849384256
0.724923908948871
0.696486861689192
0.667100637826475
0.637171968790603
0.607080026248892
0.577172789583666
0.54776417493603
0.519131944562859
0.491516400833837
0.465119854971666
0.440106846851781
0.416605079059385
0.394707016169237
0.374472089068688
0.355929434268325
0.339081089695537
0.323905561577479
0.310361671796759
0.298392591622044
0.287929966022844
0.27889803288816
0.271217643366463
0.264810093183226
0.259600680095387
0.255521909505007
0.252516278545543
0.250538578517929
0.249557666212679
