-1
-0.999072310191102
-0.997172014883698
-0.994210349445613
-0.990056814349306
-0.984542297953371
-0.977463150983913
-0.968586138175145
-0.957654176280933
-0.944392752955522
-0.928516908073095
-0.909738648133375
-0.887774655672937
-0.862354149221827
-0.833226745426772
-0.800170173579513
-0.762997693973841
-0.721565075257675
-0.675776992194912
-0.625592713912093
-0.571030963643834
-0.51217384403695
-0.449169737019828
-0.382235103852399
-0.311655128976514
-0.237783170396208
-0.161038999222699
-0.0819058313959928
-0.000926175110855132
0.0813034622071178
0.164138943744453
0.246895867406413
0.328857823883469
0.409285432099279
0.487426020936637
0.56252381361041
0.633830460744436
0.700615760295504
0.762178397097056
0.817856532073322
0.867038071164265
0.909170446722854
0.943769749575323
0.970429058004882
0.988825820520445
0.998728162253586
1
0.992604868061056
0.976608375889067
0.952179238810648
0.919588844485972
0.879209339928562
0.83151024651702
0.777053633124847
0.716487899921612
0.650540247205526
0.580007924468738
0.505748374440769
0.428668404789673
0.349712536195147
0.269850689382158
0.190065385189024
0.11133864064784
0.0346387502248047
-0.0390928553080336
-0.108954479487196
-0.174096569900681
-0.233733482139228
-0.287154421317887
-0.333733395544154
-0.372938029300256
-0.404337100679764
-0.427606684539736
-0.442534803631559
-0.449024511359713
-0.447095352665099
-0.436883173295324
-0.418638272050006
-0.392721915106655
-0.359601255869746
-0.319842727571661
-0.274103998725973
-0.223124603140943
-0.1677153762122
-0.10874684732027
-0.0471367540809577
0.0161631423123743
0.0801807505665368
0.143937653461396
0.206463219496858
0.26680861672034
0.324060524429735
0.377354342487319
0.42588670501654
0.468927115184743
0.505828530454715
0.536036742928878
0.559098416985074
0.574667666049344
0.582511071774802
