1
0.993913613737532
0.981823688443679
0.963894606899367
0.940369685058968
0.911567320616446
0.877875954139951
0.839747923406777
0.797692309291669
0.752266887714793
0.704069316483703
0.65372769813758
0.601890669925782
0.549217179665903
0.496366111307034
0.443985926489897
0.392704488206541
0.343119229820312
0.295787827255803
0.25121952419395
0.209867249735024
0.172120655385819
0.13830018358621
0.108652263546256
0.0833457121788339
0.0624693986695248
0.0460312110306471
0.0339583421604923
0.0260988918030036
0.0222247597131553
0.0220357846147483
0.0251650635201572
0.0311853669847468
0.0396165481953428
0.0499338277245982
0.0615768215784545
0.073959168049899
0.0864785990636769
0.0985272943122923
0.109502351663613
0.118816205144377
0.125906822309577
0.130247515990526
0.131356211227209
0.128804016544663
0.122222959499459
0.111312759433466
0.0958465254250176
0.0756752842865769
0.0507312618588052
0.0210298605043042
-0.0133297036987911
-0.0521651193473394
-0.0952130474714732
-0.142132510998991
-0.192509557212893
-0.245863124164879
-0.301652022732569
-0.359282928088039
-0.418119258064977
-0.477490801530443
-0.536703947614638
-0.595052356724544
-0.651827906824732
-0.706331743632076
-0.757885261220558
-0.805840840105837
-0.849592173171729
-0.888584015764595
-0.922321204827036
-0.950376802938902
-0.972399236412169
-0.988118311941793
-0.997350013509027
-1
-0.996065744048418
-0.985637273624755
-0.968896499547362
-0.946115134045332
-0.917651227415455
-0.883944371343375
-0.84550963826491
-0.802930345901361
-0.75684975450256
-0.707961821084507
-0.657001149791343
-0.604732290210574
-0.551938545825588
-0.499410462637075
-0.447934173200287
-0.398279773824967
-0.351189912428038
-0.307368761518046
-0.267471545070081
-0.23209477970785
-0.201767379774603
-0.176942762714028
-0.15799207590025
-0.145198648889786
-0.138753756284395
