0.291858433095449
0.294856940415256
0.300833617297571
0.309747788508094
0.321538444816415
0.336124255445954
0.353403597966821
0.373254616599955
0.395535322120649
0.420083748435625
0.446718182407959
0.475237484573301
0.505421518992288
0.537031710590293
0.569811747928581
0.603488448422779
0.637772801577692
0.672361203854762
0.706936896353065
0.741171613599703
0.774727448453525
0.807258934478744
0.838415343201785
0.867843189492374
0.895188933980983
0.920101867016953
0.942237154265788
0.961259019723448
0.976844037773713
0.988684502014931
0.996491835015463
1
0.998968872793745
0.993187530223781
0.982477409654739
0.96669529346837
0.945736072123122
0.919535239979064
0.888071079362994
0.851366490383763
0.809490426782336
0.762558901595931
0.710735530599843
0.654231586321203
0.593305540841676
0.528262081555717
0.459450590452437
0.387263084258308
0.312131619823214
0.234525176355339
0.154946033408182
0.0739256707886855
-0.00797977631929336
-0.0901944668457979
-0.172128161249879
-0.253181834109675
-0.332753533638602
-0.410244425031646
-0.485064950436078
-0.556641035044064
-0.62442026638574
-0.687877972413318
-0.746523123450266
-0.799903983561267
-0.84761343839142
-0.889293929025198
-0.924641924910522
-0.953411873350179
-0.975419568436013
-0.990544888531974
-0.998733858427662
-1
-0.994424943541399
-0.982158280732729
-0.963416649444615
-0.938482050020297
-0.907699402301604
-0.871473362277214
-0.83026442672842
-0.784584363491811
-0.734991013822119
-0.682082521698141
-0.626491052651645
-0.568876071703196
-0.509917256158546
-0.450307124264176
-0.39074346496269
-0.331921657162991
-0.274526968996246
-0.219226928431146
-0.16666385635148
-0.117447651752068
-0.0721489160986449
-0.0312925001521425
0.00464844827716138
0.0352578630449525
0.0601814990774208
0.0791309743729833
0.091887064965205
0.0983022123241948
