0.42966258066341
0.418671552149963
0.396856476779242
0.364548843921857
0.322239740028947
0.270572575234792
0.210333556671686
0.142440051843806
0.0679270170835347
-0.0120683048878298
-0.0963231883955131
-0.183547476981037
-0.272402613537228
-0.361521363267327
-0.449527934306521
-0.53505819532407
-0.61677968848388
-0.69341113978951
-0.763741177014042
-0.826645977984046
-0.881105588750483
-0.92621867187359
-0.961215469349227
-0.985468792231017
-0.998502879327025
-1
-0.989804710569719
-0.967925709570715
-0.934535273605659
-0.889966292190749
-0.834706956249847
-0.769393190221316
-0.69479895155397
-0.611824553169033
-0.521483193768598
-0.424885907232744
-0.323225165368836
-0.217757387612108
-0.109784626639017
-0.000635710019090907
0.108352875161774
0.215856065414386
0.320578984513288
0.421275107065893
0.516763552165715
0.605945252264946
0.687817761226178
0.761488487901456
0.82618616717635
0.881270408796005
0.926239195005067
0.960734230594736
0.98454408284149
0.997605083506902
1
0.991954517433584
0.973831607091255
0.946123889235284
0.909444128722236
0.864514030080661
0.812151524108275
0.75325676027587
0.688797037943646
0.619790924321447
0.547291818017231
0.472371223761614
0.396102006381159
0.31954189029726
0.243717464797493
0.169608945175446
0.0981359257420225
0.0301443429169195
-0.0336051545875606
-0.0924472557243753
-0.145820311341014
-0.193272815913776
-0.234467960857203
-0.269186205546232
-0.297325844966538
-0.318901585866703
-0.334041175892289
-0.342980161911693
-0.346054884087089
-0.34369384071461
-0.336407585001041
-0.324777338343024
-0.309442524957355
-0.29108744955663
-0.270427352908386
-0.248194089353251
-0.225121675547149
-0.201931960758432
-0.179320665983707
-0.157944032003915
-0.138406305407993
-0.12124827675262
-0.106937066650707
-0.0958573339930926
-0.0883040560633738
-0.0844770034073066
