0.948939439150689
0.94796868557846
0.946049436580173
0.943225780877074
0.939562789765532
0.935145262857988
0.930076088534392
0.924474246536609
0.918472486160249
0.912214718982488
0.90585316992229
0.899545334582585
0.893450794205109
0.887727942122796
0.882530677280026
0.878005121179553
0.874286414492916
0.871495648539183
0.86973698491031
0.869095013729579
0.869632397415783
0.871387842446481
0.874374436537198
0.878578382959754
0.883958157501488
0.890444106916153
0.897938500741673
0.906316041170067
0.915424828364475
0.925087771342872
0.935104427403204
0.945253246163799
0.955294187745761
0.964971678535024
0.974017862427965
0.982156100574527
0.989104668465163
0.994580595829733
0.998303592282592
1
0.999406713981295
0.996275010637253
0.990374226566389
0.981495231406666
0.969453641556031
0.954092725296162
0.935285954372572
0.912939162311175
0.886992275605737
0.857420590301696
0.824235573330288
0.787485175106651
0.74725364728509
0.703660867048951
0.656861176784799
0.607041755334305
0.554420544117481
0.499243758166984
0.441783018399484
0.382332147178323
0.321203674302247
0.258725104908469
0.195235004336455
0.131078957706051
0.0666054637775171
0.00216182355330474
-0.0619099159619023
-0.125276903404468
-0.187619252557537
-0.248633584965502
-0.308036294536436
-0.365566487433453
-0.42098855569706
-0.474094348820291
-0.524704913826087
-0.572671781172735
-0.61787778093168
-0.660237381031264
-0.699696546824338
-0.736232128700288
-0.769850791805764
-0.800587509048036
-0.828503645319099
-0.853684667191291
-0.876237518097422
-0.896287704130094
-0.913976139995765
-0.929455808270552
-0.9428882878704
-0.954440209525019
-0.964279697004015
-0.972572852870242
-0.979480346629867
-0.985154161325584
-0.98973455190835
-0.993347265166932
-0.996101066650271
-0.998085614953887
-0.999369718038812
-1
