1
0.999275382135283
0.997792789820541
0.995486216259278
0.992258405092908
0.987982921323603
0.98250685699834
0.975654125208848
0.967229285786112
0.957021836815081
0.944810897916745
0.930370204274838
0.913473324738212
0.893899013100837
0.871436598920518
0.845891323031767
0.817089523260277
0.784883577753512
0.74915651677651
0.709826218731865
0.666849112472134
0.620223315583079
0.569991147107652
0.516240963014804
0.459108273438403
0.39877611214967
0.335474640699626
0.269479981985339
0.201112290458448
0.130733078607162
0.0587418315045349
-0.0144280470690942
-0.0883139023418614
-0.162429045251337
-0.236268443993199
-0.309314808127813
-0.381044976068316
-0.450936511266781
-0.518474408379721
-0.583157808199544
-0.644506619229464
-0.702067944475347
-0.755422214323582
-0.804188930238128
-0.848031929386756
-0.886664087116137
-0.919851382335226
-0.947416260212389
-0.96924023700076
-0.985265703118039
-0.995496892646529
-1
-0.998902437430253
-0.992391240116746
-0.980710638593034
-0.964158831010664
-0.943084000024525
-0.917879630710648
-0.888979196715014
-0.856850291609791
-0.821988291047034
-0.784909638612369
-0.746144854176139
-0.706231367922187
-0.665706286033994
-0.625099195187701
-0.584925112520873
-0.545677685619228
-0.507822743321796
-0.471792292843629
-0.437979051934698
-0.406731596637377
-0.378350195797971
-0.353083392974906
-0.331125384929601
-0.312614233662727
-0.297630936157837
-0.286199362814538
-0.278287062199083
-0.27380691641882
-0.2726196183455
-0.27453692927446
-0.279325663608967
-0.286712335988324
-0.29638839610894
-0.308015967477994
-0.321233998630199
-0.335664729049955
-0.350920367272207
-0.366609875460207
-0.382345753227077
-0.397750713604817
-0.412464145867397
-0.426148263356171
-0.438493839482779
-0.449225441618839
-0.458106080521696
-0.464941202167705
-0.469581959225533
-0.471927710740501
