0.209659161841188
0.211439960620203
0.215003818671828
0.220354962485157
0.227499002165635
0.236442074288683
0.247189729358066
0.259745589146376
0.27410980463927
0.290277350187837
0.308236193703672
0.327965386229028
0.349433116912274
0.372594781263036
0.397391111512352
0.423746417937085
0.451566989116053
0.480739697275635
0.511130852178247
0.542585343446871
0.574926106856731
0.607953945028981
0.641447727211929
0.675164986525475
0.7088429262771
0.742199839844367
0.774936941277895
0.806740596333327
0.8372849362171
0.866234829055609
0.893249177096435
0.917984501045786
0.940098766855103
0.959255404801471
0.975127465961237
0.987401857243663
0.995783593108362
1
0.999804808444491
0.994982067695258
0.985349818812025
0.970763464097343
0.951118773889774
0.926354475783024
0.896454376356218
0.861448971395523
0.821416507280117
0.776483463601153
0.726824435074018
0.672661399274131
0.614262365548718
0.551939409498092
0.486046106542372
0.416974387152562
0.345150845187765
0.271032539303782
0.195102335447288
0.117863845895191
0.0398360270197207
-0.0384524961544148
-0.116469305582729
-0.193684189072989
-0.269575182603329
-0.343634574594291
-0.415374790124818
-0.484334073764762
-0.550081891580579
-0.612223975939498
-0.670406940955225
-0.724322401732274
-0.773710536906305
-0.818363041258295
-0.858125423300355
-0.892898611576133
-0.922639842863484
-0.94736281537557
-0.967137100285596
-0.982086815300835
-0.992388574431103
-0.998268738381817
-1
-0.99789734876428
-0.992313467294113
-0.983633621124292
-0.97227011042329
-0.958656358815304
-0.943240719896865
-0.926480086335622
-0.908833389534124
-0.890755079685444
-0.87268867660907
-0.85506048102234
-0.83827353388182
-0.822701908146259
-0.808685412813068
-0.796524783426494
-0.78647742652787
-0.778753777812771
-0.773514325187306
-0.770867338599803
