0.531182573945178
0.534784488721537
0.541937022081308
0.55253817327333
0.566436413287526
0.583432431965914
0.603281435363678
0.625695966347581
0.650349215306395
0.67687878214968
0.704890845557784
0.733964690781179
0.763657543227969
0.793509651673089
0.823049562211303
0.851799522089338
0.879280951311409
0.905019919428523
0.928552565196505
0.949430397812505
0.967225420196511
0.981535017245705
0.991986555118905
0.998241641360927
1
0.997002920585732
0.989036245415036
0.975932864848059
0.957574696570591
0.933894130835756
0.904874930035838
0.870552577334215
0.831014075446635
0.786397202921342
0.736889241351719
0.68272519278959
0.624185512142992
0.561593384474928
0.495311581811567
0.425738938268295
0.353306485966094
0.278473297303027
0.20172208163826
0.123554586319859
0.0444868532316862
-0.034955617352887
-0.114242743835868
-0.192844730127619
-0.270236872310014
-0.345904256963354
-0.419346305284282
-0.490081119895215
-0.557649594450391
-0.621619249726939
-0.681587763794778
-0.737186168027342
-0.78808168508479
-0.833980189510226
-0.87462827616503
-0.909814926330328
-0.939372765857885
-0.963178914208157
-0.981155427511875
-0.993269342884481
-0.999532335064744
-1
-0.994770783226288
-0.983984573763929
-0.967820986745825
-0.946497360101265
-0.920266492323214
-0.889414149649197
-0.854256371888403
-0.815136606640017
-0.772422701785007
-0.726503785915947
-0.677787065821714
-0.626694569295017
-0.573659860413043
-0.519124753090144
-0.463536047153563
-0.407342309487227
-0.350990720963619
-0.294924007978608
-0.239577475456994
-0.185376156243878
-0.132732089873274
-0.0820417418423337
-0.0336835727455391
0.0119842350369104
0.0546258869278675
0.09392991722513
0.129610958074152
0.161411333800962
0.189102478933603
0.212486178938608
0.231395633232796
0.245696340410534
0.255286805866837
0.260099072115056
