0.318329316441615
0.312710287588692
0.30155805483564
0.285043058982998
0.263417955718675
0.237014057048032
0.206236665852596
0.171559370062144
0.13351737769451
0.0926999875939221
0.0497423028835635
0.00531630476417488
-0.0398785868159351
-0.0851253320508708
-0.129699331065541
-0.172878582868874
-0.213953800727534
-0.252238342275937
-0.287077815787737
-0.317859229140703
-0.344019555029141
-0.365053594805657
-0.380521033830223
-0.390052593207857
-0.393355196123313
-0.390216081429468
-0.380505812496949
-0.364180145354624
-0.341280736603474
-0.311934688224201
-0.276352942974069
-0.234827560335515
-0.187727918698275
-0.135495904397921
-0.0786401621795371
-0.0177294944045393
0.0466144923104814
0.113725384501716
0.182900486633787
0.253409750190124
0.324504979517208
0.395429184272925
0.465425947682911
0.53374868109864
0.599669638541388
0.662488569942566
0.721540898561002
0.776205316453402
0.825910701753008
0.87014227270932
0.908446905775569
0.940437558300909
0.965796750379104
0.984279074902728
0.995712719644005
1
0.997116915671886
0.987111758771185
0.970102814444054
0.946275207873473
0.915876963268757
0.879214351010105
0.836646608331011
0.788580126663903
0.735462204939462
0.677774472638591
0.616026089196009
0.55074682742157
0.482480147943255
0.411776369315489
0.339186034436245
0.265253568360474
0.190511315593999
0.115474036632383
0.0406339340242998
-0.0335437322422057
-0.106624391525987
-0.17820723489783
-0.247927588814241
-0.315458578357443
-0.380512080819119
-0.442838982708778
-0.502228765150051
-0.558508453893747
-0.611540980640933
-0.661223011862975
-0.707482309675674
-0.750274696438883
-0.789580700500089
-0.825401964793033
-0.857757502778034
-0.886679887432478
-0.912211458657728
-0.934400632578531
-0.953298392815202
-0.968955038974889
-0.981417261428012
-0.990725604023651
-0.99691236788838
-1
