-0.0284712642189542
-0.0271783998010875
-0.0245728226476153
-0.0206154828197596
-0.0152494092802681
-0.00840159872553869
1.45249875018738e-05
0.0100961300719229
0.0219475346238833
0.0356763725633571
0.0513894456430659
0.0691883464864844
0.0891649431329664
0.111396819479326
0.135942768236665
0.162838433521185
0.192092198949406
0.223681414122475
0.257549047701099
0.293600848960976
0.331703091875004
0.371680966515827
0.413317672057438
0.456354254046814
0.500490216104008
0.545384922996503
0.590659798338273
0.635901306213008
0.680664692046866
0.724478444293734
0.76684942517804
0.807268606093919
0.845217331502655
0.880174024507692
0.911621237906447
0.939052946589533
0.961981970827286
0.979947415372229
0.992522006508947
0.99931920826559
1
0.994279200493508
0.981931228501229
0.962795196362936
0.936779241686947
0.903864012165997
0.864105230126461
0.817635276283442
0.764663746184385
0.705476947763696
0.640436324074552
0.569975801372979
0.494598079055368
0.414869894240579
0.331416309786797
0.244914089989244
0.156084242872049
0.0656838216308122
-0.0255029098191791
-0.116673831283829
-0.207018715494938
-0.295729239321885
-0.382009118621982
-0.465084224772564
-0.54421253943447
-0.618693804738808
-0.687878728874513
-0.751177611958413
-0.808068264034223
-0.858103095982773
-0.900915274912178
-0.9362238480843
-0.963837753446587
-0.983658650175508
-0.995682519077935
-1
-0.996795451305333
-0.986344734741651
-0.96901174734531
-0.945243740164461
-0.915565481241078
-0.88057233721496
-0.840922363843095
-0.797327510424031
-0.750544056355116
-0.701362409627873
-0.65059640680505
-0.599072261770335
-0.54761731617679
-0.497048747951818
-0.448162395387482
-0.40172185323101
-0.358447993801831
-0.319009060542568
-0.284011473640061
-0.25399147753887
-0.229407748454608
-0.210635066547647
-0.197959142434766
-0.191572671416115
