0.300596304900603
0.302877502850613
0.307422985687567
0.314199098302519
0.323155783223462
0.334227084296888
0.347331807457727
0.362374329540222
0.379245544084392
0.397823931264706
0.417976737437336
0.439561248394663
0.462426139252033
0.486412882989312
0.511357199042152
0.537090522993858
0.563441478362916
0.590237331713589
0.617305412832898
0.64447448250772
0.671576031487318
0.698445495511841
0.724923372804891
0.750856232143363
0.776097601502459
0.800508729297575
0.823959212374853
0.846327487104317
0.86750118216811
0.887377333875497
0.905862467040017
0.92287254658715
0.938332807088911
0.952177469312533
0.96434935459358
0.974799409372086
0.983486153539201
0.990375067310732
0.995437932155901
0.998652141852012
1
0.999468020318346
0.997046245734157
0.992727601715577
0.986507298448908
0.978382295370808
0.968350840238897
0.956412093384962
0.942565846069051
0.926812339968679
0.909152192826036
0.889586433170849
0.868116644872051
0.844745220083542
0.819475716974336
0.792313316507452
0.763265370490476
0.732342031198029
0.699556951094825
0.664928039597626
0.62847826243252
0.590236467994511
0.550238224219819
0.508526648853869
0.465153215651922
0.42017851899224
0.37367297961678
0.32571747474004
0.276403876576728
0.225835484422561
0.174127336764681
0.121406391479543
0.0678115639735257
0.0134936151082381
-0.0413851171012577
-0.0966511457538022
-0.152120424667783
-0.207599098275875
-0.262884408318718
-0.3177657514253
-0.372025879302132
-0.425442230980959
-0.477788384431398
-0.528835612864332
-0.578354529265471
-0.626116801134834
-0.671896916092212
-0.715473977962438
-0.756633512194952
-0.795169259012901
-0.830884932536247
-0.863595924285167
-0.893130929943258
-0.919333479039303
-0.94206334828112
-0.961197840630509
-0.976632913825441
-0.988284143911145
-0.996087511408892
-1
