-0.937863783967134
-0.936322428601681
-0.933204822508458
-0.928442085703344
-0.921933158210526
-0.913547465165333
-0.903128392972256
-0.890497511936316
-0.875459466715395
-0.85780744320399
-0.837329109272703
-0.813812917345162
-0.78705464925871
-0.756864078359782
-0.723071620428551
-0.685534843874166
-0.644144710719689
-0.598831423195626
-0.549569756237308
-0.496383763752781
-0.439350756078015
-0.378604457415986
-0.314337265085838
-0.246801546880273
-0.176309928511816
-0.10323453976881
-0.0280052053306563
0.0488934160728465
0.126925722620914
0.205510051266328
0.284024494082269
0.361813576211732
0.438195707109678
0.512471302623712
0.58393146284001
0.651867079743587
0.715578239795008
0.774383779668135
0.827630848752024
0.874704329685633
0.915035968221684
0.948113066122868
0.973486595559115
0.990778600540225
0.999688760188515
1
0.991583050495417
0.97439986762808
0.948505845769955
0.914050771791577
0.871278487415614
0.820525246371406
0.762216772609761
0.696864045647253
0.625057858687816
0.547462214209439
0.464806639904755
0.377877524937658
0.28750859215132
0.19457063588399
0.0999606671907465
0.00459061833246888
-0.0906242337896487
-0.184776960138299
-0.276980619906489
-0.366379680244589
-0.452161048976932
-0.533564558603411
-0.609892747025123
-0.680519789956299
-0.744899451752865
-0.802571935231156
-0.85316952676613
-0.896420950314683
-0.932154362748377
-0.96029894272051
-0.980885045936971
-0.994042920837113
-1
-0.999076803749167
-0.991681513113345
-0.978303289195541
-0.959504434804009
-0.935911511617248
-0.908205541923396
-0.877111437848629
-0.84338681275452
-0.807810338957641
-0.771169822957465
-0.734250173839321
-0.697821442375269
-0.662627107544364
-0.629372783742816
-0.598715515902212
-0.571253821168195
-0.547518624839298
-0.527965225088824
-0.512966405788876
-0.502806799752824
-0.497678586166271
