0.525480004141131
0.520214551776506
0.509721888393111
0.494078329324303
0.473397927824124
0.447831967648965
0.41756828046476
0.382830383243532
0.343876430016371
0.300997971815016
0.254518518400708
0.204791895479903
0.152200391567449
0.0971526894965991
0.040081578800885
-0.0185585531942692
-0.0782944517410005
-0.138636944318356
-0.199084104694359
-0.259124623548848
-0.318241374564846
-0.3759151614512
-0.431628627766713
-0.484870307739099
-0.535138792578464
-0.581946983145821
-0.624826396325808
-0.663331489143658
-0.697043961633652
-0.725576996781815
-0.748579393598905
-0.765739547595252
-0.776789231685902
-0.781507129904837
-0.779722076294828
-0.771315951999837
-0.756226194944902
-0.734447878558778
-0.706035318780623
-0.671103172085622
-0.629826991445899
-0.582443211980722
-0.529248543500975
-0.470598753162824
-0.406906827949778
-0.338640513626358
-0.266319234066808
-0.190510402367545
-0.111825142804452
-0.0309134503926056
0.0515411775601451
0.134827596052209
0.218213304105492
0.300951117775286
0.382286162331646
0.461463115792286
0.537733630980372
0.610363859053997
0.678641994086047
0.741885755832392
0.799449726369201
0.850732455851261
0.895183253272815
0.932308579817137
0.961677965162624
0.982929370958154
0.995773930560655
1
0.995476461942714
0.982155232095023
0.960072925932733
0.929351652773542
0.890198913908981
0.842906591671211
0.7878490267991
0.725480192157155
0.656329981613921
0.580999643564814
0.500156399048679
0.414527294519431
0.32489234895886
0.232077064024059
0.136944374189728
0.0403861212574013
-0.0566858559437645
-0.153348920438981
-0.248679024076428
-0.341760179011166
-0.431693908302308
-0.517608569668339
-0.598668447186161
-0.674082507753274
-0.743112722441384
-0.805081857418832
-0.859380644856964
-0.905474251094277
-0.94290796722951
-0.971312056153842
-0.99040569970385
-1
