-0.0319610641621695
-0.0285101294941899
-0.0216541580170369
-0.011484174759107
0.00186519634167692
0.0182179922497221
0.0373598637074535
0.0590416708569075
0.0829836602949652
0.108880152274421
0.136404657972893
0.165215339294021
0.1949607176661
0.225285533863996
0.255836658077417
0.286268948331918
0.3162509559607
0.34547037911943
0.37363916929935
0.400498201364806
0.425821424732517
0.44941942180889
0.471142309572577
0.490881931075407
0.508573295460046
0.524195237665936
0.537770282111937
0.549363708090945
0.55908182816881
0.567069504324746
0.573506939681865
0.578605796237785
0.582604700807888
0.585764212240699
0.588361332673679
0.590683654003831
0.593023237706605
0.595670331527217
0.598907030293961
0.603000990093123
0.60819930525706
0.614722656036797
0.622759831472546
0.632462726883111
0.643941908639456
0.657262830566865
0.672442776557948
0.689448592922614
0.708195261819696
0.728545353995959
0.75030938520492
0.773247086306661
0.797069582385924
0.821442461500627
0.845989699119898
0.870298390161712
0.893924227022016
0.916397649317556
0.937230579449385
0.955923647723096
0.971973801806798
0.984882187918849
0.994162185440681
0.999347472746076
1
0.995717744551531
0.986142126341136
0.970964964447079
0.949934861463963
0.922862909763864
0.889627622734787
0.85017900469306
0.804541685172031
0.752817056522788
0.695184368027651
0.631900744811203
0.563300115510504
0.489791048699519
0.411853514210299
0.330034601509516
0.244943242929687
0.157244004580348
0.0676500219449707
-0.0230848297138966
-0.114174428168951
-0.204809447890701
-0.294166833401673
-0.381419574132225
-0.46574664741829
-0.546342993059816
-0.622429381639208
-0.693262039606239
-0.758141896962832
-0.81642332819048
-0.867522263787565
-0.91092355832646
-0.946187511176983
-0.972955447823027
-0.990954282849257
-1
