0.233369433010748
0.230599181944164
0.225082092754145
0.216864896176943
0.206017449146084
0.192632444205951
0.176825016233303
0.158732241744749
0.138512525224769
0.116344866279732
0.092428001041146
0.0669794111335353
0.0402341937103783
0.0124437865605906
-0.0161254568935396
-0.0451938467470733
-0.0744700924982804
-0.103653196501163
-0.132434503780182
-0.160499904713022
-0.187532184577492
-0.213213511268667
-0.237228049667198
-0.259264688229054
-0.279019860424395
-0.296200440735181
-0.310526692085797
-0.321735238887755
-0.32958203738731
-0.333845312771535
-0.334328430569394
-0.330862668331766
-0.323309852435911
-0.311564824177812
-0.295557699126251
-0.275255884044545
-0.250665816560715
-0.2218343941977
-0.188850061366167
-0.151843525468819
-0.110988076352853
-0.0664994869530369
-0.0186354770595241
0.0323052733191718
0.0859845695962733
0.14202661057893
0.200020356558934
0.259522349563054
0.32005997193177
0.381135123476156
0.44222829157996
0.50280298285256
0.56231047938415
0.620194877391894
0.675898361157939
0.728866660726444
0.778554637922152
0.824431941946695
0.86598867316267
0.902740991744017
0.934236606699135
0.960060080396042
0.979837884161373
0.99324314180082
1
0.999887567502186
0.99274336870162
0.978466261805395
0.957018776958835
0.928428835643897
0.892790819181908
0.850265961226124
0.801082046632688
0.74553240695984
0.683974210967402
0.616826056769531
0.544564880627961
0.467722205652206
0.386879761789302
0.302664516330724
0.215743161632839
0.126816113738375
0.0366110820035115
-0.0541237244107234
-0.144626682314706
-0.234130057473394
-0.321867446421628
-0.40708127635194
-0.489030280898258
-0.566996869215765
-0.64029430634083
-0.708273624404983
-0.77033018685953
-0.825909831415668
-0.874514521878766
-0.915707444402338
-0.949117489843
-0.974443070787068
-0.991455229357224
-1
