1
0.999619585545182
0.998823989842529
0.997544476239262
0.995679917549743
0.993099128942856
0.989643911751313
0.98513275248108
0.979365109160343
0.972126206179804
0.963192249127629
0.952335962978906
0.939332350502389
0.923964563010783
0.906029772690165
0.885344934754316
0.861752328604376
0.835124770025129
0.805370391176646
0.772436891672954
0.736315172276981
0.697042272553767
0.654703545056228
0.609434011089627
0.561418856611848
0.510893041157612
0.458140007593152
0.403489495769666
0.347314478498826
0.290027253468644
0.232074739501332
0.173933039680334
0.116101347104694
0.05909528114199
0.00343975283982934
-0.0503385325656802
-0.101718820500461
-0.150194177921686
-0.195279364986255
-0.236518580414798
-0.273492953604017
-0.305827658750858
-0.333198530497505
-0.355338066834193
-0.372040713123186
-0.383167331016954
-0.388648767592356
-0.388488453039548
-0.382763969533737
-0.371627549263187
-0.355305475753087
-0.334096379362914
-0.30836843488511
-0.278555486269141
-0.24515214036896
-0.208707887997285
-0.169820326206643
-0.12912757035502
-0.0872999579175499
-0.0450311579573991
-0.00302881047283177
0.0379951716780296
0.0773344990518954
0.11429845642751
0.148221762193952
0.178474190292994
0.204469810836784
0.225675709875273
0.241620055292219
0.251899384377365
0.256184999136278
0.254228367708424
0.245865444190313
0.231019834500082
0.20970475244636
0.182023727631982
0.148170044971322
0.108424914155978
0.0631543860879096
0.0128050518289216
-0.0421014222904033
-0.100974852376275
-0.163164100059611
-0.227965538356226
-0.294632303973155
-0.362384207692388
-0.430418164281325
-0.497918995216834
-0.56407045149566
-0.628066300034523
-0.689121315700846
-0.746482021887333
-0.799437025742515
-0.847326799651875
-0.889552768252106
-0.925585570043127
-0.954972374395166
-0.977343148258529
-0.992415781971189
-1
