1
0.991595695783942
0.974881574651313
0.950045352923142
0.917365477376803
0.87720742210712
0.83001883371846
0.776323594156366
0.71671488586006
0.651847358031042
0.582428505459064
0.509209382338777
0.432974782686905
0.354533026197399
0.274705493546722
0.194316058210265
0.114180562733575
0.0350964861106791
-0.0421670545183308
-0.116878830169601
-0.188354424170114
-0.255964433432945
-0.319141837272747
-0.377388436894038
-0.43028028276317
-0.477472022301713
-0.518700116481007
-0.553784890708153
-0.582631402616996
-0.605229126752216
-0.621650473398161
-0.632048175696459
-0.636651595464625
-0.635762013529255
-0.629746984693554
-0.619033850459393
-0.604102514129053
-0.585477592755563
-0.563720068453351
-0.539418567711658
-0.513180401490361
-0.485622500971467
-0.457362383870938
-0.4290092841983
-0.401155574330618
-0.374368602318722
-0.349183059572359
-0.326093984610073
-0.305550497567661
-0.287950347817288
-0.273635343559324
-0.262887717828651
-0.25592747023819
-0.252910708205653
-0.253928995621848
-0.259009701168953
-0.268117323031679
-0.281155751803776
-0.297971419208087
-0.318357267037947
-0.342057458692264
-0.368772744997527
-0.398166386845858
-0.429870529663038
-0.463492918960891
-0.498623842302842
-0.53484318096843
-0.57172745446031
-0.608856742743629
-0.64582137470017
-0.682228276646596
-0.717706881807627
-0.751914510224811
-0.784541138569211
-0.815313490539518
-0.8439983907748
-0.870405338286152
-0.894388269094927
-0.915846491828629
-0.934724794235941
-0.951012732705184
-0.96474313067364
-0.97598982507303
-0.984864712452781
-0.991514157955137
-0.99611484069847
-0.998869118190781
-1
-0.999745826931458
-0.998354756312143
-0.996079156590499
-0.993170015292646
-0.989871463423397
-0.986415516685454
-0.983017129463464
-0.979869651460397
-0.977140769287966
-0.974969006331444
-0.973460843986255
-0.972688516073219
