1
0.994222326425009
0.982701216757056
0.96550493774227
0.94273536998632
0.914527387426811
0.881048034780342
0.842495507098364
0.79909793660483
0.751111993029335
0.698821304690764
0.642534708626322
0.582584339096236
0.519323564821435
0.453124786325215
0.384377105744225
0.313483882442206
0.240860188693689
0.166930180595624
0.0921244002028734
0.0168770256584687
-0.0583769132094879
-0.133204335736521
-0.2071769091091
-0.279873825872368
-0.350884540948045
-0.419811448690292
-0.486272480485315
-0.549903603527831
-0.610361201692129
-0.667324319864153
-0.720496753718973
-0.769608967718626
-0.814419825070196
-0.854718114522595
-0.89032386019021
-0.921089402067382
-0.946900236532398
-0.96767560792368
-0.983368844192247
-0.993967431679085
-0.999492826217472
-1
-0.995576725957827
-0.986342603753339
-0.972447833863526
-0.954071748605119
-0.931421111298234
-0.904728197056669
-0.874248670903392
-0.840259281012694
-0.803055386849815
-0.762948343789085
-0.720262767418769
-0.675333702161802
-0.628503720035807
-0.580119976324252
-0.530531249617041
-0.480084994089821
-0.429124432015992
-0.37798571433676
-0.326995176648311
-0.276466717201022
-0.226699322446569
-0.177974764321659
-0.130555491832212
-0.0846827376132246
-0.0405748580044916
0.00157407717823399
0.0415954315595759
0.0793468749289321
0.114712973777089
0.14760549464732
0.177963418382528
0.205752666475708
0.230965543867406
0.25361990564437
0.27375805814191
0.29144540790216
0.306768874756155
0.319835087945222
0.330768386644028
0.339708648463477
0.346808971468614
0.352233236919868
0.356153581313646
0.358747807342489
0.36019676410122
0.360681727223768
0.360381809639323
0.359471433284529
0.358117891403135
0.3564790300127
0.354701075730895
0.352916635446889
0.351242891315654
0.349780012267761
0.34860980069094
0.347794590182041
0.347376407321455
