-0.24720579949649
-0.250916560309075
-0.258281169308937
-0.269186513993128
-0.283464698485072
-0.300895145931811
-0.321207360296841
-0.344084312768213
-0.369166410180215
-0.39605599559005
-0.424322324553632
-0.453506954792942
-0.483129481916826
-0.512693549711759
-0.541693060310862
-0.56961850731691
-0.595963353723724
-0.620230376261508
-0.641937898583026
-0.660625837492742
-0.675861489170422
-0.68724498601141
-0.694414359242686
-0.697050147810312
-0.694879500092702
-0.687679721688975
-0.675281229767789
-0.657569882138476
-0.634488657216486
-0.606038669289245
-0.572279511834442
-0.533328929988027
-0.489361831492648
-0.440608653470199
-0.387353110050482
-0.329929353153065
-0.268718585469797
-0.204145170847937
-0.136672292754669
-0.0667972162494895
0.00495378715076744
0.078030789199109
0.151865764448534
0.225878293393968
0.29948134250835
0.372087054795275
0.443112485665948
0.511985220946129
0.578148816585589
0.641068003124363
0.700233602103836
0.755167106325093
0.805424881073937
0.850601949067646
0.890335327844723
0.924306894524595
0.952245759216646
0.973930134764683
0.989188696882232
0.997901434977563
1
0.995467561381633
0.98433819052762
0.966695793258089
0.942672618067538
0.912447370994907
0.876242971249975
0.834323984490219
0.786993772767793
0.734591401660048
0.677488345960725
0.616085035553933
0.55080728274047
0.482102631366126
0.410436666652672
0.336289322700336
0.260151222268435
0.182520080706312
0.103897202862837
0.0247840985151766
-0.0543207616055642
-0.132925030683802
-0.210545396683573
-0.286710307885079
-0.360962505256148
-0.432861357151255
-0.501984994950636
-0.567932251111338
-0.630324403656879
-0.688806733346196
-0.743049901606607
-0.792751158769058
-0.837635393194455
-0.877456032523672
-0.911995808525394
-0.941067396868122
-0.964513942626301
-0.982209481473709
-0.994059265355029
-1
