0.621044281197185
0.625395209243355
0.634003780015635
0.646685072695186
0.663165803000386
0.683089162673949
0.706021145392713
0.731458253126876
0.758836453757698
0.787541239651229
0.816918618225581
0.846286849646819
0.874948733905111
0.902204239871615
0.927363262678657
0.949758293007658
0.96875678266107
0.983772995129204
0.99427913767611
0.999815582640165
1
0.994535240568772
0.983215829175093
0.965932949549527
0.942677827004718
0.913543440985649
0.878724526757872
0.838515853459452
0.79330879401726
0.743586230564413
0.689915866538803
0.632942043146758
0.573376182910772
0.511986006178096
0.449583687369182
0.38701313604797
0.32513660329699
0.264820826122066
0.206922931486581
0.152276326929581
0.101676806457031
0.0558690984701584
0.0155340769262535
-0.0187231522093594
-0.0463840897339735
-0.0670264235358186
-0.080332185645824
-0.086094342730988
-0.0842217006898974
-0.0747420299726647
-0.0578033458249643
-0.0336733064185896
-0.00273672132853775
0.0345088074141768
0.077459059893066
0.125411107792034
0.177572850304168
0.233074041751162
0.290978651963971
0.350298378609373
0.410007111504514
0.469056132852566
0.52638982452101
0.580961644182223
0.631750126502189
0.677774663698376
0.71811082173425
0.751904954158579
0.77838788505573
0.796887445613868
0.806839665250061
0.807798437810116
0.799443505792337
0.781586630488753
0.754175843015373
0.717297700001189
0.671177497782828
0.616177429845908
0.552792703489732
0.481645662786921
0.403477995383333
0.319141130064225
0.22958495984419
0.135845051188407
0.0390285234384793
-0.0597011967686337
-0.159140523659686
-0.258062526344946
-0.355234161270623
-0.449433668713376
-0.539467875824846
-0.624189149547167
-0.702511747440554
-0.773427323023862
-0.836019354501695
-0.889476281552546
-0.933103153942935
-0.966331617822416
-0.988728090307366
-1
