-1
-0.994551090484427
-0.983687757403601
-0.967478679616161
-0.946026145940619
-0.919465188532542
-0.88796244183815
-0.851714739278724
-0.81094746257268
-0.765912661169539
-0.716886961621208
-0.664169288822302
-0.608078422887859
-0.548950416982249
-0.487135902649871
-0.422997310113171
-0.356906031587621
-0.289239555912028
-0.22037860270589
-0.150704283847867
-0.0805953193295225
-0.0104253334892631
0.0594397437101239
0.128644147310248
0.196844598702933
0.263712458585196
0.328935694687527
0.392220649870475
0.45329359874037
0.51190208358101
0.567816023098538
0.620828590195622
0.67075685769287
0.717442213565158
0.76075054982478
0.800572231630063
0.836821855497595
0.869437807621411
0.898381635228905
0.92363724561004
0.945209948925752
0.963125362119513
0.977428192212625
0.988180917952676
0.995462389203464
0.999366363615058
1
0.997482327474898
0.991942708818427
0.983519315662658
0.972357632093433
0.958609002008379
0.942429234191605
0.923977277537434
0.903413977218478
0.88090092087355
0.856599382116716
0.830669366868381
0.803268766210821
0.774552617701139
0.744672475360252
0.713775886921807
0.682005975392259
0.64950112056315
0.616394734846724
0.582815126691372
0.548885443886239
0.514723688293711
0.480442792960326
0.446150752153696
0.41195079465488
0.377941590598873
0.344217482293887
0.310868729753892
0.277981762136402
0.245639426874733
0.213921229014784
0.182903554092705
0.152659868802594
0.123260894682106
0.0947747510676933
0.0672670646190066
0.0408010437624533
0.0154375174366979
-0.00876506148204859
-0.0317506467581056
-0.0534656611953083
-0.0738590878973381
-0.0928825867546503
-0.110490631960946
-0.126640665921339
-0.141293264601181
-0.154412309182341
-0.16596515884336
-0.175922819559583
-0.184260104024444
-0.1909557781169
-0.195992689773144
-0.199357876651883
-0.201042649598409
