0.105710676496556
0.0955427536788289
0.0753874432447899
0.0456028880337958
0.00671902996545959
-0.0405709871105159
-0.0954220663847903
-0.156850879900515
-0.223751844854101
-0.294915100112302
-0.369046196777763
-0.444787189268481
-0.520738790972257
-0.595483241450317
-0.667607520666046
-0.735726539987994
-0.798505939852751
-0.854684129971964
-0.903093219735095
-0.942678503810879
-0.972516190612713
-0.991829088909661
-1
-0.996582599011738
-0.981309628484008
-0.954098269790201
-0.915052602518844
-0.864463107928281
-0.802803219309945
-0.730722968794677
-0.649039826079566
-0.558726869013264
-0.460898468253296
-0.356793707631023
-0.24775779780562
-0.135221772688783
-0.0206807854721844
0.0943286565433263
0.208252162088824
0.319541263390304
0.426677187675385
0.528194219697121
0.622702288379434
0.708908422604506
0.785636738677117
0.851846644839979
0.906648976019379
0.949319804315036
0.979311707103822
0.996262314432151
1
0.990546624820032
0.968117288862847
0.933117092946394
0.886134960054422
0.827934611436363
0.759442837521903
0.681735246173517
0.596019710429833
0.503617774037069
0.405944305155136
0.304485716153158
0.200777089941933
0.0963785704725841
-0.00714861341004869
-0.108266115816633
-0.205482058564966
-0.297373864071335
-0.382609979457023
-0.459970152398316
-0.528363942041832
-0.586847176082418
-0.634636097421478
-0.671118980180535
-0.695865034666009
-0.708630463539646
-0.709361576273101
-0.698194915249196
-0.675454393887317
-0.641645494176096
-0.597446617252432
-0.543697725443741
-0.481386456784638
-0.4116319327593
-0.335666516280432
-0.254815809124117
-0.170477205689315
-0.0840973426060291
0.00285119897967689
0.088893569935264
0.172576334104472
0.252490779349132
0.327295490242744
0.395737825721449
0.456673962352173
0.509087186579404
0.552104147003717
0.585008809990228
0.60725389819548
0.618469631365103
