1
0.989112364574209
0.967462853892524
0.935301371083297
0.892998750114412
0.841041993051397
0.780028022315619
0.710656033953259
0.633718557067723
0.550091342188495
0.46072221719485
0.366619063256665
0.268837074900034
0.16846547758864
0.0666138830040586
-0.0356015335819491
-0.137071847875903
-0.236709008179847
-0.333459082864905
-0.42631495876832
-0.514328324299044
-0.596620782075136
-0.672393949102881
-0.740938417639502
-0.801641466727433
-0.853993432692726
-0.897592666386943
-0.932149025328453
-0.957485869860898
-0.973540553682367
-0.980363420294346
-0.978115337763434
-0.967063824376315
-0.947577837006783
-0.920121312025771
-0.885245565114601
-0.843580671155281
-0.795825958264267
-0.742739760832703
-0.685128584994572
-0.623835846157349
-0.55973034202659
-0.493694625902879
-0.426613443930358
-0.359362396471829
-0.292796977953471
-0.227742141474887
-0.164982524362885
-0.105253458835895
-0.0492328782437975
0.00246578581713663
0.0492996365940011
0.0908012138806751
0.126582220745197
0.156336050079757
0.17983910425861
0.196950919486512
0.207613124246419
0.21184727833789
0.209751655079464
0.201497044089293
0.187321665440941
0.167525297722693
0.142462732444295
0.112536675200447
0.0781902199136539
0.0398990262718839
-0.0018366678847086
-0.046500067987813
-0.0935657493667147
-0.142507365145308
-0.19280501810382
-0.243952187635321
-0.29546211301541
-0.346873545757167
-0.397755796633786
-0.447713016790835
-0.49638766699644
-0.543463144237514
-0.588665550303469
-0.631764602443217
-0.67257370137601
-0.710949186627544
-0.746788823105431
-0.780029575792804
-0.810644741213596
-0.838640514717147
-0.864052081477346
-0.886939326263181
-0.907382262403651
-0.925476283861512
-0.941327345900563
-0.955047179466156
-0.966748642117385
-0.976541304203351
-0.984527363048282
-0.99079797031401
-0.995430048584991
-0.998483662737398
-1
