0.955231050185104
0.954428870948386
0.952830861356532
0.950449713892821
0.947304452948109
0.943420414474142
0.938829213702263
0.933568696690477
0.927682870622636
0.92122180708451
0.914241512004579
0.90680375559116
0.898975855436751
0.890830406006512
0.882444947987113
0.873901571447549
0.865286447452598
0.85668928366612
0.84820270057419
0.839921526231965
0.831942008873845
0.824360948300687
0.817274748644116
0.810778396876729
0.80496437325615
0.799921501726579
0.795733750118103
0.792478991745651
0.790227741679686
0.789041882503795
0.788973395755702
0.790063116435077
0.792339528923441
0.795817623371194
0.800497832040378
0.806365065229528
0.81338786623345
0.821517704295603
0.83068842368837
0.840815865907034
0.851797680491839
0.863513338210172
0.875824358253706
0.888574758754898
0.901591737330112
0.914686585543989
0.927655838197203
0.940282655206747
0.952338430617169
0.963584619997997
0.973774774194516
0.982656764154652
0.98997517840345
0.995473871727501
0.998898640813076
1
0.998536028012698
0.994275254551225
0.986999554005554
0.976507012328668
0.96261473229553
0.945161542008057
0.924010571596708
0.899051663627166
0.870203583748998
0.837415999618761
0.800671198082483
0.75998551299493
0.715410438862139
0.667033408689443
0.614978217964025
0.559405080557555
0.500510306454399
0.43852559554362
0.373716946204041
0.306383182003626
0.236854104467833
0.16548828448528
0.0926705094517422
0.0188089076438618
-0.0556682244978303
-0.130315862568663
-0.204675928661112
-0.278281163618995
-0.350659157781368
-0.421336498532544
-0.489842991084272
-0.555715907545056
-0.61850421850243
-0.677772761072226
-0.733106297662324
-0.784113420557629
-0.830430258850774
-0.87172394620459
-0.907695810415521
-0.938084248722688
-0.962667256239183
-0.981264578728162
-0.993739465158479
-1
