1
0.990578036380897
0.97183268677184
0.943959915519373
0.90725070759979
0.862087558605509
0.808939867129363
0.748358290292489
0.680968136728684
0.607461883861082
0.52859091761099
0.44515660260748
0.358000799383207
0.267995951832805
0.176034873284648
0.0830203628292598
-0.0101452149810539
-0.102570254309727
-0.193384005522455
-0.281746319378606
-0.366856917002322
-0.447964072011823
-0.524372600000468
-0.595451060754842
-0.660638090009543
-0.719447790004382
-0.771474121442304
-0.816394253448587
-0.853970842598676
-0.884053226802605
-0.906577534595538
-0.921565724974539
-0.9291235871334
-0.929437743079606
-0.922771708979742
-0.909461082994227
-0.889907938167199
-0.864574508488304
-0.833976264415779
-0.79867448084172
-0.759268405611082
-0.716387140219937
-0.670681346184878
-0.622814890787946
-0.57345654447896
-0.523271839202666
-0.472915192378359
-0.423022395283348
-0.374203557288665
-0.327036588893943
-0.282061296953879
-0.239774155040566
-0.200623800715471
-0.165007299772335
-0.133267205444048
-0.105689428332203
-0.0825019206072559
-0.063874166026875
-0.0499174557115704
-0.0406859185725849
-0.0361782649692517
-0.0363401927295223
-0.0410673962306856
-0.0502091119221252
-0.063572127573694
-0.0809251777267369
-0.102003644363042
-0.126514479720933
-0.154141267485635
-0.184549339248811
-0.217390865133596
-0.252309840759236
-0.288946897196077
-0.326943866141087
-0.365948039113466
-0.405616066901209
-0.445617453642463
-0.485637608649303
-0.52538042821788
-0.564570389054394
-0.602954144415569
-0.640301623450068
-0.676406643372119
-0.71108705284453
-0.74418443314816
-0.775563391232399
-0.805110485453077
-0.832732830602429
-0.858356433629007
-0.88192431516077
-0.90339447452846
-0.922737757405368
-0.939935685420981
-0.954978306177888
-0.967862120032246
-0.978588136836584
-0.987160111657488
-0.993583003355009
-0.997861693947394
-1
