0.4207437549406
0.412196837927605
0.395224879804963
0.370069716116773
0.337089340163059
0.296752276284666
0.24963021829141
0.196389050753078
0.137778396740446
0.0746198591796219
0.00779414389113686
-0.0617727297089602
-0.133123909651571
-0.205286652511887
-0.27728748547973
-0.348167346748185
-0.416996461872016
-0.482888717929183
-0.545015305311683
-0.602617408650079
-0.655017743555435
-0.701630754302798
-0.741971308989739
-0.775661752742467
-0.802437205828912
-0.822149021655655
-0.834766349126574
-0.840375774256419
-0.839179046778133
-0.831488928267202
-0.817723228538962
-0.798397126273276
-0.774113897518832
-0.745554201483793
-0.713464096418026
-0.678641979059379
-0.641924658720025
-0.604172791344666
-0.566255909549256
-0.529037291572124
-0.493358915123785
-0.460026741253246
-0.429796568565452
-0.403360689496918
-0.381335568015794
-0.364250742249002
-0.352539136398922
-0.346528944194023
-0.34643722136791
-0.352365297667686
-0.36429609007959
-0.382093368781059
-0.405502996259581
-0.434156128570262
-0.467574336333618
-0.505176572299088
-0.546287882606287
-0.590149730736281
-0.635931777007033
-0.682744932747053
-0.729655487358422
-0.775700088690116
-0.819901342771632
-0.861283788238321
-0.898889993889498
-0.931796524874219
-0.95912952405149
-0.980079660112734
-0.993916203012972
-1
-0.997795141864956
-0.986879128713331
-0.966951367270289
-0.937839857137584
-0.899505951118066
-0.852047104288273
-0.795697557470232
-0.73082693264834
-0.65793675019901
-0.577654910045122
-0.490728210510557
-0.39801300923708
-0.300464159557493
-0.199122382740586
-0.0951002611106011
0.0104329411894406
0.116267404417902
0.221169585919078
0.323899507303081
0.423228236580995
0.517955302144667
0.606925775970136
0.689046767969316
0.763303081949225
0.828771796032233
0.884635546454695
0.930194313148102
0.964875528115845
0.98824235300064
1
