-1
-0.99008203643074
-0.970351483464752
-0.941017907454358
-0.902392717199224
-0.854885674794984
-0.799000309083386
-0.735328286878487
-0.664542809581671
-0.587391114360712
-0.504686169606513
-0.417297663761796
-0.326142394720805
-0.232174173727714
-0.136373362972396
-0.0397361698339614
0.0567361770857693
0.152048244384523
0.245221077948814
0.335302632441731
0.421377827951939
0.502578121044536
0.578090484296111
0.647165696501004
0.709125854986185
0.763371031736759
0.809385006168581
0.846740019234264
0.875100505951082
0.894225776225179
0.903971626844121
0.9042908805459
0.895232860975643
0.876941824943611
0.849654385538176
0.813695971172301
0.769476376408955
0.71748447028978
0.658282136766126
0.592497529601693
0.520817730697918
0.443980906120911
0.362768058134784
0.277994474242218
0.190500975589397
0.101145067118706
0.010792090576504
-0.0796935210493328
-0.169456792814026
-0.257660470817197
-0.343492914781393
-0.426175542852877
-0.504969758856817
-0.579183300503767
-0.648175955855041
-0.711364604574596
-0.768227549984918
-0.818308117564419
-0.861217505135442
-0.89663687946059
-0.924318723161485
-0.944087444676641
-0.955839272271396
-0.959541460800944
-0.955230846917854
-0.943011794631443
-0.923053578505623
-0.895587256276748
-0.860902086251162
-0.81934154748645
-0.771299022469195
-0.71721320278846
-0.657563278195926
-0.592863968481847
-0.523660455834529
-0.450523272855272
-0.37404319824587
-0.294826208455772
-0.21348852936167
-0.130651827449633
-0.0469385750783827
0.0370323806769686
0.120650021267554
0.203315112820649
0.284443901064393
0.363471535744228
0.439855219816714
0.513077082919697
0.582646782409851
0.64810383857458
0.709019713420773
0.764999644686348
0.815684248391702
0.860750904340118
0.899914939493716
0.932930624111822
0.959591994970685
0.979733518926776
0.993230608590327
1
