1
0.996377377831379
0.989178624410007
0.978495926823613
0.964465592291115
0.947265717498655
0.927113142772435
0.904259742685361
0.878988115981226
0.851606747950377
0.822444727434743
0.791846108327604
0.760164011636407
0.727754568790984
0.694970809826461
0.662156601298426
0.629640738274199
0.597731292493064
0.566710314833229
0.536828984624885
0.508303291194786
0.481310324431329
0.455985241257003
0.432418963845587
0.410656653401892
0.390696990525522
0.372492279813726
0.355949382638049
0.340931468177951
0.327260559037074
0.314720834329024
0.303062640219382
0.29200714576121
0.281251570663219
0.270474901568878
0.259344004669402
0.247520035171469
0.234665038416729
0.220448633404671
0.204554667176731
0.186687728023231
0.166579406792984
0.143994198706041
0.118734942952439
0.0906477039346347
0.0596260061822391
0.0256143446123598
-0.0113890972189207
-0.0513305760966113
-0.0940998074768786
-0.139529901412188
-0.187398229890417
-0.23742822465391
-0.28929208971679
-0.342614398091167
-0.396976527898378
-0.45192187930857
-0.506961800840586
-0.561582141672088
-0.615250335949566
-0.667422915823452
-0.717553342217722
-0.765100036305313
-0.809534490403767
-0.850349334605533
-0.887066234961564
-0.919243500462626
-0.946483279397843
-0.968438230872127
-0.984817564261866
-0.995392348081906
-1
-0.998547881416353
-0.99101593295182
-0.977458301165085
-0.95800392163618
-0.932856038986665
-0.902290660221279
-0.866653953730586
-0.826358622145306
-0.781879292737274
-0.733746983981066
-0.682542720994116
-0.628890385643474
-0.573448898941591
-0.516903843767306
-0.459958644778813
-0.403325429493916
-0.347715699786615
-0.293830946403235
-0.242353340480382
-0.19393663542563
-0.149197409905321
-0.108706778107913
-0.0729826869818712
-0.0424829118790252
-0.0175988520900678
0.00134978371321326
0.0141193249426315
0.0205454562707275
