0.465525164780426
0.467526557772999
0.471521780157828
0.47749550816565
0.48542427080499
0.495275884369349
0.507008726267322
0.520570871295456
0.535899118360837
0.552917939975843
0.57153839049957
0.591657012009694
0.613154778788381
0.635896122644597
0.659728081636395
0.684479614180331
0.709961119037688
0.735964199261955
0.762261704909316
0.788608085199968
0.814740075935167
0.840377742399645
0.865225891801727
0.888975862626312
0.911307691211628
0.931892648530293
0.950396132686699
0.966480895167939
0.979810571538988
0.990053480188756
0.996886646043978
1
0.999100699291961
0.993917509258168
0.984205183030551
0.969748772712814
0.950367803649151
0.925920242503033
0.896306190097813
0.861471231342009
0.821409377077089
0.776165536330665
0.725837462200729
0.67057712038613
0.610591436146052
0.546142383131339
0.477546385981483
0.405173017707303
0.329442982552167
0.250825385104793
0.1698342967762
0.0870246411976925
0.00298743048714911
-0.0816556054927772
-0.166257944958536
-0.250154693912987
-0.332669429945335
-0.413121392563285
-0.490832935681657
-0.565137152149817
-0.635385575636039
-0.70095586188855
-0.761259349430516
-0.81574839917039
-0.863923413250779
-0.905339435727906
-0.939612241358684
-0.966423823840636
-0.985527201247906
-0.996750464060468
-1
-0.995262839753284
-0.982608078454177
-0.96218733936509
-0.934234258392595
-0.899062980722536
-0.857065673793093
-0.808709073858956
-0.754530096352497
-0.69513055293459
-0.631171030366715
-0.563363997950761
-0.492466221104415
-0.419270568509618
-0.344597309043101
-0.269285002240424
-0.194181092243664
-0.120132319942324
-0.0479750712615015
0.0214742187736061
0.0874284864941599
0.14913916639975
0.205904909295386
0.257079781418384
0.302080840417973
0.340394991670025
0.371585037349944
0.395294840828337
0.411253540159464
0.41927875654894
