-0.896319237302461
-0.888900909517372
-0.874130797140638
-0.85214140420261
-0.823130035801892
-0.787357070773437
-0.745143681467108
-0.696869020016549
-0.642966895027413
-0.583921966969215
-0.520265494680678
-0.452570669260391
-0.381447575181037
-0.307537821706424
-0.231508890578781
-0.154048248454478
-0.0758572746776897
0.00235494332539177
0.0798778934898816
0.156005947037988
0.230044636173904
0.30131684693628
0.369168873160235
0.432976278523837
0.492149515130527
0.546139248999521
0.594441345187318
0.636601468028255
0.672219255139937
0.70095202736642
0.722518000700976
0.73669897041074
0.743342442044359
0.742363188704875
0.733744218875279
0.717537144152935
0.693861941439206
0.662906109398284
0.624923224299704
0.58023090564655
0.529208207220042
0.47229245429496
0.409975552753717
0.342799800605023
0.271353236952486
0.196264567717276
0.118197711357249
0.037846011405245
-0.044073834163098
-0.126828073958217
-0.209672379517262
-0.291858440037059
-0.372640617242364
-0.451282601307688
-0.527064008450703
-0.59928686104628
-0.66728189187458
-0.730414615411595
-0.788091110888396
-0.839763464173536
-0.884934818354156
-0.923163986183231
-0.954069581296372
-0.977333629250523
-0.992704623963661
-1
-0.999107996306765
-0.989988892420592
-0.972675603775487
-0.947273628509411
-0.913960344030213
-0.87298365751002
-0.824660020375339
-0.769371822693205
-0.70756418906656
-0.639741203190826
-0.566461593535366
-0.488333917647214
-0.406011287281583
-0.320185680898165
-0.231581893981765
-0.140951181111507
-0.0490646466799483
0.0432935563779477
0.135333158571497
0.226264773931643
0.315306904782391
0.401692887626486
0.484677716973991
0.56354468494087
0.637611776025131
0.706237758617202
0.76882791749994
0.82483937481776
0.873785950714163
0.915242519018094
0.948848817963157
0.974312680906542
0.991412657329667
1
