-0.154939302792754
-0.157666231098197
-0.163082187988552
-0.171111774047358
-0.181642886209205
-0.194527901865256
-0.209585239182307
-0.226601278029208
-0.24533262230099
-0.265508681021631
-0.286834542425421
-0.308994112295905
-0.331653485209709
-0.354464515016157
-0.377068548905077
-0.399100287793968
-0.420191734517028
-0.439976190434102
-0.458092260605025
-0.474187827597527
-0.487923954314588
-0.498978676935034
-0.507050650151072
-0.511862608345801
-0.513164608166646
-0.51073702009754
-0.504393239090726
-0.493982087062583
-0.479389883058245
-0.460542160116196
-0.43740501128352
-0.409986050810388
-0.378334980252746
-0.342543752998178
-0.302746334564065
-0.259118059861928
-0.211874592439819
-0.161270494469169
-0.107597419897736
-0.0511819467119256
0.00761693239304262
0.0684106384786869
0.130784128575838
0.194299283575019
0.25849853131998
0.322908672319626
0.387044873696156
0.450414795516503
0.512522812520966
0.572874293474489
0.630979899926692
0.686359866076934
0.73854822169799
0.787096920670383
0.831579838610359
0.871596604325799
0.906776231391706
0.93678051798279
0.961307185215786
0.980092726616525
0.992914943912992
0.999595147140279
1
0.994042994517476
0.981685542256535
0.962937672654857
0.93785833240316
0.906555283179932
0.869184598440623
0.825949763317804
0.777100384988885
0.722930524083718
0.663776660810054
0.600015312446121
0.532060321663607
0.460359837779996
0.385393015477148
0.307666457745719
0.227710431807176
0.146074888513281
0.06332531721576
-0.0199615306725283
-0.103202015246432
-0.185810043947588
-0.26720153441144
-0.346798868936509
-0.42403530534439
-0.498359309427199
-0.569238774875903
-0.636165097540822
-0.698657072085476
-0.756264580546005
-0.808572043988228
-0.855201610349257
-0.895816053645195
-0.930121362004317
-0.957868994428951
-0.978857788780212
-0.992935506198603
-1
