-0.163225874153741
-0.158915871102084
-0.150387229845487
-0.137820999194888
-0.121484578905765
-0.101726791538361
-0.0789714435470963
-0.0537094858904184
-0.0264899085757051
0.00209047454024325
0.0313981750492229
0.0607749213187467
0.0895500865315848
0.117053438273013
0.142627988220165
0.165642717884241
0.185504957480417
0.201672199842014
0.213663139784356
0.221067741329841
0.223556150541844
0.220886290139424
0.212909993285152
0.199577557616343
0.180940626346626
0.157153330686552
0.128471656477254
0.0952510273374441
0.0579421263151045
0.0170850075290703
-0.0266984218981909
-0.0727134416476454
-0.120202945716436
-0.16835909956874
-0.216336047253891
-0.263263470008082
-0.308260782150594
-0.350451737755417
-0.388979212839526
-0.423019922817749
-0.451798833830109
-0.474603029287964
-0.490794799586052
-0.499823733302334
-0.501237602209783
-0.494691849848951
-0.479957513996921
-0.45692743680564
-0.425620642312479
-0.386184789049224
-0.338896635158687
-0.284160484309181
-0.222504612293415
-0.154575706014592
-0.0811313780971429
-0.00303085111438572
0.0787760650881435
0.163261551746714
0.249333738418573
0.335851839343749
0.421642249164248
0.505515361527959
0.586282860969525
0.662775229119895
0.733859200914032
0.798454905144488
0.855552426486678
0.904227532975073
0.943656323749963
0.973128566571381
0.992059512899355
1
0.996644674234122
0.981838197049954
0.955579324822727
0.918022785113237
0.869478904678312
0.810410978159038
0.741430400284479
0.663289618139911
0.576872993041369
0.483185693324775
0.383340769407601
0.278544590349184
0.170080846390074
0.0592933441981549
-0.0524321595575148
-0.163686825441947
-0.273058027084488
-0.379148796112502
-0.480597133611306
-0.576094906694952
-0.664406054171005
-0.744383834842672
-0.81498686557438
-0.875293713650832
-0.924515828925116
-0.962008625463722
-0.987280549490629
-1
