1
0.995971914961397
0.987946046047017
0.975982831700324
0.960172519485909
0.940634672896005
0.917517512071085
0.890997087185015
0.861276283174092
0.828583654570783
0.793172089459467
0.755317302021169
0.715316153790914
0.673484804623324
0.630156695452762
0.585680366241258
0.54041711402269
0.494738497661469
0.449023697829224
0.403656742739141
0.359023612335249
0.315509235879158
0.273494400171527
0.233352587948655
0.195446768261975
0.160126162834069
0.127723014442147
0.0985493852614041
0.0728940147598514
0.0510192681278496
0.0331582073071408
0.0195118174160627
0.0102464217146156
0.00549131818451842
0.00533667029037677
0.009831683519816
0.0189830978607477
0.0327540244579401
0.0510631523012259
0.073784347944206
0.10074666795316
0.131734800066712
0.166489944940857
0.204711145901729
0.246057069377275
0.290148233682463
0.33656967865001
0.384874063294039
0.434585173335743
0.485201815079362
0.536202066876838
0.58704785433497
0.637189810573955
0.686072378314152
0.733139106419577
0.777838089829532
0.819627498626822
0.857981139379847
0.892393989907206
0.922387647291252
0.947515628346473
0.967368461856376
0.981578512745976
0.989824479963159
0.991835512198552
0.987394888666792
0.976343215978846
0.958581096621888
0.934071229686466
0.90283991018773
0.864977899556435
0.820640646556668
0.770047844943584
0.713482321522668
0.651288255823557
0.583868740263583
0.511682697353652
0.435241178094562
0.355103073128431
0.271870275351102
0.186182339463646
0.0987106902543489
0.0101524371717383
-0.0787761421043383
-0.167346381934469
-0.254824201980287
-0.340477199716167
-0.423581786425138
-0.50343028977045
-0.579337945801607
-0.65064970393977
-0.716746770090341
-0.777052815536046
-0.831039782646354
-0.878233222661085
-0.918217105819203
-0.950638049849211
-0.975208919246704
-0.991711754759849
-1
