-0.811450116364433
-0.806919346501059
-0.797934694568113
-0.784648712336636
-0.76728718691726
-0.746145544997451
-0.721584145764661
-0.69402253557479
-0.663932753539255
-0.631831791933471
-0.598273328446039
-0.563838858588311
-0.529128365893216
-0.494750674706415
-0.461313635301446
-0.429414293657857
-0.399629198488109
-0.372504995982442
-0.348549458295318
-0.328223085092658
-0.311931408621605
-0.300018121892865
-0.292759136850117
-0.290357665040402
-0.292940397518207
-0.300554843760307
-0.313167871502909
-0.330665470915339
-0.352853747683606
-0.379461130685355
-0.410141761288737
-0.444480013190737
-0.481996074406429
-0.522152506797109
-0.564361683632929
-0.6079939923541
-0.652386678128555
-0.696853194180578
-0.740692917330327
-0.783201081852474
-0.823678781712024
-0.86144289051038
-0.89583575008157
-0.92623448258776
-0.95205978710923
-0.972784090006464
-0.987938928617209
-0.997121459974554
-1
-0.996318513819346
-0.98589999422852
-0.968648682642338
-0.944551104818819
-0.913675911982566
-0.876172536385013
-0.83226868854847
-0.782266741160083
-0.726539061534663
-0.665522370487824
-0.59971122010605
-0.529650696041578
-0.455928461395119
-0.379166268803388
-0.300011074876237
-0.219125896517253
-0.137180551833248
-0.0548424292487686
0.027232572916156
0.108408797744904
0.188079139014447
0.26567278344482
0.340662270677038
0.412569767336348
0.48097246472248
0.545507024236202
0.60587301036599
0.66183526766637
0.713225215393252
0.759941051044283
0.801946871702362
0.839270739515352
0.872001734586266
0.900286054725791
0.924322236675364
0.944355587303383
0.960671925689425
0.973590747745281
0.983457933908207
0.990638127341736
0.995506914885518
0.99844294563425
0.999820122458134
1
0.999324518729441
0.998109198568798
0.996636907530571
0.995152310853616
0.993857094459394
0.992906043359911
0.992404041150674
