0.563416400174402
0.555968592607103
0.54116832341439
0.519205070911252
0.490360034809092
0.455002559926109
0.413585442163467
0.366639179142552
0.314765241840835
0.258628456437418
0.198948597205475
0.136491301507035
0.0720584266159408
0.00647797509989601
-0.059406279260831
-0.12474532961993
-0.188695501325393
-0.250428907670403
-0.309143661708121
-0.364073713729028
-0.414498189787454
-0.459750114123594
-0.499224407343788
-0.532385062658644
-0.558771414179194
-0.578003424062025
-0.589785928986608
-0.593911800841621
-0.59026399138253
-0.578816445785306
-0.559633885243326
-0.532870473819692
-0.498767399462542
-0.457649413210901
-0.409920383967543
-0.35605793861075
-0.296607268491552
-0.232174193368034
-0.163417582434454
-0.0910412392030929
-0.0157853625067671
0.0615823002496168
0.140275489284147
0.219498539292966
0.298455439374089
0.376358731261297
0.452438135514266
0.525948801201088
0.596179081875592
0.662457749166785
0.724160564915885
0.780716143358101
0.831611046179284
0.876394065200262
0.914679659766051
0.946150528451436
0.970559307246477
0.987729398765517
0.99755494904673
1
0.995096856353449
0.982943715891157
0.963701620730034
0.937590795233346
0.904886442802383
0.865914079146876
0.821044483651645
0.770688353096093
0.71529074323215
0.655325383594739
0.591288949439005
0.523695371923737
0.453070263664237
0.37994553165291
0.304854243401676
0.228325805121617
0.150881502959897
0.0730304499099503
-0.00473402784542665
-0.0819375405458094
-0.158127305081766
-0.232874329739873
-0.305775116403488
-0.376452891835596
-0.444558387857082
-0.509770197784573
-0.571794743282776
-0.630365891708368
-0.685244268983505
-0.736216316962915
-0.783093147093826
-0.825709243877789
-0.86392107221273
-0.897605642128229
-0.926659082753106
-0.950995274617728
-0.97054458565882
-0.985252751644394
-0.995079936269206
-1
