0.28834142878902
0.285530339288914
0.279987595596191
0.271870499503926
0.261411109094901
0.248911641611228
0.234738469915073
0.219314817812634
0.203112282507738
0.186641333309387
0.170440954089726
0.155067612566274
0.141083752001164
0.129046010156772
0.119493376160704
0.112935498209159
0.109841353728911
0.110628488736263
0.115653024746076
0.125200619822763
0.139478555410582
0.158609102668004
0.182624301444413
0.211462262105411
0.244965075503209
0.282878389901764
0.324852686030357
0.370446253102078
0.419129840055725
0.470292927927506
0.523251541596533
0.577257492630478
0.631508920022775
0.685161972674481
0.737343456915927
0.787164254532175
0.833733301956264
0.876171909781882
0.913628193727349
0.945291383805363
0.970405777809729
0.988284108353835
0.998320099558348
1
0.992912892553243
0.976759599079368
0.951360018287022
0.916658758198241
0.872728950154338
0.819774158795842
0.758128331526578
0.688253761173212
0.610737066407601
0.526283225527361
0.435707729902186
0.339926953304727
0.239946861980736
0.136850217217049
0.0317824469065411
-0.0740636152128503
-0.1794639047134
-0.283179982080934
-0.383976322312545
-0.480637783268137
-0.571986992625304
-0.656901392350301
-0.734329682669359
-0.803307414576788
-0.862971490859862
-0.912573350305215
-0.951490627968411
-0.979237105873234
-0.995470792943993
-1
-0.992787304852301
-0.973951333499554
-0.943766315655081
-0.902659405861886
-0.851205794764418
-0.790121668196878
-0.720255104111461
-0.642575028509907
-0.558158380978763
-0.468175667709335
-0.373875104584992
-0.27656557465845
-0.177598642780803
-0.0783498849938835
0.0198001986764518
0.115485412362422
0.207372954857177
0.294182095160424
0.374702161161718
0.447809579050642
0.51248371448142
0.567821283703982
0.613049123548852
0.647535133010592
0.670797225856085
0.682510162788678
