-1
-0.99364025246644
-0.980973075847448
-0.962102551827388
-0.937183421660767
-0.90641944747706
-0.870061258470011
-0.828403708107881
-0.781782774376024
-0.730572040512364
-0.675178798648284
-0.61603982315742
-0.553616864286436
-0.488391915746952
-0.420862312348087
-0.35153571541578
-0.280925044660055
-0.209543415306661
-0.137899138708033
-0.0664908433032908
0.0041972292682888
0.0736997008479987
0.141574257576578
0.207405530184198
0.270808613607173
0.331432190777027
0.388961230812829
0.443119237551174
0.493670030288941
0.540419044708778
0.58321414812122
0.621945969305794
0.656547749282602
0.686994725214267
0.713303065248111
0.735528377386383
0.753763820350849
0.768137848825826
0.778811629366936
0.785976166605955
0.789849182127864
0.790671790516821
0.78870501854464
0.784226214299562
0.777525393225302
0.768901567570704
0.758659104658073
0.747104157691593
0.734541210582493
0.721269775508822
0.707581278705588
0.693756166352445
0.680061258452931
0.666747374347192
0.654047249038145
0.642173754909643
0.631318438745983
0.621650379295956
0.613315366031299
0.606435395295934
0.601108475792353
0.597408731364022
0.595386785361674
0.595070407574395
0.596465401804684
0.599556709703773
0.604309704485476
0.6106716466219
0.618573272602025
0.627930487306635
0.638646130513457
0.650611788480901
0.663709622445407
0.677814187177649
0.692794214441429
0.708514338245217
0.724836741124085
0.741622703289284
0.758734039280773
0.776034409699086
0.793390498620381
0.810673050355197
0.827757762240982
0.844526033106177
0.860865569857151
0.876670857270102
0.891843498473308
0.906292435741564
0.91993406306012
0.932692243422151
0.944498244980569
0.955290610967295
0.965014978713717
0.973623863154739
0.981076419882428
0.987338202147565
0.992380925208765
0.996182250125738
0.998725597517999
1
