-0.221723740831784
-0.214591679621537
-0.200433457768742
-0.179459398754653
-0.151981314714223
-0.118408157357691
-0.0792403159846031
-0.0350626437144846
0.0134636889209925
0.0656103973156674
0.120592212482513
0.17757779357939
0.235701268895864
0.294074242341391
0.351798096267095
0.407976417711972
0.461727373938661
0.512195864425481
0.558565280283676
0.600068708308028
0.635999425445233
0.665720540242798
0.68867365065453
0.70438640222959
0.71247884697655
0.712668520824228
0.704774176330317
0.688718126834287
0.664527178319058
0.632332145536276
0.592365969160225
0.544960470565879
0.490541799984651
0.429624651996154
0.362805339300403
0.290753831237214
0.214204877356021
0.133948348294946
0.0508189361371683
-0.0343146358579239
-0.120560738801243
-0.207016140544013
-0.292777325682158
-0.376951675634292
-0.458668355179908
-0.5370887580312
-0.611416372325045
-0.680905937215839
-0.74487177385067
-0.80269518771462
-0.853830854421451
-0.897812117249624
-0.934255141825734
-0.962861891065641
-0.983421901519277
-0.995812860346651
-1
-0.996034345026136
-0.984049861969868
-0.964259578904228
-0.936950755404369
-0.902479196609587
-0.861262816196592
-0.813774562459487
-0.760534829130163
-0.702103477981061
-0.639071603567822
-0.572053171663114
-0.501676662010353
-0.42857684302603
-0.353386801074107
-0.276730340029264
-0.199214858171177
-0.121424799170682
-0.0439157622264452
0.0327906565049854
0.108211232946422
0.181904651016756
0.25347417698831
0.322569459235805
0.38888745569981
0.452172506484738
0.512215583583863
0.568852763531166
0.621962981596595
0.671465137759598
0.717314634928841
0.759499438561513
0.798035753837727
0.832963421757498
0.864341138873356
0.892241606806193
0.916746717203361
0.937942875406419
0.955916561853679
0.970750224232956
0.982518585735901
0.99128544558738
0.997101037497645
1
