1
0.988325997735391
0.965131518314897
0.930721398931508
0.885547395962703
0.830201677986184
0.765408302136588
0.692012801372198
0.610970038412402
0.523330507915768
0.43022529150157
0.332849890123669
0.232447174782509
0.130289709359672
0.0276617082874644
-0.0741591033087025
-0.173919458505503
-0.270408081253714
-0.362472524820581
-0.449035069158103
-0.529107445244801
-0.601804172835393
-0.666354319645566
-0.722111514459843
-0.768562073597473
-0.805331129184778
-0.832186678311476
-0.849041503918106
-0.855952950679817
-0.853120571717483
-0.840881694177926
-0.819704983085249
-0.790182112893242
-0.753017684404572
-0.709017550735144
-0.659075739395818
-0.604160177984925
-0.545297448126715
-0.483556805897965
-0.420033716858115
-0.355833159796629
-0.292052955354902
-0.229767373750793
-0.170011269975756
-0.113764985152696
-0.0619402394018463
-0.015367224783443
0.0252169130555038
0.0591780386842535
0.085993295549013
0.1052575662211
0.116688039916588
0.120126833097442
0.115541639784599
0.103024419241432
0.0827881594328128
0.0551617846476287
0.020583304421723
-0.0204086720348463
-0.0671849067383052
-0.119036817516695
-0.175188884997956
-0.234811974213397
-0.297037349909236
-0.360971155118498
-0.425709116722747
-0.490351239706493
-0.554016253594565
-0.615855580121808
-0.675066600412572
-0.730905012684162
-0.782696087517629
-0.829844646793286
-0.871843614151539
-0.908281008954425
-0.938845281795011
-0.963328917205821
-0.98163025790551
-0.99375353423045
-0.999807111851374
-1
-0.994636690758192
-0.984110427037997
-0.968895022271125
-0.949535378125296
-0.926636867400887
-0.900853767303153
-0.872876943247292
-0.843420994999896
-0.813211085108813
-0.782969674098734
-0.753403387744751
-0.725190238873399
-0.69896741963242
-0.67531987012749
-0.654769815914258
-0.637767450279166
-0.624682917815166
-0.615799733817344
-0.611309749848215
