-0.659215751486989
-0.649017457740128
-0.628752439245902
-0.598681953643657
-0.559193214806892
-0.510793864582468
-0.454104731877227
-0.389850988024404
-0.318851831414265
-0.242008856377815
-0.160293280931167
-0.0747322249203037
0.0136057559074101
0.103625663550907
0.194221355263306
0.284290916991498
0.372751884243565
0.458556084803941
0.540703884089218
0.618257623656887
0.690354056289766
0.756215596976244
0.815160227739892
0.866609915348826
0.910097424124757
0.945271431011118
0.971899876359305
0.989871511141545
0.999195629073769
1
0.992527048418314
0.977128347790539
0.954257526859234
0.924461708201036
0.888371621305302
0.846690552242273
0.80018230917318
0.749658397294222
0.695964608080713
0.639967235738563
0.582539138460626
0.524545863360463
0.466832051805117
0.410208336334125
0.355438931530228
0.303230109245078
0.254219733677092
0.208968014190384
0.167949613737568
0.131547228626677
0.100046731507272
0.0736339442237037
0.0523930809956181
0.0363068756528149
0.025258379796818
0.0190343922094944
0.0173304539985373
0.0197573192672897
0.0258487879102061
0.0350707658285163
0.0468313987662985
0.0604921093823596
0.0753793533551248
0.0907968994787642
0.106038431014189
0.120400261123284
0.133193954101893
0.14375864634694
0.151472866502987
0.155765662938721
0.156126858459011
0.152116266769511
0.143371722439837
0.129615795677952
0.110661084815952
0.0864140026675604
0.0568769974756815
0.0221491746297542
-0.0175746887112016
-0.0620067179189628
-0.11077006025177
-0.16340448044838
-0.219373339941724
-0.278071844797862
-0.338836427091702
-0.400955106242397
-0.463678661137386
-0.526232430923584
-0.587828552341885
-0.647678434584719
-0.70500526897336
-0.759056370338689
-0.809115149850046
-0.854512525123451
-0.894637582653058
-0.928947319798471
-0.956975308528225
-0.97833914062478
-0.99274653381656
-1
