-0.144954179413191
-0.134724618239903
-0.114444447405528
-0.0844686977741647
-0.0453227805408494
0.00230594876338164
0.0575792301809404
0.11952136901268
0.18703492279961
0.258918358125424
0.333885398660118
0.410585759143719
0.487626938090738
0.563596725225045
0.637086068295238
0.706711938150654
0.771139830868671
0.829105551315973
0.879435933711867
0.921068171364425
0.953067449508642
0.974642601747703
0.985159541565414
0.984152255252831
0.971331180826261
0.946588838505748
0.910002621427976
0.861834699807504
0.802529037034705
0.732705561496133
0.653151582510989
0.564810581994886
0.468768554610092
0.366238107593371
0.258540566565
0.147086364864193
0.033354020836909
-0.0811319703995707
-0.194823987221021
-0.306174518719155
-0.413659427810544
-0.515800878823803
-0.611189573492068
-0.698505950196885
-0.77654001763929
-0.844209515595248
-0.900576121706008
-0.944859453943821
-0.97644865299533
-0.99491136677296
-1
-0.991655134675744
-0.970006071537825
-0.935368487701787
-0.88823925076372
-0.829288474090481
-0.759348941094846
-0.679403067322552
-0.590567607520044
-0.494076349903768
-0.391261071064086
-0.283531051820322
-0.172351476477226
-0.0592210549718184
0.0543507809219836
0.166866750025939
0.276864305018113
0.382937573846234
0.483758317304903
0.578095576854777
0.664833707951853
0.742988520130022
0.811721275426868
0.870350330978776
0.918360249193609
0.955408239241379
0.981327836046231
0.99612976684463
1
0.993295015427241
0.976534379975037
0.950390753744115
0.915677493911925
0.873334060547298
0.824409463533956
0.770044020532645
0.71144972241231
0.64988952435357
0.586655897530201
0.523048987644084
0.46035473244836
0.399823290651807
0.342648129252738
0.289946105490042
0.242738863396184
0.20193584365097
0.168319179404552
0.14253072037778
0.125061393340186
0.116243069554176
