0.360751748524237
0.365164701813268
0.373933226146152
0.386943196394434
0.404025015982011
0.424955505906718
0.449460389836525
0.477217347006557
0.50785959822358
0.54097998428511
0.576135490612778
0.612852166949256
0.650630386633285
0.688950386298115
0.727278023876804
0.76507069057567
0.801783311017873
0.836874365075929
0.869811865008326
0.900079222385023
0.927180940913341
0.950648073634144
0.970043386013815
0.984966170167277
0.995056659760555
1
0.999529732455175
0.993430760213964
0.981541764957563
0.96375705389232
0.940027821005142
0.910362813738256
0.874828402826441
0.833548059625006
0.786701251701395
0.734521773692057
0.677295536367403
0.615357842434726
0.549090182780622
0.478916591556003
0.405299602690301
0.328735854046565
0.249751388463344
0.168896703348093
0.0867416022744032
0.00386990318388092
-0.0791259416962192
-0.161650259227784
-0.243109547769311
-0.322917795677199
-0.400501674840569
-0.475305560588221
-0.546796332182481
-0.614467911419944
-0.677845500541365
-0.736489484656502
-0.789998968156522
-0.838014919057097
-0.880222899828877
-0.916355367968673
-0.946193534284876
-0.969568771557047
-0.986363570827254
-0.996512047037932
-1
-0.996864540712444
-0.987193296822021
-0.971123214476233
-0.948838976956648
-0.920571063261379
-0.886593472219296
-0.847221139754492
-0.802807078573419
-0.753739270820849
-0.700437345150908
-0.643349070198184
-0.582946696627674
-0.519723179811738
-0.454188314751675
-0.386864814158052
-0.318284359657296
-0.248983654933586
-0.17950050827729
-0.110369970527062
-0.0421205527950933
0.024729453314108
0.0896755320107316
0.152230356923397
0.21192704451716
0.268322231561437
0.320998962552044
0.369569374593245
0.413677168766658
0.452999858443867
0.487250786332199
0.516180903275471
0.539580302964498
0.5572795077498
0.569150501698646
0.575107507910378
