0.631087362380039
0.633184806610064
0.637359787981292
0.643572561574747
0.651763684451704
0.661854228559841
0.673746070446726
0.687322262536832
0.702447491612959
0.718968630833785
0.736715392086748
0.755501085694177
0.775123494440813
0.795365868558242
0.815998047677901
0.836777714847467
0.857451786499694
0.87775794077915
0.897426284887917
0.916181160129321
0.933743081138349
0.94983080342286
0.964163510840263
0.976463112043422
0.986456632293903
0.993878684409902
0.998474000041552
1
0.998229380061011
0.992952686570019
0.983980854343047
0.971147677833194
0.954312185358418
0.933360885401374
0.908209853629079
0.878806629366212
0.845131890811093
0.807200879321096
0.76506454461991
0.718810384790487
0.668562957404404
0.614484041082383
0.556772430155708
0.49566334887019
0.431427475702024
0.364369572790102
0.294826720177828
0.223166159439249
0.149782756274888
0.0750960967334624
-0.000452763224313313
-0.0764048701275473
-0.15228723785177
-0.227616970831666
-0.301905607245996
-0.374663639876866
-0.445405168868321
-0.513652637629031
-0.578941600695232
-0.640825470540793
-0.698880189131434
-0.752708769501669
-0.801945652808698
-0.846260827200857
-0.885363656432833
-0.919006368459439
-0.946987157227793
-0.969152854537967
-0.985401133118206
-0.995682206917404
-1
-0.998412761274474
-0.991033108526113
-0.97802749178125
-0.95961507282189
-0.936066024610139
-0.907699261381731
-0.874879617135715
-0.838014497090846
-0.797550033306988
-0.753966781992073
-0.707775005945642
-0.659509591046513
-0.609724650598429
-0.558987875633932
-0.507874692881264
-0.456962294968808
-0.406823609532517
-0.358021275170697
-0.311101692634426
-0.266589219239182
-0.224980573233565
-0.186739512775208
-0.152291851264466
-0.1220208671065
-0.0962631615558022
-0.0753050131980697
-0.059379271905816
-0.0486628288380078
-0.0432746923195754
