1
0.998931014137387
0.996785655671641
0.993549399189902
0.989201071730772
0.983713577027434
0.977054838186145
0.969188939629084
0.960077444983922
0.949680863870692
0.937960237286923
0.924878808583719
0.910403744908764
0.894507872507175
0.8771713884473
0.858383511194307
0.838144032996519
0.81646473827316
0.793370654080984
0.7689011012634
0.743110518010317
0.716069031230956
0.687862755306521
0.658593802377489
0.628379993256501
0.59735426326097
0.565663762643257
0.53346865677057
0.500940636679301
0.468261156006562
0.43561941549296
0.403210121165638
0.371231046863312
0.339880435874855
0.309354280056046
0.279843517799131
0.251531194599913
0.22458963164989
0.199177648840276
0.175437888775695
0.153494287845007
0.133449739084446
0.115383989505753
0.0993518117730658
0.0853814866328892
0.0734736283787762
0.0636003809243184
0.0557050068327842
0.0497018859858775
0.0454769345523063
0.0428884486300825
0.0417683704807286
0.0419239687484916
0.0431399175647513
0.0451807530791641
0.0477936798354046
0.0507116936187468
0.053656982038834
0.0563445592616059
0.0584860870501365
0.0597938306870347
0.0599846954933947
0.0587842875825375
0.0559309412307987
0.0511796548399563
0.0443058779212036
0.0351090928504092
0.0234161373170911
0.00908421639020496
-0.00799644308517167
-0.027900338514823
-0.0506648755505804
-0.0762890217818106
-0.104732455510545
-0.135915228222997
-0.169717952259441
-0.205982517840721
-0.244513336140612
-0.285079097608561
-0.327415027358067
-0.371225612251747
-0.41618776744266
-0.461954403675785
-0.508158350711271
-0.554416586892463
-0.600334720228371
-0.645511662463885
-0.689544434532481
-0.732033039573969
-0.772585338390248
-0.810821861827508
-0.846380495123065
-0.878920970734028
-0.908129108554704
-0.93372074569775
-0.955445302115281
-0.973088933212665
-0.986477226190164
-0.995477403056053
-1
