0.999180610140466
0.999326794099563
0.999575948458062
0.999842469998227
1
0.999883841574507
0.999294120104655
0.997999634370567
0.995742334427111
0.992242351816404
0.987203498408485
0.980319142218008
0.971278362072233
0.959772278110479
0.945500451857613
0.928177248087339
0.907538050901451
0.883345228397308
0.855393743948741
0.823516317429008
0.78758804657605
0.747530407032449
0.7033145592545
0.654963901324569
0.602555818547507
0.546222593378279
0.486151452513885
0.422583741677754
0.355813232512129
0.28618357985317
0.214084961274533
0.139949943931633
0.0642486362113639
-0.0125168067080955
-0.0898182437408926
-0.167108086258864
-0.24382621703806
-0.319407186451085
-0.393287577743646
-0.46491343009493
-0.533747606762646
-0.599276995979838
-0.661019434399033
-0.718530246739544
-0.771408300827718
-0.819301484343354
-0.861911518188944
-0.898998031348758
-0.930381833248076
-0.955947331785596
-0.975644058205074
-0.98948727359272
-0.997557645822227
-1
-0.997021159666669
-0.988886909964639
-0.975918127466793
-0.958486134166864
-0.937007345056488
-0.911937289570275
-0.883764096797705
-0.853001542588024
-0.820181763381905
-0.7858477466858
-0.750545711481195
-0.714817493477761
-0.679193049950863
-0.644183196951635
-0.610272687972339
-0.577913737747976
-0.547520087861655
-0.519461702305314
-0.494060171262037
-0.471584890276227
-0.452250069836756
-0.436212617406069
-0.423570920288637
-0.414364543658576
-0.408574843779442
-0.40612648217285
-0.406889812450576
-0.410684097937173
-0.417281505289905
-0.426411807272523
-0.437767716847885
-0.45101076499404
-0.465777626271925
-0.481686789311673
-0.49834546414589
-0.515356614784223
-0.532326003649142
-0.548869134505613
-0.564617982316661
-0.579227402014037
-0.592381113431997
-0.60379716652955
-0.613232799413962
-0.620488611443576
-0.625411984677214
-0.627899698977614
