0.209871062210301
0.201135670737897
0.183792525104604
0.15809498152338
0.124418307857423
0.0832540462047262
0.035202632188414
-0.0190356153382188
-0.0786709953965653
-0.142836255118521
-0.210599567050171
-0.280978453912597
-0.352954446770524
-0.425488251453913
-0.497535190476751
-0.568060683717836
-0.636055530830504
-0.700550761734375
-0.760631828557137
-0.815451922926167
-0.864244216391401
-0.906332838773016
-0.941142429101972
-0.96820611624529
-0.987171810928671
-0.997806717299621
-1
-0.993763571501126
-0.979230993746167
-0.95665451748471
-0.926400311613788
-0.888941962905909
-0.844852353269227
-0.794794046730033
-0.739508341263045
-0.679803161063238
-0.616539982536552
-0.550620001911582
-0.482969763714767
-0.414526477233782
-0.346223252398473
-0.278974487172735
-0.213661635568585
-0.151119578816897
-0.0921238121660615
-0.037378646393
0.0124933933843048
0.0569608083437492
0.0955908646730439
0.12805571305328
0.154136797476327
0.173727489228108
0.18683391010214
0.193573937658078
0.194174414153911
0.188966609203276
0.178380013792637
0.162934569602373
0.143231462197021
0.119942629196034
0.0937991546535568
0.0655787382486748
0.0360924422448603
0.00617093029522864
-0.0233495801235173
-0.051641425689069
-0.077899439079559
-0.101354501156759
-0.121286486514303
-0.13703639541592
-0.148017478422116
-0.153725176339907
-0.153745717267145
-0.147763234134463
-0.135565289928629
-0.11704672333175
-0.0922117544245379
-0.0611743179501505
-0.0241566199753869
0.0185140578323588
0.0664102541216192
0.119010844657015
0.175709074857737
0.235821978786631
0.298601033235651
0.363243875911972
0.428906899823802
0.494718522062865
0.559792914501362
0.623243976633169
0.684199327006498
0.741814089476983
0.795284253858293
0.843859397407418
0.886854563843553
0.923661110098772
0.953756347519952
0.976711823521136
0.992200111416481
1
