0.171484852774901
0.176628298469926
0.186848345155118
0.20201226358416
0.221923345647578
0.246323726497173
0.274898080080259
0.307278131750212
0.343047919199848
0.381749721614757
0.422890566841186
0.465949217664409
0.510383531133516
0.555638079357956
0.601151916424864
0.646366374101881
0.690732768827432
0.733719904150306
0.774821256235486
0.813561735247774
0.849503922276188
0.882253689861537
0.911465124004086
0.936844676602886
0.958154489438325
0.975214843863297
0.98790570411059
0.996167336338501
1
0.999462722605853
0.994671183231737
0.985794743969713
0.97305268172851
0.95670968513845
0.937070692622408
0.914475157777686
0.889290836918073
0.861907200815482
0.832728578245299
0.802167142793343
0.770635856466797
0.738541483935911
0.706277789715772
0.67421902730402
0.642713824275576
0.612079560680337
0.582597329901811
0.554507561544935
0.528006375083236
0.503242721081944
0.480316354014422
0.459276667207985
0.440122406506017
0.422802265037864
0.407216347271445
0.393218476511313
0.380619306419181
0.369190184189674
0.358667700916434
0.348758853623866
0.339146733592822
0.329496647129825
0.319462567953074
0.30869381500427
0.296841845827954
0.283567053746906
0.268545456933196
0.251475169131057
0.232082545203264
0.210127899792499
0.185410704131681
0.157774174295346
0.127109173826546
0.0933573645474275
0.056513551294076
0.0166271791180745
-0.0261970450343786
-0.0717994202336718
-0.11996640898256
-0.17043266988922
-0.222883937405171
-0.276960706927926
-0.332262670712051
-0.388353838031224
-0.444768262078265
-0.501016286353345
-0.556591214927298
-0.610976304109552
-0.663651967807494
-0.71410308531947
-0.76182629851331
-0.806337185335007
-0.84717719836844
-0.883920260698957
-0.916178916565862
-0.943609941138823
-0.965919322113119
-0.982866535556489
-0.994268049402632
-1
