-0.269854593056895
-0.269523183995589
-0.26884210345432
-0.267775157213518
-0.266268875609919
-0.264253485947801
-0.261644186612678
-0.25834270407881
-0.25423910981865
-0.249213870273647
-0.243140099587479
-0.235885981784763
-0.227317326544003
-0.217300220699237
-0.205703736139209
-0.192402653876192
-0.177280163741061
-0.160230499430212
-0.141161469478378
-0.11999684614572
-0.0966785761657497
-0.0711687797730438
-0.0434515073787698
-0.0135342266438584
0.0185509835363966
0.0527465515321084
0.0889688590023703
0.127108024923707
0.167028033410993
0.208567206358175
0.251539017168263
0.295733237155245
0.340917401652135
0.386838578514234
0.433225417626249
0.479790456263634
0.526232651774285
0.572240110083014
0.617492976017646
0.661666449444859
0.704433889711108
0.745469969926403
0.784453842215549
0.821072275193704
0.855022725593689
0.886016307166357
0.913780621669783
0.938062418928105
0.958630055539816
0.975275724805284
0.987817433776055
0.996100706951002
1
0.99941981092477
0.994295480207355
0.984593675686647
0.970312562079937
0.951481659167967
0.92816139662854
0.900442377278561
0.868444364014059
0.832315008973477
0.792228346347646
0.748383072782588
0.701000641437064
0.650323197440978
0.59661138373575
0.540142047053236
0.481205874102958
0.420104987892678
0.357150533516474
0.292660281726178
0.226956277181457
0.160362556482529
0.0932029589642087
0.0257990508126835
-0.0415318195969859
-0.108478320104857
-0.174736774878865
-0.240012637300088
-0.304021789817834
-0.366491668088444
-0.427162209758235
-0.485786631176335
-0.542132038078938
-0.595979878827864
-0.647126251072718
-0.695382074701737
-0.740573145621438
-0.782540086235224
-0.821138209458279
-0.85623731369904
-0.88772142645179
-0.915488513982503
-0.939450174060082
-0.959531327802765
-0.975669925496456
-0.987816679725481
-0.995934837369444
-1
