0.499794843045294
0.501216526059062
0.504017401177704
0.508113370300545
0.513380479505931
0.519657506222032
0.526749335095694
0.534431061010765
0.54245274430917
0.550544731147529
0.558423441287837
0.565797516656421
0.57237421686763
0.577865942723533
0.581996765562634
0.584508839299225
0.585168573096009
0.58377244583593
0.580152348859495
0.574180350731383
0.565772786981503
0.554893588686022
0.541556776239025
0.525828058514604
0.507825492608094
0.487719175230067
0.4657299533476
0.442127158552916
0.417225386610772
0.39138036041149
0.364983930856313
0.338458285752331
0.312249451332782
0.286820184297345
0.262642364057601
0.240189004969457
0.21992601655766
0.202303845937732
0.187749140699472
0.176656572349649
0.169380959970793
0.166229831025884
0.167456551249625
0.173254148376899
0.183749945164621
0.199001105895692
0.218991187476517
0.243627771546286
0.272741237927269
0.306084722505183
0.343335284501289
0.384096289363271
0.427900994451618
0.474217305630413
0.522453654086795
0.571965924499892
0.622065348348504
0.672027259966356
0.721100598186865
0.768518023308411
0.813506507873831
0.855298250584072
0.893141755714719
0.926312915800412
0.954125933185652
0.975943916363185
0.991188989846899
0.999351761630237
1
0.992786381508433
0.97745518411622
0.953847813734226
0.921907068409274
0.881680061987071
0.833319747986541
0.777085004355738
0.713339260454653
0.642547668716284
0.56527284465811
0.482169219932309
0.393976073597083
0.3015093264526
0.205652201813783
0.107344873205371
0.00757323489938155
-0.0926430552667392
-0.192263099961499
-0.290237683403979
-0.385522412827867
-0.477090899730117
-0.563947798813921
-0.645141523735336
-0.719776462607274
-0.787024522653317
-0.846135842347552
-0.896448520697736
-0.9373972268644
-0.968520568860902
-0.989467117421324
-1
