0.112443783043922
0.120503752596201
0.136482355183837
0.160099187216653
0.190939280926096
0.228459769295356
0.271998607314233
0.320785211224881
0.373952846988018
0.430552571430897
0.48956850487725
0.549934192895688
0.610549797471509
0.670299844681778
0.728071247044451
0.782771314260526
0.833345466144594
0.878794366143229
0.918190202900245
0.950691860700493
0.975558737099022
0.992162987344608
1
0.998696936054712
0.988019194379716
0.967874699104825
0.938315938892386
0.899539723592148
0.851884659831303
0.795826383151147
0.731970619778137
0.661044185452085
0.583884061385289
0.501424717877734
0.414683883883803
0.324746985476073
0.232750497291986
0.139864468344825
0.0472744967575114
-0.0438365631726083
-0.132306873788538
-0.217013579135746
-0.296890179333916
-0.370943040479533
-0.43826677978042
-0.498058283212789
-0.549629134413965
-0.592416258442686
-0.625990612061875
-0.650063782884599
-0.664492392589643
-0.669280233940869
-0.664578106990371
-0.650681356047752
-0.628025145185875
-0.597177545657005
-0.558830543050697
-0.513789104793061
-0.46295847914911
-0.407329924763786
-0.347965094523061
-0.285979318743748
-0.222524050074074
-0.158768745732247
-0.0958824716177693
-0.0350155172589134
0.0227186895607843
0.0762610843229696
0.124623608411851
0.166904731314528
0.202303608426574
0.230132651945026
0.249828317277309
0.260959935454778
0.263236452772024
0.256510971794025
0.240783022464262
0.216198527763458
0.183047464648087
0.141759257268892
0.0928959751609988
0.0371434436466143
-0.0246995934455353
-0.0917340879806998
-0.162974879903107
-0.237366244225727
-0.313798547720113
-0.391125752932126
-0.468183493810586
-0.543807438238341
-0.616851648240614
-0.686206648685305
-0.750816919883588
-0.809697538574529
-0.86194970519182
-0.9067749128528
-0.943487534903692
-0.971525632763425
-0.990459813839326
-1
