-1
-0.993437947802823
-0.980383680744612
-0.960975858210343
-0.935419947050831
-0.903985239432474
-0.867000950079252
-0.824851454349151
-0.777970742090574
-0.726836174533112
-0.671961642384961
-0.613890232662296
-0.55318651941461
-0.490428599312638
-0.426199996939119
-0.361081566505434
-0.295643516578703
-0.230437682246126
-0.165990165000368
-0.102794454567211
-0.0413051390110167
0.0180677001300062
0.0749633220553096
0.12907431713359
0.180149694093112
0.227997019125796
0.272483577394233
0.313536543237802
0.351142161401771
0.385343957605212
0.416240012464209
0.443979347944667
0.468757489891327
0.49081128353554
0.510413051009593
0.527864190594442
0.543488326528136
0.557624125556406
0.570617901895241
0.582816135807466
0.594558032512341
0.606168247621744
0.61794990273407
0.630178010255137
0.643093420023908
0.656897392000005
0.671746889249466
0.687750673901812
0.704966275826861
0.723397889697302
0.742995241085145
0.763653446524107
0.785213876304848
0.807466012412067
0.83015027772196
0.852961796614662
0.875555031773863
0.897549227390728
0.918534575494847
0.938079009918294
0.955735521657142
0.971049880302266
0.983568638916597
0.992847294359709
0.998458471693105
1
0.997102747748149
0.989438088707054
0.976724874362408
0.958735795679313
0.935303025848867
0.906323046177726
0.87176056938712
0.831651488091415
0.786104790919117
0.735303404394886
0.679503935077516
0.619035303292378
0.554296276845916
0.485751930099395
0.41392907044438
0.339410690303504
0.262829518025339
0.184860755213135
0.106214100901176
0.0276251743673401
-0.0501535419335866
-0.126362109967527
-0.200242758995099
-0.271049584613685
-0.338058183121127
-0.400575080762407
-0.457946819971511
-0.509568569378228
-0.554892131045056
-0.593433227031862
-0.624777957824877
-0.648588337252927
-0.664606822063169
-0.672659769133626
