-1
-0.985930661805967
-0.957993325861339
-0.916587678813612
-0.862305810685086
-0.795923414046597
-0.718388259329212
-0.630806121876385
-0.534424375091242
-0.430613499471681
-0.320846788903244
-0.206678562809253
-0.0897212152208451
0.0283785508185697
0.145963943124064
0.261392387706421
0.373059556000822
0.479422749304602
0.579023288211907
0.670507570712996
0.752646483663421
0.824352878191411
0.884696849893574
0.932918598894243
0.968438682476237
0.990865513441795
1
0.995837267135816
0.978565444407738
0.948561550245582
0.906384547375614
0.852765687295283
0.788596303083191
0.714913248621481
0.632882217928736
0.543779210203077
0.448970433867893
0.349890965973516
0.248022501387059
0.144870539028344
0.041941359793237
-0.0592808473561902
-0.15735635837898
-0.250911442678895
-0.338658718171612
-0.419416023545048
-0.492123522778703
-0.555858785784236
-0.60984962174372
-0.653484477831349
-0.686320254933522
-0.708087433112745
-0.718692442240716
-0.71821725678001
-0.706916237434525
-0.685210285626708
-0.65367841881465
-0.613046914874145
-0.56417621150984
-0.508045781336067
-0.445737234341498
-0.378415926440167
-0.307311375297668
-0.233696802260669
-0.158868131742466
-0.0841227866410572
-0.0107386201870792
0.0600466789791996
0.127055380650185
0.189188392103399
0.245442527755844
0.294926098556625
0.336872578254369
0.370652135476796
0.395780855646634
0.411927514564869
0.418917805410516
0.416735962294707
0.405523765702111
0.385576957479108
0.357339134808997
0.321393233182675
0.278450747081783
0.229338873323786
0.174985795198441
0.116404355125963
0.0546743891193255
-0.00907598256725295
-0.0736897979072593
-0.138001106718739
-0.20085490740253
-0.261126838026237
-0.317742297543767
-0.369694682741793
-0.416062441380588
-0.456024661703796
-0.488874942710059
-0.514033317916675
-0.531056037343623
-0.539643047589164
