1
0.989472297322946
0.968555863778178
0.937526603555104
0.896793305360805
0.846891647637779
0.788476347941595
0.722311575717378
0.649259774031042
0.570269059879976
0.486359394157351
0.398607730844249
0.308132370270097
0.21607675308056
0.123592939703278
0.0318250244825367
-0.0581072658002628
-0.145124542597291
-0.228203056111575
-0.306389097065644
-0.378812285375706
-0.444697548909879
-0.503375616032507
-0.554291868837081
-0.597013429484037
-0.631234379487776
-0.65677904071092
-0.673603276772022
-0.681793804089011
-0.681565532389493
-0.673256984745024
-0.657323876560331
-0.634330961015127
-0.604942274781426
-0.569909942016913
-0.530061716292768
-0.486287458920367
-0.439524767808226
-0.390743983271179
-0.340932805943583
-0.291080766989249
-0.242163792082445
-0.195129098145514
-0.150880655617181
-0.110265439197701
-0.0740606767351667
-0.0429622893982039
-0.0175746967908357
0.00159786148131658
0.0141583607338707
0.0198222819185028
0.0184210852891378
0.00990382308730942
-0.00566312318281326
-0.0280981656883106
-0.0571084489170595
-0.0922955310579804
-0.133162707882957
-0.179123853332025
-0.229513627508527
-0.283598881736704
-0.340591072047821
-0.399659477224821
-0.459945005583881
-0.520574366185274
-0.580674375272237
-0.639386167504102
-0.695879083989904
-0.749364015193877
-0.799105986370063
-0.844435786129461
-0.884760454836342
-0.919572468507698
-0.948457475442756
-0.971100466589429
-0.987290286277713
-0.996922417003943
-1
-0.996633081918061
-0.987036106646501
-0.971523699587335
-0.950504819217929
-0.924475376991105
-0.894009451180281
-0.859749242759291
-0.822393941462938
-0.782687687485877
-0.741406828570384
-0.699346683282352
-0.65730802890603
-0.616083536482965
-0.576444376017167
-0.539127211762148
-0.504821800849392
-0.474159398421622
-0.447702159062835
-0.425933707887463
-0.409251035429092
-0.397957848765369
-0.392259487480088
