0.691842776934114
0.69534902072429
0.702288973942216
0.712518694441393
0.72582506817084
0.741929120068813
0.760490349203649
0.781112021699666
0.803347340318245
0.826706396150217
0.850663795922416
0.874666848112885
0.89814418256446
0.920514671715704
0.941196517031922
0.95961636178604
0.975218291045478
0.98747258156974
0.995884068283658
1
0.999417265027317
0.993788877089248
0.982829623446459
0.966320790072353
0.944113892986339
0.916133360171119
0.882378124654535
0.842922106070453
0.797913575066716
0.747573412036689
0.692192288548861
0.63212681627473
0.567794723914848
0.499669137354053
0.428272051812825
0.354167096894471
0.277951705971848
0.200248810152029
0.121698183969713
0.0429475748868988
-0.0353562484547805
-0.112576393511569
-0.188094552261143
-0.261319389801047
-0.331694487584132
-0.398705723117059
-0.461887977122917
-0.520831070006668
-0.575184841789089
-0.624663303294049
-0.669047801069003
-0.708189154056296
-0.742008736167578
-0.770498495390739
-0.793719916618753
-0.811801951772651
-0.82493795673957
-0.833381689912157
-0.83744244145937
-0.83747937565797
-0.833895180464138
-0.827129128823078
-0.817649664842871
-0.805946634766268
-0.792523287558404
-0.777888172818247
-0.762547064577275
-0.746995038363033
-0.731708825702769
-0.717139565080261
-0.703706061325025
-0.691788656624657
-0.681723805953186
-0.673799437871127
-0.668251168569334
-0.665259422910852
-0.664947501301085
-0.667380615727401
-0.672565902503927
-0.680453403389561
-0.690937991071464
-0.703862199773298
-0.719019907200494
-0.736160800405901
-0.754995545665119
-0.775201571290036
-0.79642936265845
-0.818309160749452
-0.840457949274021
-0.862486611174796
-0.884007132904632
-0.904639734515328
-0.924019805199094
-0.941804527497017
-0.957679078860832
-0.971362306536115
-0.982611780706784
-0.991228141355963
-0.997058666185249
-1
