0.906354760559053
0.907788829510034
0.910618182240875
0.914765937086864
0.9201184816918
0.926527493017359
0.933812577652374
0.941764488078408
0.950148860836304
0.958710413710214
0.967177531245796
0.975267161276035
0.982689939751223
0.989155457148101
0.994377577134603
0.998079717035367
1
0.999896190617799
0.997550329021928
0.992772983232096
0.985407045523927
0.975331005890269
0.962461644058998
0.946756090920027
0.928213220440965
0.906874344052654
0.882823190887656
0.856185168973144
0.827125914325891
0.795849146679656
0.762593862103409
0.727630903855485
0.691258963283259
0.653800072249243
0.615594657284029
0.576996233290124
0.538365821021866
0.500066177637627
0.462455933274899
0.425883728772445
0.39068245031572
0.35716365589588
0.325612286056574
0.296281747489063
0.269389452681013
0.245112892107363
0.223586307473966
0.204898025408298
0.189088500876317
0.176149108647185
0.166021709498293
0.1585990057334
0.153725688166512
0.151200364198781
0.15077824418247
0.15217455112192
0.155068607098956
0.159108538815343
0.163916534493428
0.169094575231335
0.174230555918701
0.178904704113299
0.182696199968253
0.185189896472892
0.185983036993426
0.18469186641437
0.180958033105018
0.174454681459099
0.16489213884703
0.152023106420996
0.135647270242193
0.115615257552849
0.0918318725683502
0.0642585567729785
0.0329150302057648
-0.00211991755422158
-0.0407085052378546
-0.0826549120121493
-0.127707096093109
-0.175559458892098
-0.225856320849062
-0.278196162681647
-0.332136574016869
-0.387199840453882
-0.442879090202658
-0.498644912708458
-0.553952354242503
-0.608248189432257
-0.660978363214897
-0.711595494796943
-0.759566333938684
-0.804379060276297
-0.84555031844392
-0.882631885433498
-0.915216871878039
-0.94294536568562
-0.965509434585818
-0.982657413554334
-0.994197413612866
-1
