1
0.986551463021166
0.959849809486549
0.920282922640138
0.86842527887199
0.805029256321308
0.731013755524637
0.647450307212899
0.555546880975375
0.456629643800927
0.352122948929072
0.243527862508507
0.132399557849153
0.020323924221199
-0.091106251063453
-0.20031516233597
-0.305767561513397
-0.405991669898764
-0.499601076125941
-0.585315286635155
-0.661978616318781
-0.728577133050831
-0.784253400296998
-0.828318796416342
-0.860263227070664
-0.879762087760771
-0.886680376274318
-0.881073899088672
-0.863187560832377
-0.833450771066539
-0.792470047198192
-0.741018935586915
-0.680025414180303
-0.610556978671495
-0.533803649612683
-0.451059169593183
-0.363700687009742
-0.273167245697847
-0.180937417407519
-0.0885064265258703
0.00263687661417733
0.0910328361441188
0.175273251332222
0.254022733817202
0.32603883281404
0.390190619923907
0.445475450184708
0.491033645385914
0.526160878971902
0.55031807854194
0.563138701439612
0.564433280584068
0.554191180870721
0.532579550477758
0.499939495562672
0.456779550424354
0.403766557555208
0.341714112448961
0.271568765928905
0.194394211524984
0.111353716513215
0.0236910821533272
-0.0672895589978113
-0.160244783403163
-0.253813416974993
-0.346638231251152
-0.437387449579843
-0.524775721689252
-0.607584234545707
-0.684679642183617
-0.755031516979102
-0.817728049314455
-0.871989751346459
-0.917180953184035
-0.952818915676209
-0.97858042263398
-0.994305756041315
-1
-0.995831662126968
-0.982128644195755
-0.959371636299776
-0.928185050038022
-0.889325645528147
-0.843669043813507
-0.79219434986609
-0.735967141363547
-0.676121104261038
-0.613838617479273
-0.550330605453131
-0.486815988572799
-0.424501067525751
-0.364559178121715
-0.308110948349172
-0.256205479252021
-0.209802755894521
-0.169757574449951
-0.136805246629531
-0.111549313662613
-0.0944514693126857
-0.0858238554914874
