0.539527618180577
0.53678156958899
0.531357299449528
0.523389172758782
0.513075536334715
0.500674939382912
0.486501195469376
0.470917370516487
0.454328799956864
0.437175255003066
0.419922392841829
0.403052638193925
0.387055653884563
0.372418565673747
0.359616111472052
0.349100887130068
0.341293860199795
0.336575319430386
0.335276421331522
0.337671486013617
0.343971182836825
0.354316732353975
0.368775234838147
0.387336217601037
0.409909473621763
0.436324243032375
0.466329767082214
0.499597221681186
0.535723014864725
0.574233409898747
0.614590413617594
0.656198848321645
0.698414505500558
0.740553261121528
0.781901015534294
0.821724306472126
0.859281431413898
0.89383390592281
0.924658077658298
0.951056711691858
0.972370361622653
0.987988342815963
0.997359128860847
1
0.995505782715644
0.983556532707117
0.963924028972995
0.936476964378508
0.901184737677542
0.858119773166125
0.80745831664298
0.749479679792749
0.684563929123414
0.613188039805131
0.53592055879301
0.453414845092522
0.366400977572066
0.275676441985142
0.182095728495886
0.0865589886924059
-0.0100000834622729
-0.10662696930236
-0.202359454014277
-0.29624097089272
-0.387333961661113
-0.474733051831707
-0.557577841792408
-0.635065119103524
-0.706460305304452
-0.771107961256871
-0.828441188530773
-0.877989780372653
-0.919386994141457
-0.95237483748051
-0.976807782603858
-0.992654846576392
-1
-0.999040891706929
-0.99008590251978
-0.973549566473404
-0.949946422716688
-0.919883385238475
-0.88405074022126
-0.843211901867684
-0.798192076641097
-0.749866002715468
-0.699144945778392
-0.6469631439491
-0.594263903278403
-0.541985550951018
-0.49104745582169
-0.442336325241952
-0.396692983280643
-0.354899828463689
-0.317669159160735
-0.285632541878245
-0.259331382175182
-0.239208839934404
-0.225603210574028
-0.218742871775579
