0.869826996218223
0.871677242702188
0.875330624796185
0.880693756478733
0.887628634035488
0.895955087474338
0.905453984816017
0.915871135528508
0.926921827603383
0.938295922071184
0.949663419296379
0.960680403335433
0.970995264117018
0.980255092319234
0.988112138656813
0.994230227905349
0.998291018405105
1
0.999092127345356
0.995336991199353
0.988543437609258
0.978563553699129
0.965295948921467
0.948688271989663
0.928738916079804
0.905497878081566
0.879066751477113
0.849597846612328
0.81729244646803
0.782398220308623
0.745205831551158
0.706044789632568
0.665278608338579
0.623299344787354
0.580521603842352
0.537376101987725
0.494302892482444
0.451744359785799
0.410138095711987
0.369909772447231
0.331466128399536
0.29518818182854
0.261424784329906
0.230486621564165
0.202640762191295
0.178105847895367
0.15704800778007
0.13957756943281
0.125746626761031
0.115547511488434
0.10891220116612
0.105712681923548
0.105762269185683
0.108817874451506
0.114583191203747
0.122712758337767
0.132816845391911
0.144467090556891
0.157202810150386
0.170537887162344
0.183968136785295
0.19697903869982
0.209053719421896
0.219681063343798
0.228363828293705
0.234626640551848
0.238023745314245
0.238146391579231
0.234629735307911
0.227159151407879
0.215475853512566
0.199381730551143
0.178743320576065
0.153494855063651
0.123640320734249
0.0892545006416061
0.0504829716312476
0.00754105102946379
-0.0392882986443851
-0.0896575822946735
-0.143158862014067
-0.19932876884208
-0.257654367185104
-0.31757978940034
-0.378513546099864
-0.439836407190056
-0.500909739690842
-0.561084181119713
-0.619708521791875
-0.676138665867092
-0.729746539422751
-0.779928814278672
-0.826115318738011
-0.867777010805847
-0.904433395737723
-0.935659277860376
-0.961090746374227
-0.980430306144003
-0.993451077138442
-1
