-0.405043748777992
-0.398349651834512
-0.385024146671478
-0.365192046467038
-0.339039165412201
-0.30681064624719
-0.26880875388339
-0.22539015503898
-0.176962708454221
-0.123981794665649
-0.0669462184666417
-0.00639372102744151
0.0571038578444489
0.122945723684207
0.190507531230189
0.259146999487274
0.328209687440702
0.397034878453305
0.464961520436633
0.531334168424313
0.595508876197736
0.656858984118838
0.714780751307142
0.768698781748514
0.818071195827365
0.862394501114206
0.901208118994372
0.934098526865683
0.96070297913343
0.980712774057916
0.993876037627426
1
0.998952744640599
0.990664415034235
0.975127868736925
0.952398773490569
0.922595145129978
0.88589633200507
0.84254145558367
0.792827321746059
0.73710582198801
0.675780848272622
0.609304749572679
0.538174362186494
0.462926649655828
0.384133991531648
0.302399163292822
0.218350052397704
0.132634157716566
0.0459129214346539
-0.0411440560836605
-0.127864867030734
-0.21358116056362
-0.297633968929408
-0.379379443787516
-0.458194452098498
-0.533481982285433
-0.604676313143606
-0.67124790016005
-0.732707936485944
-0.78861254875779
-0.838566591260575
-0.882227005537611
-0.919305716444667
-0.949572039785309
-0.972854581012901
-0.989042609003711
-0.998086893554932
-1
-0.994856039119698
-0.982789875319248
-0.963995800796961
-0.938725688107786
-0.90728663808462
-0.870038144482231
-0.827388800915135
-0.77979257963585
-0.727744715409526
-0.671777231153676
-0.612454145098613
-0.550366401959314
-0.486126572969953
-0.420363371598595
-0.353716033315434
-0.28682860892091
-0.220344221641002
-0.154899338460896
-0.0911181059933877
-0.0296068005672353
0.0290515588209674
0.0843023875102349
0.135624456822896
0.182534517306571
0.22459158315269
0.261400840354173
0.292617144467318
0.317948077439033
0.337156536818919
0.350062834763305
0.356546288519835
