0.837199993034262
0.839513828842227
0.844084055225004
0.850796657804066
0.859482792265412
0.869921360955078
0.881842388739774
0.894931148200845
0.908832973168471
0.92315868945747
0.937490582588007
0.951388814399407
0.964398193910285
0.976055202640161
0.98589517096205
0.993459499954836
0.998302822697532
1
0.998152848177573
0.992396500607625
0.982405310389164
0.967898208374466
0.948643439046661
0.924462606052223
0.895233969518766
0.860894948437986
0.821443793200559
0.776940405654111
0.727506296630203
0.673323683560914
0.614633743388402
0.551734048272088
0.484975223433296
0.414756877669157
0.341522867450101
0.265755964934667
0.1879720085536
0.108713621911617
0.028543592528075
-0.0519619936934368
-0.132220763471017
-0.211651112423936
-0.289679206529648
-0.365745830269956
-0.439312986054063
-0.509870153994615
-0.576940126936309
-0.640084342697147
-0.698907643663941
-0.753062403052868
-0.802251967155182
-0.84623337357763
-0.884819316686991
-0.917879343001926
-0.945340270962025
-0.96718584116147
-0.983455614582294
-0.994243147423502
-0.999693481628017
-1
-0.995400703733105
-0.98617397810284
-0.972633918896961
-0.955125297768465
-0.934018249018015
-0.909702763288716
-0.882583075250455
-0.853072032549609
-0.821585532111643
-0.788537107339401
-0.754332745901085
-0.719366012721625
-0.684013546571338
-0.648630991396244
-0.613549415380883
-0.579072261816246
-0.545472866313861
-0.512992564921953
-0.481839407427729
-0.452187479741498
-0.424176828924728
-0.397913974315053
-0.373472978481437
-0.350897042570266
-0.330200582126187
-0.311371731826098
-0.294375220872795
-0.279155555162074
-0.265640437851409
-0.253744356688336
-0.243372264450755
-0.234423278136753
-0.226794323124213
-0.220383650384756
-0.215094157945711
-0.210836452090535
-0.207531589195413
-0.205113445522615
-0.2035306696176
-0.202748180060102
