-0.00542450394970795
0.00195871974313477
0.0166140363575003
0.0383209434206047
0.0667530567663337
0.101483275667048
0.14199054048138
0.187668074734547
0.237832979795518
0.291737028665804
0.348578486193314
0.407514766578297
0.467675725609831
0.528177374875673
0.588135798389053
0.646681048782915
0.70297080048907
0.756203541143919
0.805631089784651
0.850570241105113
0.890413348959971
0.924637679219555
0.952813381717819
0.974609953091272
0.989801086427414
0.998267829444454
1
0.995095835644594
0.98375988225239
0.966299155025332
0.943117632928556
0.914709174430952
0.881648967867985
0.844583653407449
0.804220275104406
0.761314240534408
0.716656481689099
0.671060023944504
0.625346179757211
0.580330590146687
0.536809339876848
0.495545371506776
0.45725541914599
0.422597674887891
0.392160389625694
0.36645159545235
0.345890119334949
0.330798037508241
0.321394697367967
0.317792408918364
0.319993881427844
0.327891453288225
0.341268134591756
0.359800453086122
0.383063065396549
0.410535067171231
0.441607908558874
0.475594795597508
0.511741434092241
0.549237950768582
0.587231807255012
0.624841506081606
0.661170874643741
0.695323703185472
0.726418506467732
0.753603176008901
0.776069290669543
0.793065857891743
0.803912266031458
0.808010239818147
0.804854605863486
0.794042693092056
0.775282213705038
0.748397493492558
0.713333945621663
0.670160709051852
0.619071401048102
0.560382962431244
0.494532603772217
0.422072890238476
0.343665031776374
0.260070473309338
0.172140906209438
0.0808068470429797
-0.0129350478896113
-0.108035743756791
-0.203408458627658
-0.297943945727134
-0.390526196597816
-0.480048328287533
-0.565428414375961
-0.645625020061693
-0.719652205649247
-0.78659377054266
-0.845616521150278
-0.895982360760614
-0.93705901723601
-0.968329245014308
-0.989398361089376
-1
