1
0.987214206425255
0.961815081549912
0.924144964545706
0.8747109407772
0.814177245238505
0.743355317778464
0.663191664096786
0.574753710418917
0.479213870741569
0.377832073099432
0.271937015005864
0.162906437696212
0.0521467237482207
-0.0589278671629074
-0.168916004354429
-0.276449813788559
-0.380214811745797
-0.478968938644021
-0.571560401566933
-0.656944053047335
-0.734196056875573
-0.802526618804658
-0.86129059057368
-0.909995789188623
-0.948308909356734
-0.976058944801211
-0.993238073291904
-1
-0.996655793595124
-0.983667288726426
-0.961638166549185
-0.931302861178515
-0.893513473803837
-0.849224907151437
-0.799478460552891
-0.745384149633482
-0.688102034205888
-0.628822853035848
-0.568748274504115
-0.509071077663549
-0.450955578699322
-0.39551861333966
-0.343811376408809
-0.296802405614052
-0.255361978040842
-0.220248164991455
-0.192094764106643
-0.171401297580594
-0.158525232195349
-0.153676541385949
-0.156914692164711
-0.168148101073691
-0.18713606401036
-0.213493125404396
-0.246695813435513
-0.286091630386178
-0.330910151412351
-0.380276051555422
-0.433223850236855
-0.488714135256018
-0.545651004879867
-0.602900447339593
-0.659309362236743
-0.713724918242253
-0.765013936204245
-0.812081986445763
-0.853891893635325
-0.889481352076514
-0.917979368436483
-0.938621267591341
-0.950762020112238
-0.953887676586873
-0.947624724043877
-0.931747212745383
-0.90618153701303
-0.871008790993992
-0.82646465876647
-0.772936837319166
-0.710960030096908
-0.641208587365307
-0.564486907000799
-0.481717744867774
-0.393928617139303
-0.302236507227105
-0.207831116930722
-0.111956924569174
-0.015894331854634
0.0790598041932211
0.171611948141666
0.260491660688244
0.344471059605481
0.422383660674829
0.493142301879234
0.555755868498401
0.609344555590938
0.653153427355279
0.686564059672519
0.709104082325003
0.72045447047726
