-1
-0.989734980953404
-0.969318496011368
-0.938976188094457
-0.899042883743265
-0.849958285124576
-0.792261320819995
-0.726583234831113
-0.653639510868428
-0.574220745190532
-0.489182595787828
-0.399434948348511
-0.305930450020019
-0.209652570333935
-0.111603354677596
-0.0127910392879081
0.0857823021347022
0.183132911451261
0.278307133815722
0.370392681375836
0.458529222687917
0.541918158223012
0.619831454959681
0.691619427464409
0.756717368832105
0.814650952150298
0.865040341496872
0.907602970602602
0.942154966915983
0.968611218602045
0.986984101690887
0.997380903870086
1
0.995125852046473
0.983122922511369
0.964428605358019
0.939545291659657
0.909031698554882
0.87349359941544
0.833574100290541
0.789943612594777
0.743289674594921
0.694306774502007
0.643686325902661
0.592106941917124
0.540225147935103
0.488666664172245
0.43801837875874
0.388821119795631
0.341563320997843
0.296675660412841
0.254526735506269
0.215419820901954
0.179590737525794
0.147206844109881
0.118367144246143
0.0931034847167542
0.0713828039438769
0.0531103733558687
0.0381339595073815
0.026248821145014
0.0172034432840589
0.0107058999358087
0.00643072855114291
0.00402619264647819
0.0031218045423238
0.00333597772867211
0.00428367809718155
0.00558394513501947
0.00686715811262162
0.00778192823769452
0.00800150557891
0.0072295991434137
0.00520551965366423
0.00170856711757361
-0.0034384009934102
-0.0103662704836764
-0.0191578742632911
-0.029847117653377
-0.0424190275914547
-0.0568107122920262
-0.0729132024017416
-0.0905741297803931
-0.109601185982347
-0.12976628953663
-0.150810379437632
-0.172448742050551
-0.194376770069203
-0.216276045374362
-0.237820632734054
-0.258683468337842
-0.278542726206923
-0.297088046579881
-0.314026513415566
-0.329088273123069
-0.34203169343498
-0.352647969865171
-0.36076509728879
-0.366251135676824
-0.369016711714311
