-0.864227866947571
-0.853200824089651
-0.831279328886287
-0.798726893476815
-0.755934636248295
-0.703416364429438
-0.641802120568131
-0.571830279312984
-0.494338300205175
-0.410252259977123
-0.320575303899321
-0.226375169792082
-0.12877095023004
-0.0289192680506776
0.0719999525948516
0.172797932833022
0.272291514513627
0.369317476372925
0.462746506030501
0.551496648733353
0.634546062006964
0.710944915938058
0.779826291533733
0.840415944282625
0.892040816463798
0.934136199662188
0.966251468089084
0.988054323389471
0.99933351235008
1
0.990086601714028
0.969746098783338
0.939247882210336
0.898973188926979
0.849409012955502
0.791140790972995
0.72484397707488
0.65127463505094
0.571259188013766
0.485683474607197
0.39548126815838
0.301622419943257
0.205100790168635
0.106922130327701
0.00809207828887493
-0.0903955771059343
-0.187570211930345
-0.282495122378518
-0.374277588846523
-0.462078130895158
-0.545118849046411
-0.622690764584165
-0.694160084771546
-0.758973337901759
-0.816661340097057
-0.866841973487902
-0.909221773067571
-0.943596336856906
-0.969849590768258
-0.987951955478181
-0.997957477472292
-1
-0.99428846178135
-0.981101421778438
-0.960780917043376
-0.933725767476813
-0.900384446200484
-0.861247637120886
-0.816840602128725
-0.767715479261992
-0.714443630113438
-0.657608149870107
-0.597796646746838
-0.535594389357696
-0.471577910923491
-0.406309148326173
-0.340330182096035
-0.274158630674275
-0.208283738961531
-0.143163187479359
-0.0792206346764169
-0.0168439912436105
0.043615588003217
0.101844021832499
0.157563968974829
0.210533893165591
0.260546586591423
0.307427219890234
0.351030993800696
0.391240472933923
0.427962685869952
0.461126077817122
0.490677402395232
0.516578637726066
0.53880400897906
0.557337194896688
0.572168789711988
0.583294084393828
0.590711222461929
0.594419775872386
