0.603087759471381
0.600529535534594
0.595480201237155
0.588072644776122
0.578502874640391
0.56702609667693
0.553951591728817
0.539636484273863
0.524478512234347
0.508907926028459
0.493378660691382
0.478358938242391
0.464321468186751
0.451733421933768
0.441046361846811
0.432686307527898
0.427044120738504
0.424466386080164
0.425246957264306
0.429619328600993
0.437749978389323
0.449732815401817
0.46558484186701
0.485243126552853
0.508563160056132
0.535318641556518
0.565202722467647
0.597830707998688
0.632744193026089
0.669416584269078
0.707259936964857
0.745633011442459
0.783850433575959
0.821192823414918
0.856917738673215
0.890271264505196
0.920500068372099
0.946863729022418
0.968647141853099
0.985172799312007
0.995812744624035
1
0.997239276593694
0.987116782730913
0.969308959216963
0.943589985659277
0.909837919496369
0.868039349537368
0.818292467983345
0.760808488783662
0.695911365410165
0.624035787318456
0.545723461101007
0.461617709203207
0.372456445648132
0.279063614079045
0.182339198169834
0.0832479376778261
-0.0171930952521782
-0.117927885824197
-0.217875642105991
-0.315945532327009
-0.41105177927948
-0.502128889691681
-0.588146792358369
-0.668125658178521
-0.741150178093432
-0.806383081213603
-0.863077685091659
-0.910589283008974
-0.948385189113238
-0.976053281042175
-0.993308901019794
-1
-0.996110434906712
-0.981761355997897
-0.957210649456838
-0.922850429062795
-0.879202599778798
-0.826912544875136
-0.766741016343754
-0.699554335420361
-0.62631303560194
-0.548059104233764
-0.46590200017612
-0.381003643914176
-0.294562592451571
-0.207797624178863
-0.121930968429445
-0.0381714204752065
0.0423024148268829
0.118358508693256
0.18892718611569
0.253016066677343
0.309723951315592
0.358253452883826
0.397922186419022
0.428172355843012
0.448578597101596
0.458853963128405
