-0.0635210598720019
-0.0595641879235818
-0.0516777691098319
-0.0399163134313801
-0.024361235461838
-0.00512043381558858
0.0176722695398062
0.043857830000342
0.0732528207825163
0.105650412586156
0.140821491588784
0.178515914452933
0.218463898472486
0.260377544313559
0.303952488018746
0.348869678042723
0.394797272077811
0.441392647318384
0.488304516614998
0.535175141697128
0.581642633315127
0.627343326787293
0.671914220059004
0.714995460011784
0.756232861426491
0.795280441732928
0.831802953495437
0.86547839551732
0.896000482523105
0.923081052622504
0.94645239119754
0.965869449507293
0.981111936192747
0.991986260004548
0.998327302482742
1
0.996900715544673
0.98895838186925
0.976135399161207
0.958428272199971
0.935867974034531
0.908520025535313
0.87648428272114
0.839894426513057
0.79891715249316
0.753751061316398
0.704625253601411
0.65179763637472
0.595552951420767
0.536200539156257
0.474071854857644
0.409517757181749
0.342905591887404
0.274616096447863
0.205040153797667
0.134575425744141
0.0636228985557576
-0.00741662511665542
-0.0781460525541801
-0.148175509206056
-0.217125792067146
-0.284631731378867
-0.350345424239298
-0.41393930455639
-0.475109015069728
-0.533576048893529
-0.589090130182937
-0.641431306077725
-0.690411725006952
-0.735877079714267
-0.777707696950449
-0.815819259636847
-0.850163151385788
-0.880726417523214
-0.907531341143263
-0.930634637180254
-0.950126271954948
-0.966127920082642
-0.978791074963733
-0.988294833257031
-0.994843377707553
-0.998663186411288
-1
-0.999115581273487
-0.996284304453153
-0.991789613442371
-0.985920390224636
-0.978967275784104
-0.971218986675813
-0.962958670591588
-0.954460343956749
-0.945985453752919
-0.937779604401567
-0.930069488676006
-0.923060059257894
-0.916931974745711
-0.911839350691046
-0.907907842623518
-0.905233084071328
-0.903879498341135
