-0.382875782786325
-0.378714801870905
-0.370462465955836
-0.358256785400491
-0.342301693307
-0.322863405726404
-0.300265666102768
-0.274883955450147
-0.247138767572474
-0.217488064806882
-0.186419044027717
-0.154439354753443
-0.122067920948674
-0.0898255253436828
-0.0582253196801094
-0.0277634261530627
0.00109020558011941
0.0279005251072975
0.0522755373209201
0.0738737424206053
0.0924107258680784
0.107664778003669
0.119481438797718
0.127776880786436
0.132540062347689
0.133833603800176
0.131793360030762
0.126626685125515
0.118609406446156
0.108081547397038
0.0954418594115269
0.081141244101395
0.0656751657216275
0.0495751717877466
0.0333996555481948
0.0177240077939669
0.00313031694735977
-0.0098032146861704
-0.020512964352451
-0.0284605143431672
-0.0331430313111267
-0.0341032234413762
-0.0309387046552801
-0.0233106029674627
-0.0109512607475473
0.00632911219508903
0.028636956280875
0.0559911565528861
0.0883202003183272
0.125460763584322
0.167157769642652
0.213065940101225
0.262752835098099
0.31570335573706
0.371325658326312
0.428958407155518
0.487879270675459
0.547314545398889
0.606449772951837
0.664441198777756
0.720427906309349
0.773544448217442
0.822933786827807
0.867760349129101
0.90722299809792
0.940567721414237
0.967099841058851
0.986195552752893
0.997312612649073
1
0.993906398550003
0.978787355920646
0.954510999043754
0.921062204460892
0.878545144744709
0.82718415606804
0.767322896692602
0.699421791495049
0.624053783208673
0.541898436444018
0.453734465372389
0.360430779831848
0.262936167178025
0.16226774810378
0.0594983635683288
-0.0442569333858012
-0.147855093050957
-0.250139792492332
-0.349956459392106
-0.44616738336318
-0.537666699636183
-0.623395031067222
-0.702353578652044
-0.773617458107202
-0.836348090484826
-0.889804468072275
-0.933353132795326
-0.966476722755922
-0.988780963118079
-1
