1
0.995999146645036
0.988049152372515
0.976252598423618
0.960761261355958
0.941773637040325
0.919531702596291
0.894316969186238
0.866445890198666
0.836264699921947
0.804143767168246
0.770471556302504
0.735648294633527
0.700079450027533
0.664169125828613
0.628313481662214
0.592894288431127
0.558272723791185
0.524783510646515
0.492729495790009
0.462376758818841
0.433950332987691
0.407630609858106
0.383550488616747
0.361793318942959
0.34239167349832
0.325326972691851
0.310529970559007
0.297882096601364
0.287217634491399
0.278326704876607
0.270959006339245
0.264828256094435
0.259617260441626
0.254983534509638
0.250565381624002
0.245988334827151
0.240871856825449
0.234836190025688
0.227509245435259
0.218533418085264
0.207572217316568
0.194316602739248
0.178490920901203
0.159858343619546
0.138225716449024
0.113447734770086
0.0854303753362438
0.0541335226653543
0.0195727422126024
-0.0181798343719882
-0.0589955326311691
-0.102690073712356
-0.149025419675423
-0.197712503132452
-0.248414804520216
-0.300752726695179
-0.354308703670543
-0.408632968390226
-0.463249893646473
-0.517664810768997
-0.571371202697237
-0.623858161623485
-0.674617996668954
-0.72315387410612
-0.768987371520242
-0.811665828033394
-0.850769375289368
-0.885917538281971
-0.916775301239041
-0.943058541558514
-0.964538744113954
-0.981046918963539
-0.992476657444856
-0.998786274634852
-1
-0.99620819254256
-0.987566571641053
-0.97429446985598
-0.956672128991758
-0.935037075439332
-0.909779625041877
-0.881337581206726
-0.850190202519978
-0.816851527510073
-0.781863154274701
-0.745786581273712
-0.709195222563944
-0.672666215999878
-0.636772146363209
-0.602072806959182
-0.569107122901294
-0.538385357101375
-0.510381715921133
-0.485527465584806
-0.464204662889404
-0.446740594594308
-0.433403009265831
-0.424396213457309
-0.419858091103947
