0.0978452133115737
0.100605389377475
0.106062035791067
0.114088970867039
0.124499974862099
0.137052393216835
0.151451841788672
0.167357931277149
0.184390909970898
0.20213910756269
0.220167048360726
0.23802409001493
0.255253434084398
0.271401347564723
0.286026429998016
0.29870875908596
0.309058748853378
0.316725558356307
0.321404895638075
0.322846071007275
0.320858165597106
0.315315195378771
0.306160167116472
0.293407940906734
0.277146833648385
0.25753891872306
0.234818998990066
0.209292252558692
0.181330573330112
0.151367650630581
0.119892854019966
0.0874440101947276
0.0545991784661084
0.0219675492549707
-0.0098203938979774
-0.0401232944274252
-0.0682997591007324
-0.0937194359470912
-0.115774152999545
-0.13388893391592
-0.147532706334131
-0.156228521593888
-0.159563110195858
-0.157195605998283
-0.14886528355095
-0.134398166973275
-0.113712385190783
-0.0868221669067157
-0.0538403891215615
-0.0149796150106374
0.0294484198106406
0.0790348895223119
0.133277521156253
0.19158576612324
0.253287443477624
0.317636774476895
0.383823705334667
0.450984393820645
0.518212715872368
0.584572630967704
0.649111229949814
0.71087227654772
0.768910044206389
0.822303243197771
0.870168829450223
0.911675486182148
0.946056572280859
0.972622337404801
0.990771212931297
1
0.999912790844058
0.990228477142324
0.970786719011533
0.941552270194378
0.902617578662535
0.854203606889482
0.79665884208067
0.730456493285651
0.656189899154985
0.57456619673641
0.486398327723966
0.39259548358287
0.294152114588128
0.192135649673204
0.0876730937486934
-0.0180633134862198
-0.123871178525339
-0.228533564326177
-0.330834910664489
-0.429577039894179
-0.52359502128005
-0.611772668276751
-0.693057447682246
-0.766474587436989
-0.831140180858949
-0.886273099139566
-0.931205540770651
-0.965392065977915
-0.988416985915034
-1
