-1
-0.986528649616929
-0.959771798297498
-0.92009843874709
-0.86805533539873
-0.804359068600543
-0.729885614552094
-0.645657618142002
-0.552829550543555
-0.452670975178589
-0.346548173975445
-0.23590441029055
-0.122239125061511
-0.00708637840494508
0.108007140272347
0.221504204677263
0.331898916712867
0.43773801858366
0.5376413354234
0.630321045927811
0.714599497061638
0.789425301807536
0.853887485772861
0.90722747884865
0.948848781547364
0.978324171610337
0.995400354411471
1
0.992221149710983
0.972334015505333
0.940775234958347
0.898139683481642
0.845169982341373
0.782743875755797
0.711859682284312
0.633620054369044
0.549214304822061
0.459899579888236
0.366981174942347
0.27179230065524
0.175673614417076
0.0799528338407964
-0.0140752537317822
-0.105168079576193
-0.19215358615697
-0.273947247347404
-0.34956756102082
-0.418149783942556
-0.47895770759598
-0.531393305317715
-0.575004115389466
-0.609488260990475
-0.634697045579834
-0.650635100754837
-0.657458102312223
-0.655468108513484
-0.645106611821326
-0.626945431047017
-0.601675604369295
-0.570094474531724
-0.533091185217088
-0.49163083170598
-0.446737529081008
-0.399476677130342
-0.350936712495134
-0.30221064532701
-0.254377679680966
-0.208485214048104
-0.165531510890045
-0.12644931190555
-0.0920906592459171
-0.0632131622738377
-0.0404679250705661
-0.024389322137498
-0.0153867790624637
-0.0137386818258277
-0.0195885034419835
-0.0329432003323167
-0.0536738937904908
-0.0815188147250934
-0.116088453144567
-0.156872818173067
-0.203250680323983
-0.254500635854138
-0.30981380378486
-0.368307940071245
-0.429042730842728
-0.491036007983592
-0.553280615865613
-0.614761648013469
-0.674473767032216
-0.731438320337256
-0.784719968107894
-0.833442548368066
-0.876803917040793
-0.914089518013352
-0.944684459407192
-0.968083897025839
-0.983901553953004
-0.991876236037979
