-1
-0.995618591329584
-0.986884000462595
-0.97385237395194
-0.956607169966682
-0.935258256347924
-0.909940727898681
-0.880813459556098
-0.848057415771955
-0.811873739793265
-0.772481649537398
-0.730116169350003
-0.685025729079695
-0.637469663568758
-0.587715646819347
-0.536037095732963
-0.482710578428764
-0.428013261723143
-0.372220431407084
-0.315603117505051
-0.258425854763857
-0.200944606233535
-0.143404875003438
-0.0860400259906139
-0.0290698361947477
0.0273007119097866
0.0828823831192191
0.137502381741035
0.191004780845274
0.243250690206899
0.294118168726705
0.343501891102463
0.391312582320375
0.437476237089953
0.481933144597081
0.524636741849597
0.565552321391798
0.604655621230161
0.64193132641025
0.677371512790037
0.710974064151109
0.74274109386816
0.772677401918779
0.800788997067842
0.827081712620377
0.851559942227546
0.874225519884235
0.895076765512256
0.914107714425319
0.93130754557157
0.946660219801892
0.960144335577076
0.9717332055667
0.981395153571664
0.989094027186474
0.9947899176718
0.998440074697166
1
0.999424700649924
0.99667007956125
0.991694438212326
0.984460064252249
0.974934874841433
0.963094085213784
0.948921871088128
0.932412993210648
0.913574352485845
0.892426444849919
0.86900468624829
0.843360579780914
0.815562699249643
0.785697465948594
0.753869698541286
0.720202919221232
0.684839403003829
0.647939960890101
0.609683451716667
0.570266021697372
0.529900074905041
0.488812982169956
0.447245540018501
0.405450195275736
0.363689054745887
0.322231702905236
0.28135285373621
0.241329865649072
0.202440150832864
0.164958512311783
0.12915444342518
0.095289425374949
0.0636142588772963
0.0343664658089653
0.00776779605164535
-0.0159781264783665
-0.0366879863579582
-0.0542007577026137
-0.0683794563619691
-0.0791126389852483
-0.0863156281319513
-0.0899314463750653
