1
0.993667340816818
0.981063053318146
0.962308422629613
0.937583445885567
0.90712454611816
0.871221574546544
0.830214143533427
0.784487341854545
0.734466892539461
0.680613821262355
0.623418709975801
0.563395616090872
0.501075741932026
0.437000942371751
0.371717160433675
0.30576788121901
0.23968769375504
0.173996048301192
0.109191293312918
0.0457450717103947
-0.0159028495997396
-0.0753492497560941
-0.13223156403958
-0.186231383084285
-0.237077299486886
-0.284547069893324
-0.328469070843458
-0.368723037108959
-0.405240081808077
-0.438002008063535
-0.467039932228943
-0.492432248590788
-0.514301974810016
-0.532813526060708
-0.548168973725435
-0.560603851502437
-0.570382577767935
-0.577793567933058
-0.583144114271337
-0.586755113220205
-0.58895572144798
-0.59007802201523
-0.590451780754378
-0.590399370571508
-0.590230937785379
-0.590239879924988
-0.590698698689127
-0.591855285125802
-0.593929686626196
-0.597111397169496
-0.60155720353387
-0.607389611045757
-0.614695863020841
-0.62352755850547
-0.633900863407844
-0.645797300763874
-0.659165096859112
-0.673921051366041
-0.689952891687185
-0.707122064441077
-0.725266910599937
-0.744206165281248
-0.763742718691231
-0.783667571281177
-0.803763913854846
-0.823811262185947
-0.84358957567977
-0.862883290734518
-0.881485201699747
-0.899200125647401
-0.915848291504386
-0.93126839936712
-0.945320301936383
-0.957887266869916
-0.96887778633406
-0.978226908018275
-0.985897070223896
-0.991878432212264
-0.996188699655157
-0.998872453629786
-1
-0.99966576408757
-0.997986263131007
-0.995097696031049
-0.991153196178643
-0.986319798651641
-0.980775177662877
-0.974704213771899
-0.968295452978814
-0.96173752136152
-0.955215559374938
-0.948907739298373
-0.942981927608398
-0.937592551301035
-0.932877723436855
-0.92895667850081
-0.92592756263507
-0.923865617511959
-0.922821789671536
