0.234109698653529
0.240239107889587
0.252400082935832
0.270398488576059
0.293946976355778
0.322669541005652
0.356107482144636
0.393726676278492
0.434926043226631
0.479047072069501
0.525384254812987
0.573196261484258
0.621717678536017
0.670171123431686
0.717779542256605
0.763778494246373
0.807428227290799
0.848025351758876
0.88491392634559
0.917495778965272
0.945239897861532
0.967690742878864
0.984475344011972
0.99530907364415
1
0.998451751935969
0.990664848916305
0.976736474495958
0.956858696467262
0.931315161629744
0.900476317518208
0.86479323698584
0.824790143911954
0.781055759131856
0.73423360463754
0.685011420870084
0.634109866249879
0.582270679739704
0.530244496021145
0.47877850864494
0.428604179196143
0.380425190050089
0.334905834689446
0.292660032860058
0.254241148166944
0.220132773201848
0.190740632145364
0.166385733237031
0.147298883831066
0.133616659262763
0.125378893779121
0.122527737698674
0.124908300139631
0.13227087148385
0.144274694624561
0.160493229375049
0.180420830584138
0.203480737889664
0.22903425400185
0.256390969278593
0.284819873438457
0.313561180824292
0.341838683911495
0.368872440938355
0.393891597764043
0.416147141427681
0.43492438343472
0.449554974530034
0.459428259575907
0.464001791033374
0.4628108322957
0.455476697546027
0.44171379266851
0.421335241755737
0.394257005613446
0.360500422025339
0.32019312204139
0.273568301809384
0.220962355086329
0.162810897142615
0.0996432359066273
0.0320753704967045
-0.039198379630513
-0.113414990183532
-0.189753447874291
-0.267346404914632
-0.345292595633738
-0.422669826552133
-0.498548342045709
-0.572004361602317
-0.642133581711372
-0.708064435682245
-0.768970908157786
-0.824084707722705
-0.87270661070096
-0.914216801841611
-0.948084052913587
-0.973873598028152
-0.991253584506741
-1
