-1
-0.99469150594967
-0.984148615998248
-0.968518340482566
-0.948018249002036
-0.922932988224334
-0.893609726211327
-0.860452596261849
-0.823916229312394
-0.784498478563006
-0.742732452970387
-0.699177987366626
-0.654412686042314
-0.609022683532093
-0.563593270948266
-0.518699538449637
-0.474897184271818
-0.432713638183032
-0.392639642305868
-0.35512142503739
-0.320553594421062
-0.289272865922019
-0.261552726312426
-0.237599120495584
-0.217547231821411
-0.201459409030017
-0.189324274680143
-0.18105703106531
-0.176500960491819
-0.175430097692997
-0.17755303338681
-0.182517789847597
-0.189917692145896
-0.199298142687307
-0.210164192107718
-0.221988786690699
-0.234221561469768
-0.246298039240106
-0.257649088975063
-0.26771049273164
-0.275932468108453
-0.281788993724317
-0.284786788011776
-0.284473796825762
-0.280447052873469
-0.272359779661267
-0.259927624377481
-0.242933917702982
-0.221233873752401
-0.194757659958884
-0.163512284463813
-0.127582267180718
-0.0871290798769047
-0.0423893600548751
0.0063280771880625
0.0586463860957178
0.114125934359835
0.172270565315249
0.232534782899906
0.29433174928993
0.357041972062637
0.420022546600097
0.482616810400389
0.544164259157957
0.604010570018583
0.661517575381185
0.716073031043001
0.767100025363007
0.814065881408235
0.856490411668803
0.893953394762861
0.926101155450424
0.952652143050648
0.973401418796491
0.988223979523293
0.997076863110806
1
0.997115794591261
0.988627440094582
0.97481599013555
0.956036229814306
0.932711407664232
0.905326907768634
0.874422957887861
0.840586484565162
0.80444223957979
0.766643333589387
0.727861322169843
0.688775996571734
0.650065036255604
0.612393682568158
0.576404592740691
0.542708030731285
0.511872546333875
0.484416286518799
0.460799073266511
0.441415370359375
0.426588247889584
0.416564437837647
0.411510557215649
