0.625291575394686
0.629832039194054
0.638812986358458
0.652036095668982
0.669207958515218
0.689944894626078
0.713779254041534
0.740167105733382
0.768497191353456
0.798101002568079
0.828263822642673
0.858236557649885
0.887248170128785
0.91451851841862
0.93927139837929
0.960747580894351
0.97821763848304
0.990994357526528
0.998444538990419
1
0.995167601048142
0.983538138792616
0.964793962091579
0.938715188854954
0.905184423142413
0.864189895372289
0.815826973151985
0.760298015712267
0.697910570825298
0.629073939002833
0.554294155299969
0.474167463790591
0.389372383345255
0.300660485361072
0.208846024221279
0.114794579184249
0.0194108818372545
-0.0763739840419621
-0.171615813591226
-0.265370739609964
-0.356708712096995
-0.444726791447362
-0.528562051130181
-0.607403891815239
-0.680505578154923
-0.747194821613052
-0.806883247670713
-0.859074603194705
-0.903371579451468
-0.939481147877394
-0.9672183289345
-0.98650833882271
-0.997387084101855
-1
-0.994599253945662
-0.981539361254878
-0.96127128453138
-0.934335111812784
-0.901351430449858
-0.863011533795645
-0.820066615692434
-0.773316123197565
-0.723595450743119
-0.671763168781713
-0.618687986778689
-0.565235654065896
-0.512256002519929
-0.460570332264402
-0.410959335668813
-0.364151745922696
-0.320813884548422
-0.281540267570588
-0.246845412918565
-0.217156972275302
-0.192810289308085
-0.174044463364356
-0.160999973650912
-0.153717894019985
-0.152140703155705
-0.156114669590871
-0.165393765988541
-0.179645042891445
-0.198455369058015
-0.22133942393177
-0.247748808071873
-0.277082119817904
-0.308695831348275
-0.341915784857051
-0.376049120013675
-0.410396437333916
-0.444263998679995
-0.476975765875342
-0.507885081366479
-0.53638580094236
-0.561922697631705
-0.584000967894881
-0.602194685916585
-0.616154068953888
-0.625611436027295
-0.630385763451746
