1
0.992501426730295
0.977621564083664
0.955593043080758
0.926759999873771
0.891572391078866
0.85057855901878
0.804416167990086
0.753801659255581
0.699518396673273
0.642403696319402
0.583334951797959
0.523215081856986
0.462957538210508
0.40347111891073
0.345644836105448
0.290333086491264
0.238341368238938
0.190412779691912
0.147215522854709
0.109331618787505
0.0772470227574149
0.0513433046709941
0.031891035279958
0.0190449913108901
0.0128412634545785
0.0131963205268237
0.0199080515684273
0.0326587756910541
0.051020177608655
0.0744600955309951
0.102351057937643
0.133980437181521
0.168562061350326
0.20524910176917
0.24314803234744
0.281333439000756
0.318863442908222
0.354795490633898
0.38820225732839
0.418187406448711
0.44390095074505
0.464553964650045
0.479432407593112
0.487909831009254
0.489458758716989
0.483660550643855
0.470213583266034
0.448939606237613
0.419788163107475
0.382838994313185
0.338302372326586
0.286517351407221
0.227947947384294
0.163177295715629
0.0928998682444964
0.0179118600826906
-0.0609001126007177
-0.142571835877844
-0.226075649770031
-0.3103357139691
-0.394244154757205
-0.47667784549036
-0.556515562029661
-0.632655247543894
-0.704031118286076
-0.769630343318325
-0.828509036712232
-0.879807310407915
-0.92276314953208
-0.956724889349147
-0.981162093886066
-0.995674660312054
-1
-0.994018176433175
-0.977754911297654
-0.951382402734781
-0.915217933313214
-0.869720279294842
-0.815483966684245
-0.753231452839161
-0.683803344560706
-0.60814679407502
-0.52730224268615
-0.442388707679117
-0.354587830878155
-0.265126926759268
-0.175261283871892
-0.086255985291076
0.000632478291098471
0.0841745255445328
0.16318545484601
0.236542796133292
0.303202781450394
0.362215684458832
0.412739796136754
0.454053824429442
0.485567529434839
0.506830432439417
0.517538466350611
