0.691857718344029
0.694538784090264
0.699857057556522
0.707725435816277
0.718014788351631
0.730555760794337
0.745141138807442
0.76152873767167
0.779444775514985
0.798587681131287
0.818632281079838
0.839234305334209
0.860035146239098
0.880666802001994
0.900756933446128
0.919933961317377
0.937832131090446
0.954096472961721
0.968387586533993
0.980386182561945
0.989797317990637
0.996354265321354
0.999821963004567
1
0.996725094758899
0.989873036563395
0.979360065283712
0.965143674061024
0.947222828062228
0.925637601150636
0.900468240940878
0.871833681125999
0.839889528052066
0.804825556148699
0.766862753887887
0.726249968332906
0.6832602019592
0.638186620197368
0.591338331995673
0.543036008571329
0.49360740737688
0.443382869126949
0.392690855504246
0.341853593901124
0.291182893279208
0.24097619198554
0.191512894204918
0.143051046724325
0.0958244019193395
0.0500399064380479
0.00587564805972329
-0.036520714244235
-0.0770330198016754
-0.115577166028466
-0.152101157332206
-0.186584649975488
-0.219038007599001
-0.249500889666329
-0.278040402242183
-0.304748847143432
-0.32974111150591
-0.353151745098115
-0.375131777205764
-0.395845328542073
-0.415466076354677
-0.434173632663373
-0.452149896350551
-0.469575439631287
-0.486625988261232
-0.503469052721746
-0.520260764592429
-0.53714296843504
-0.554240614836712
-0.571659494874156
-0.589484350254637
-0.607777386864275
-0.626577212517933
-0.645898212471912
-0.665730368849954
-0.686039522665753
-0.706768069723245
-0.727836074459692
-0.749142778882984
-0.770568477255429
-0.791976721196231
-0.813216814509889
-0.834126552383663
-0.85453515570811
-0.874266348222043
-0.893141522014543
-0.910982935665212
-0.927616888987731
-0.942876818963919
-0.956606263003448
-0.968661638110704
-0.978914787842872
-0.987255253046133
-0.993592227190956
-0.997856162611808
-1
