-0.196708313456466
-0.190879218336031
-0.179275778642488
-0.162007029437139
-0.1392353619353
-0.11117514020739
-0.0780908739581588
-0.0402949619535479
0.0018549758849844
0.0479591563752486
0.0975790564420014
0.15024117444259
0.20544109913353
0.262647853376925
0.321308477340027
0.380852813853131
0.440698456778168
0.500255821718867
0.558933297187767
0.616142433448224
0.671303125681576
0.723848747899366
0.773231194134235
0.818925783904785
0.860435989760843
0.897297945874984
0.929084698150173
0.955410158155459
0.975932725372505
0.990358544723265
0.998444369138472
1
0.994890281627228
0.983036629555069
0.964418076143662
0.939071821038726
0.90709327813673
0.86863561496796
0.823908784758729
0.773178055835523
0.716762047451379
0.655030285509898
0.588400295996022
0.517334258155462
0.442335243557199
0.363943071086615
0.282729811612365
0.199294979510912
0.114260451383229
0.0282651551248718
-0.0580404250176859
-0.14399987968358
-0.228956592527058
-0.312259494592222
-0.393268803486868
-0.471361695574643
-0.545937859544052
-0.616424880331716
-0.682283403476866
-0.743012031560728
-0.798151906429816
-0.847290933403062
-0.890067606601326
-0.926174397891494
-0.955360675679139
-0.977435123882197
-0.992267635837854
-0.999790662596746
-1
-0.992955004070052
-0.978778229527347
-0.957654491621691
-0.92982935688725
-0.895607073841021
-0.855347959992453
-0.809465266763302
-0.758421548978812
-0.702724570432216
-0.642922781594243
-0.579600409790215
-0.513372206054328
-0.44487789635246
-0.374776387903386
-0.303739783890348
-0.23244726191143
-0.161578873044539
-0.0918093193823596
-0.0238017683114499
0.0417982383393702
0.104368722874648
0.163317001908364
0.218085153854378
0.268155171820708
0.313053752888871
0.352356678139946
0.385692741625702
0.412747190738487
0.433264645065834
0.447051465778687
0.453977552846637
