-0.180350774950533
-0.177619890716247
-0.172170683568474
-0.164028421613255
-0.153231365084528
-0.139831180510756
-0.123893467417628
-0.105498376391445
-0.0847412928921365
-0.0617335573183728
-0.0366031885774087
-0.00949557587500693
0.0194258983211466
0.0499793421290107
0.0819639829755499
0.115159978465834
0.149328444996374
0.18421173717821
0.2195340077721
0.255002073692003
0.29030660876635
0.325123678435917
0.359116625502231
0.391938309522423
0.423233695586694
0.452642781132184
0.479803842267605
0.504356973935966
0.525947891259344
0.544231952721016
0.558878359574497
0.569574480149803
0.576030242670755
0.577982535910897
0.575199553595786
0.567485015989549
0.554682200652815
0.53667771398071
0.513404935860103
0.48484707164343
0.451039748622789
0.412073098284409
0.368093270793666
0.319303334349576
0.265963519182955
0.208390773965075
0.146957611139246
0.0820902270677377
0.0142658927701369
-0.0559903787248237
-0.128109871933126
-0.201484888378205
-0.275474108552032
-0.349408548812959
-0.422598055929937
-0.494338272831548
-0.563918000694289
-0.630626874948468
-0.693763266221682
-0.752642311796138
-0.806603978928782
-0.855021058457396
-0.897306985558458
-0.932923384380879
-0.961387234580742
-0.982277560531762
-0.995241548168736
-1
-0.99635204574172
-0.984179034203469
-0.963447541393012
-0.934211440192635
-0.896612988256963
-0.850882902845664
-0.797339403973424
-0.736386220363478
-0.668509566051048
-0.594274108914891
-0.51431796573197
-0.429346771364665
-0.340126882217586
-0.24747778596286
-0.152263800557577
-0.0553851556046534
0.0422314420089367
0.139642648656753
0.235898614946583
0.330053286643349
0.421174751898264
0.508355509595146
0.590722533726422
0.667447010469022
0.737753628028354
0.800929304318512
0.856331244087398
0.903394225093195
0.941637022289805
0.97066788955992
0.990189030204494
1
