0.391830700464761
0.398166958843711
0.410716375050154
0.429234719883972
0.453360548526481
0.482620993627013
0.516439348032872
0.554144318818009
0.594980808180621
0.638122052948098
0.682682933220674
0.727734242433369
0.772317696103415
0.81546144499088
0.856195850512805
0.893569276137785
0.926663648211595
0.954609543228194
0.976600565907033
0.991906793451112
0.999887075866967
1
0.991813345697116
0.975011885928246
0.949403408411896
0.914922863894966
0.871634575301622
0.819732472035682
0.759538344325729
0.691498143164111
0.616176381631643
0.534248722747514
0.446492866981536
0.35377787877763
0.257052115455882
0.15732994331302
0.0556774442953449
-0.0468026680123658
-0.148986692390217
-0.249745904942499
-0.347962601361806
-0.442545972029002
-0.532447568467121
-0.616676126407222
-0.694311521106555
-0.764517644416224
-0.826554010205239
-0.879785914837358
-0.92369300214753
-0.95787610741539
-0.98206228178799
-0.996107927037121
-1
-0.993855276081868
-0.977917691322956
-0.952553812277525
-0.91824651185272
-0.875586956857503
-0.825265038885596
-0.768058403897589
-0.704820257106941
-0.636466138183035
-0.563959877077585
-0.488298952723756
-0.410499485268933
-0.331581097256512
-0.252551880202087
-0.174393700306028
-0.0980480706583932
-0.0244028073317385
0.0457203266123383
0.11157680173741
0.172509159483961
0.227955360164675
0.277455520150135
0.320656942893225
0.357317376082851
0.387306455858719
0.410605328201413
0.427304466870558
0.437599736132407
0.441786774537516
0.440253802734035
0.433472983308476
0.42199048353725
0.406415412346616
0.387407820393484
0.365665966717273
0.341913066645405
0.316883743386732
0.291310409898365
0.265909808099838
0.241369929330352
0.218337533154875
0.197406471335118
0.179107010160199
0.163896327600058
0.1521503421732
0.14415700832502
0.140111188849873
