1
0.997265423403482
0.991828887573693
0.983755193129345
0.973140461654139
0.960110856989606
0.944820907551023
0.927451452532335
0.908207239967698
0.887314209322432
0.86501649552866
0.84157319510115
0.817254938115331
0.792340312358588
0.767112187843666
0.741853991074395
0.716845978964311
0.692361562123117
0.668663726349751
0.646001599619343
0.624607209649649
0.604692474315101
0.586446463786546
0.570032969363491
0.555588409591867
0.543220099489117
0.53300490360039
0.524988288259634
0.519183782905759
0.515572854686831
0.514105194955744
0.51469941069953
0.517244108530775
0.521599353679784
0.527598481532873
0.535050234733089
0.543741194756514
0.553438473255144
0.563892625363488
0.574840744639753
0.586009697384225
0.597119452768434
0.607886464530918
0.618027059951144
0.627260792395455
0.635313714921284
0.641921534203153
0.646832606372224
0.649810739198695
0.650637768344339
0.649115879115413
0.645069649193546
0.638347792148459
0.628824586072983
0.616400976356563
0.601005346356083
0.582593954459792
0.561151040700225
0.536688610585708
0.509245908121458
0.478888594018379
0.445707648783696
0.409818023701635
0.37135706560041
0.330482743726878
0.287371708983427
0.242217217202206
0.195226949027274
0.146620759341965
0.0966283890213777
0.0454871711216664
-0.00656023754020418
-0.059268070081458
-0.1123895812323
-0.165679072133986
-0.218893786152623
-0.271795656647751
-0.324152890902278
-0.375741377852834
-0.426345910795611
-0.475761219819537
-0.523792812273741
-0.570257623048648
-0.614984479780423
-0.657814391221231
-0.698600669900947
-0.73720890279283
-0.773516785945046
-0.807413840916889
-0.838801032335352
-0.867590306943452
-0.893704075133591
-0.91707465614187
-0.937643707825337
-0.955361661263945
-0.970187179340395
-0.982086656979175
-0.991033778902693
-0.997009148625427
-1
