-1
-0.998034390409428
-0.994084797496373
-0.988114985897826
-0.980071873553584
-0.969887031091584
-0.957478638473897
-0.942753863354929
-0.92561161783587
-0.905945643251829
-0.883647866418172
-0.858611965494745
-0.830737079390043
-0.799931591494467
-0.766116916557219
-0.729231218740999
-0.689232989318942
-0.646104414116236
-0.599854463621615
-0.550521642659668
-0.498176341562877
-0.442922736834207
-0.384900196252231
-0.324284151131392
-0.261286406887151
-0.196154872035326
-0.129172695133365
-0.0606568087985545
0.00904411034056318
0.079552247244663
0.150463791661369
0.221352581897974
0.291774203599114
0.361270490071469
0.429374363599407
0.495614951004776
0.559522901524578
0.620635830999724
0.678503813457507
0.732694839481899
0.782800160332719
0.828439437610299
0.869265620359839
0.904969474842525
0.935283696722243
0.959986541062139
0.978904912211037
0.991916863285923
0.99895346340823
1
0.995096493151388
0.98433750918429
0.967871270902241
0.945898072473782
0.918668017282947
0.886478107234765
0.849668721767149
0.808619534040547
0.763744920308451
0.715488926180893
0.664319860257654
0.610724591320469
0.555202629842825
0.498260077928257
0.440403533868468
0.382134038285895
0.323941148276522
0.266297224103392
0.209652009835553
0.154427584927075
0.101013758152086
0.0497639686384614
0.000991751075978264
-0.0450321863686477
-0.0880822321870269
-0.127979460365147
-0.164592518915853
-0.197837809741342
-0.227678962226005
-0.254125613689558
-0.277231520357169
-0.297092032664483
-0.313840978353957
-0.327647005785535
-0.338709448040398
-0.347253775615045
-0.353526711672071
-0.357791088838195
-0.360320530340905
-0.361394040793737
-0.361290593137064
-0.360283798097772
-0.358636741049145
-0.356597068354582
-0.354392401208407
-0.352226149707193
-0.350273793477182
-0.348679687747015
-0.347554445405209
-0.346972936448112
