-0.727804604182332
-0.718015735711194
-0.698551140869549
-0.669635721971572
-0.631603396012985
-0.584893021722058
-0.530043052898219
-0.467684988465341
-0.398535705400862
-0.323388775228121
-0.24310487787568
-0.158601438232774
-0.0708416205064867
0.0191771766185949
0.110435175108548
0.201902270239538
0.292550126293201
0.381364161177347
0.46735526835415
0.549571129013076
0.627106973967879
0.699115663182246
0.764816961006563
0.823505896983562
0.874560115275671
0.917446130184677
0.951724420660834
0.977053312907028
0.993191616936832
1
0.997441096899348
0.98557837414383
0.964573781373846
0.934684239324194
0.896257028537115
0.849724156896917
0.795595796640893
0.734452892641209
0.666939053304776
0.593751843283103
0.515633603228671
0.43336192601302
0.347739921097429
0.259586399111587
0.16972610716945
0.0789801420829703
-0.0118433365006417
-0.101957977812772
-0.190607589643129
-0.27707386883301
-0.360683426388841
-0.440814033024866
-0.516900023792393
-0.588436813940455
-0.654984492064988
-0.716170470722252
-0.771691188788811
-0.821312873729518
-0.864871385377478
-0.902271175636538
-0.933483410500611
-0.958543311773809
-0.977546785717547
-0.990646414412332
-0.998046892792083
-1
-0.996799197864934
-0.988773951868936
-0.976283870959154
-0.959712761965309
-0.939462692257711
-0.915948150684664
-0.889590391849691
-0.860812042537427
-0.830032041700605
-0.797660977025153
-0.76409687185607
-0.72972146636574
-0.694897026459524
-0.659963703227689
-0.625237454957417
-0.591008533002741
-0.557540522359013
-0.525069917780501
-0.493806206883892
-0.463932423053086
-0.435606123243569
-0.408960739101705
-0.384107244270841
-0.36113607643617
-0.340119249625835
-0.321112590575702
-0.304158032594875
-0.289285901329702
-0.2765171290839
-0.265865337856538
-0.257338735931283
-0.250941778592509
-0.246676550240771
-0.244543832699469
