0.872065118818325
0.865565671726709
0.852638980008255
0.833428631154052
0.808147972558541
0.77707769809527
0.740562675155956
0.699008049931286
0.652874677243624
0.602673929183186
0.548961944050407
0.49233338357738
0.433414772010414
0.372857495315547
0.31133054246346
0.24951307341706
0.188086900055457
0.127728966807408
0.0691039172353412
0.0128568312216342
-0.0403937852102535
-0.0900626790146755
-0.135604124299321
-0.176517723083944
-0.212353670370028
-0.24271742815451
-0.26727376053495
-0.285750090073942
-0.297939144008847
-0.303700867596543
-0.302963590756805
-0.295724443106213
-0.282049021341659
-0.262070321625749
-0.235986958036275
-0.204060696164534
-0.16661333848539
-0.124023005086151
-0.0767198596513939
-0.0251813361865623
0.0300730732346814
0.0884874054434597
0.149475120509001
0.212425233857939
0.276708615291415
0.3416843835965
0.406706325917375
0.471129272379035
0.534315358604401
0.59564011168707
0.654498298818814
0.710309482057321
0.76252322758185
0.810623923142599
0.854135163178615
0.892623667170555
0.925702703117572
0.953034994490465
0.974335095524616
0.989371226186956
0.99796656449489
1
0.995406358099099
0.984176110329978
0.966354590886656
0.9420407441949
0.911385432477964
0.874589335778835
0.831900479862498
0.7836114297831
0.73005618865977
0.671606842364047
0.608669991393344
0.54168301120997
0.471110181792892
0.397438726116599
0.321174795781709
0.242839440124366
0.162964592880449
0.0820891079335491
0.000754872893232728
-0.0804969737059974
-0.161129698862244
-0.240614485615083
-0.318433781108794
-0.39408446875516
-0.467080853964326
-0.53695745566878
-0.603271598412632
-0.665605802079995
-0.723569968362552
-0.776803364795126
-0.824976408603931
-0.867792253707933
-0.90498818498924
-0.936336824411016
-0.961647153725837
-0.980765358404425
-0.993575497052054
-1
