-0.509706979719751
-0.499456003566084
-0.479093228278473
-0.448895105572864
-0.409271584363434
-0.360760511986184
-0.304020293989471
-0.239820917104554
-0.169033463229668
-0.092618263591859
-0.0116118613783162
0.0728870322272233
0.159732389749693
0.247746317026094
0.335734882958026
0.422504106953805
0.506875880147281
0.587703598297532
0.663887289324872
0.73438802663939
0.798241430636699
0.854570074794616
0.902594629484936
0.941643595658083
0.971161501672249
0.990715459399441
1
0.998840135046464
0.987192614614208
0.965145380149552
0.932915235982543
0.890843788882092
0.839391729675704
0.779131554310466
0.710738843472867
0.634982239695292
0.552712278470596
0.464849245021945
0.372370240821289
0.276295653546383
0.177675230787944
0.0775739613859883
-0.0229420312440007
-0.122819382023203
-0.221030967184203
-0.316588789627683
-0.408556090221463
-0.49605852239527
-0.578294243497109
-0.654542794542373
-0.724172659907867
-0.786647419877625
-0.841530431393301
-0.888487995541944
-0.927290993862022
-0.957814999095132
-0.980038889189168
-0.994042015810172
-1
-0.998179247599894
-0.988930295344859
-0.972680114848211
-0.949923515800533
-0.921213801400124
-0.887152838149947
-0.848380708578402
-0.805565119090948
-0.75939073600452
-0.710548620869707
-0.659725931504219
-0.607596047846291
-0.55480927193108
-0.501984239178353
-0.449700163974058
-0.398490026481598
-0.348834790009501
-0.301158719392664
-0.255825851034977
-0.213137644846137
-0.173331827626579
-0.136582416855888
-0.103000893662947
-0.0726384743323869
-0.0454894113497549
-0.0214952380060449
-0.000549855245293274
0.0174946540066354
0.0328216091345817
0.0456428499078725
0.0561915301300897
0.0647147327729589
0.0714660540380105
0.076698302733772
0.0806564577389071
0.083571020215067
0.0856518887511337
0.0870828749160386
0.0880169639603465
0.0885724108608332
0.0888297458007739
