0.506332047875678
0.510336039545256
0.51828200886841
0.530046788467569
0.545447766468492
0.564245418873905
0.586146628855998
0.610808745036978
0.637844320202669
0.666826462144918
0.697294719599399
0.728761418665735
0.760718358778564
0.792643772333876
0.824009448536736
0.85428791997447
0.882959609861577
0.909519838853739
0.933485592770505
0.954401956458934
0.971848124311069
0.985442904533318
0.994849642052303
0.999780493808636
1
0.995327905436751
0.985641196404196
0.970875330113817
0.951024645792637
0.926141958523803
0.896337348929205
0.861776173495891
0.822676331615889
0.779304836065103
0.731973743532591
0.681035510780479
0.626877849935402
0.5699181631699
0.5105976425299
0.449375124825797
0.386720794273617
0.323109826915554
0.25901607075365
0.194905854007077
0.1312320109848
0.0684282108051912
0.00690366866687642
-0.0529616873255231
-0.110821528539593
-0.166366860853043
-0.219329135297094
-0.269482697381248
-0.316646548783373
-0.360685406006302
-0.401510051655802
-0.439076985010956
-0.47338738936433
-0.504485444037518
-0.532456018866589
-0.55742179814957
-0.579539889414285
-0.59899797977334
-0.616010108973382
-0.630812133425066
-0.643656959444504
-0.654809626592472
-0.664542323331059
-0.673129417217103
-0.680842580527025
-0.687946089589181
-0.694692372238916
-0.701317872778746
-0.708039297711034
-0.71505029841923
-0.72251863902777
-0.730583889004686
-0.739355670830434
-0.74891248339577
-0.759301111870847
-0.770536624771139
-0.782602948997805
-0.795454003913716
-0.809015366190043
-0.823186428373468
-0.837843006022938
-0.85284034097777
-0.8680164419626
-0.883195698410163
-0.898192699174073
-0.912816184776017
-0.92687306003078
-0.940172393343952
-0.952529329685757
-0.963768846194565
-0.973729282519065
-0.982265582312863
-0.98925218767467
-0.994585534688993
-0.998186105457747
-1
