1
0.98983142958916
0.969605230563726
0.939541888434936
0.899968655414377
0.851315432484739
0.794109366895817
0.728968238932401
0.656592728240593
0.577757665135886
0.493302385932962
0.404120323239409
0.311147972175005
0.215353381474007
0.117724324290142
0.0192563071737433
-0.0790594229177344
-0.176247714592987
-0.271361035128332
-0.363490530163139
-0.451776476883593
-0.535417997007164
-0.613681907140713
-0.685910597014594
-0.751528840495922
-0.81004945993751
-0.861077781088895
-0.904314833231876
-0.939559267144964
-0.966707981682468
-0.98575546790596
-0.996791897562058
-1
-0.995650788114771
-0.984098209349434
-0.965772811974024
-0.941174529578457
-0.910864697797557
-0.875457426577278
-0.835610458670883
-0.792015650429892
-0.745389214266172
-0.696461863379314
-0.645968998470219
-0.594641073232403
-0.543194270492455
-0.492321614056269
-0.442684632731657
-0.394905682791088
-0.349561023483818
-0.307174727299332
-0.268213492735614
-0.2330824125626
-0.202121735230132
-0.175604641394396
-0.153736041773853
-0.136652386940789
-0.124422464448662
-0.117049144121008
-0.114472018604911
-0.116570873625961
-0.123169910958272
-0.134042637107362
-0.148917322236348
-0.167482927061935
-0.189395390393301
-0.214284166742776
-0.241758902031139
-0.271416135841505
-0.302845920913857
-0.33563825455788
-0.369389222307955
-0.403706761337741
-0.438215959755375
-0.472563817754942
-0.506423407527328
-0.53949738063962
-0.571520784070113
-0.602263159019165
-0.6315299097828
-0.659162943151838
-0.685040591761958
-0.709076847352156
-0.731219941782053
-0.751450324716037
-0.769778096923321
-0.786239967004818
-0.800895806898416
-0.813824887614904
-0.825121881223642
-0.834892718072717
-0.84325038955274
-0.850310786384805
-0.856188660447617
-0.860993794600349
-0.864827459877447
-0.867779232925948
-0.86992423874569
-0.871320874820636
-0.87200906275781
