1
0.997360716010517
0.992111371418105
0.984310099414628
0.974043319125022
0.961424807988921
0.946594480124791
0.929716883483735
0.910979431540258
0.890590388037314
0.86877662587344
0.845781183563146
0.821860644793417
0.7972823684172
0.772321597750455
0.747258479257127
0.72237502160455
0.697952026641687
0.674266024089833
0.651586241638747
0.63017164171356
0.610268055425456
0.59210544315198
0.575895309824234
0.561828301344586
0.550072006639416
0.540768987689116
0.534035057496674
0.529957823383712
0.528595510267358
0.529976075703164
0.534096625509583
0.540923135750447
0.550390483775806
0.562402787940893
0.576834052569867
0.593529111736786
0.612304862531207
0.63295177568882
0.655235668825868
0.678899725044913
0.703666737401956
0.729241557661523
0.755313725935079
0.78156025621429
0.807648551486568
0.833239421065285
0.857990171987601
0.881557745832202
0.903601872087998
0.923788209260335
0.941791445228341
0.957298328957687
0.970010606516724
0.979647835427946
0.985950052695996
0.988680273371128
0.987626798214653
0.98260531091041
0.973460747292733
0.960068921214485
0.942337893936165
0.920209076255535
0.893658054993772
0.86269513788573
0.827365613365862
0.787749724175747
0.743962356122731
0.696152445671679
0.644502112334191
0.589225524014042
0.53056750555777
0.468801902730279
0.404229715674004
0.337177017604754
0.26799267603815
0.197045895219166
0.124723599637244
0.0514276795458242
-0.022427879735342
-0.0964199622759147
-0.170119356787593
-0.243093839388555
-0.314911280446135
-0.385142752087804
-0.453365613161612
-0.519166548780362
-0.582144542092539
-0.641913756580288
-0.698106307982994
-0.750374905875799
-0.798395345987354
-0.841868835510984
-0.880524134939262
-0.914119501324155
-0.942444419323916
-0.965321107934161
-0.982605792404331
-0.994189732502341
-1
