0.111333119255644
0.113744823643678
0.118530212254514
0.125613690746672
0.134882977496803
0.146190421292909
0.159354734817163
0.174163124185118
0.190373790318637
0.207718773728141
0.225907110414904
0.244628263121362
0.263555789096894
0.28235120294322
0.300667990986594
0.318155732016427
0.334464278148462
0.349247949025405
0.362169692562371
0.372905165975592
0.381146691890752
0.386607045896123
0.389023033962955
0.388158820673503
0.383808972142069
0.375801180848226
0.363998643281251
0.34830206527414
0.32865127413474
0.305026421108352
0.277448762276552
0.245981010655938
0.21072725695254
0.171832461097588
0.129481521284196
0.0838979316898294
0.0353420443562606
-0.0158910452400024
-0.0694739656016647
-0.125049862800176
-0.182235490292103
-0.240624562247446
-0.299791335307819
-0.35929438174392
-0.418680515466114
-0.477488831267977
-0.535254817053353
-0.591514498610501
-0.645808576744544
-0.697686517248859
-0.746710555269644
-0.792459577073586
-0.834532844040115
-0.872553525837493
-0.906172012172988
-0.935068975196131
-0.958958157543024
-0.977588864099833
-0.990748138794841
-0.998262611060548
-1
-0.995870267705324
-0.985826416573128
-0.969864928804364
-0.948025849531038
-0.920392518146775
-0.887090955403729
-0.848288916648533
-0.804194624182555
-0.75505519412733
-0.70115477533951
-0.64281241983911
-0.580379705882234
-0.514238136220512
-0.444796335243019
-0.372487069595143
-0.297764117517982
-0.221099012559884
-0.142977687489526
-0.0638970442006263
0.0156385248430568
0.0951206385007548
0.174040427658988
0.251892010964766
0.328175922680421
0.402402470739688
0.47409500416491
0.542793070160873
0.608055442414874
0.669463003389473
0.726621464679514
0.779163910805836
0.82675315312341
0.869083881822546
0.90588460529074
0.936919367374469
0.961989234331219
0.980933544490398
0.993630914847467
1
