0.337577922981028
0.327670766214142
0.308031589062275
0.279007802461607
0.241113413958629
0.19502062434771
0.141548833136461
0.0816512285049442
0.0163991760589326
-0.0530353440868784
-0.125398971081738
-0.199377560329885
-0.273617814118257
-0.346749599584907
-0.417408596513238
-0.484258911892927
-0.546015298408499
-0.601464619999258
-0.649486219286765
-0.68907085880587
-0.719337930332837
-0.739550653827512
-0.749129019166504
-0.747660259441732
-0.734906683571515
-0.710810737704384
-0.675497208729655
-0.629272528451066
-0.572621182915115
-0.506199277287968
-0.430825351817797
-0.347468588088835
-0.257234586278038
-0.16134893280756
-0.0611388130334498
0.0419870451361712
0.146559784037547
0.251072850959597
0.354005103678127
0.453844224675318
0.549110076555684
0.638377631615515
0.720299114759263
0.793625010888122
0.8572236053283
0.910098748547294
0.951405563970902
0.980463849729971
0.996768961131627
1
0.990025179148074
0.966904274462711
0.93088812271361
0.882415169515659
0.822105118153605
0.750749775489093
0.669301235195916
0.578857580415709
0.480646326933409
0.376005863524305
0.266365177661159
0.153222181792706
0.0381209774866011
-0.0773715884786993
-0.191689710753992
-0.303292383972866
-0.410686762724955
-0.512450758600617
-0.607254521830012
-0.693880472451913
-0.771241568628372
-0.838397527315449
-0.894568744574868
-0.939147698863056
-0.971707660096693
-0.992008569547551
-1
-0.995821151414669
-0.979797883860905
-0.952436835977493
-0.914416722964204
-0.866576952376544
-0.809903738096132
-0.745513932116941
-0.674636829605215
-0.598594234494527
-0.518779100166413
-0.436633082111674
-0.353623356515941
-0.27121907019662
-0.19086779305612
-0.113972344117366
-0.0418683562733362
0.0241970667941909
0.0830852653072147
0.133784195999675
0.175424576403347
0.207293746533785
0.228847029658495
0.239716413223575
