0.155392914369451
0.162056098573127
0.175280894714219
0.194865585917658
0.220511145347094
0.25182543681634
0.288328720592323
0.329460384777913
0.374586805011548
0.423010219019513
0.473978488046474
0.526695604585205
0.580332795312977
0.634040059873727
0.686957980241521
0.738229631945725
0.787012427478303
0.832489723747463
0.873882029460267
0.910457654743247
0.94154265404155
0.966529924236064
0.984887332814163
0.996164765623208
1
0.996123326654023
0.984360862318426
0.964636514585786
0.936972580220769
0.901488978287524
0.858401139343215
0.808016591430888
0.7507303023628
0.687018855539814
0.617433553039985
0.542592554687362
0.463172175061448
0.379897471737562
0.293532267297435
0.204868754689508
0.114716840255782
0.0238933811187747
-0.0667885263830811
-0.15653005289499
-0.244556787249823
-0.330128389959427
-0.41254761529491
-0.491168579228865
-0.565404163253241
-0.634732458387701
-0.698702169322384
-0.756936915344436
-0.809138382212449
-0.855088297188978
-0.894649217733812
-0.927764142612701
-0.954454972103188
-0.974819861303121
-0.989029527001791
-0.997322583906835
-1
-0.997418773211946
-0.989984942277133
-0.978146053399548
-0.962383211105121
-0.943202846286194
-0.921128336900954
-0.896691617054599
-0.870424908272733
-0.842852702729392
-0.814484122094368
-0.785805767631574
-0.757275167357178
-0.729314914625998
-0.702307579655284
-0.676591461436352
-0.652457232464699
-0.630145512990512
-0.609845395316463
-0.591693922316867
-0.575776508091554
-0.562128272766554
-0.550736248171868
-0.541542396713097
-0.534447372441961
-0.529314941335294
-0.525976967304908
-0.52423886164835
-0.523885386651301
-0.524686698974338
-0.526404515375902
-0.528798282282486
-0.531631231725395
-0.534676209195901
-0.537721163969218
-0.540574199321582
-0.543068088692454
-0.545064174075052
-0.546455574576275
-0.547169645971641
