1
0.988686898921795
0.966197770953551
0.932804859888051
0.888911798162493
0.835048005505043
0.771861350093869
0.700109180792103
0.62064786302423
0.534420972840667
0.442446323343587
0.345802014620995
0.245611712400973
0.143029371582527
0.0392236284601988
-0.0646379102759419
-0.16740425287518
-0.267956255961203
-0.365221285904028
-0.458187097354194
-0.54591473072007
-0.627550245892602
-0.702335127768673
-0.769615219808551
-0.82884806466122
-0.879608555448494
-0.921592827232776
-0.954620345101695
-0.978634172768976
-0.993699433190305
-1
-0.997833485168962
-0.987604613758419
-0.96981710060778
-0.945064165883023
-0.914017846289137
-0.877417276116239
-0.836056126883644
-0.790769405953147
-0.742419822932625
-0.691883937864177
-0.640038307019218
-0.587745840590443
-0.535842581713983
-0.485125108163234
-0.436338746867453
-0.390166777310482
-0.347220783089887
-0.308032291737747
-0.273045821631517
-0.242613431799211
-0.216990846016086
-0.196335197189691
-0.180704412040255
-0.170058229915949
-0.164260823651059
-0.163084965088146
-0.166217653639969
-0.173267103443008
-0.18377096360766
-0.19720562712764
-0.212996467465234
-0.230528827933697
-0.249159577964334
-0.268229042338644
-0.287073104601983
-0.305035284220807
-0.321478588615735
-0.335796945961355
-0.347426032503788
-0.355853318972702
-0.360627174272547
-0.361364880801487
-0.35775943419866
-0.349585020757922
-0.336701087835168
-0.319054945956815
-0.296682865629627
-0.269709656663369
-0.238346742746848
-0.202888768662963
-0.163708801492674
-0.121252210056449
-0.0760293283076268
-0.0286070280815676
0.0204006557967411
0.0703426898164385
0.120541824651078
0.170305815948412
0.218938895556938
0.265753301943103
0.310080677918809
0.351283146299535
0.388763879704697
0.421976989299613
0.450436568720252
0.473724743529598
0.491498593096928
0.503495830498258
0.509539146602951
