1
0.987858130820184
0.963729536113686
0.927922302224776
0.880893088960583
0.823240656989631
0.755697387968925
0.679118923245777
0.59447207480834
0.502821187646804
0.405313155448669
0.303161311241648
0.1976284309194
0.0900091002931167
-0.0183882947833844
-0.126259690696859
-0.232323315281528
-0.335337241511323
-0.434116270244752
-0.527547897440443
-0.614607135784161
-0.694369978633373
-0.766025315310915
-0.828885130734822
-0.882392848783245
-0.926129707251187
-0.959819082317887
-0.983328711645061
-0.99667079708471
-1
-0.993609373901263
-0.977924309985155
-0.953494600765971
-0.920984754852462
-0.881162721627913
-0.834887207746745
-0.783093787619297
-0.726780027115311
-0.666989853324155
-0.604797413168441
-0.541290669837313
-0.477554988305427
-0.414656959613235
-0.353628708144021
-0.295452916943522
-0.241048793347316
-0.191259181023715
-0.146839005271727
-0.108445216348726
-0.0766283710977163
-0.051825966593067
-0.0343576113511458
-0.0244220903068738
-0.0220963497045649
-0.0273363977664915
-0.0399800869627575
-0.0597517143829049
-0.086268348562118
-0.1190477645817
-0.157517844756482
-0.201027280119427
-0.248857388555058
-0.300234849113066
-0.354345138997075
-0.410346450163649
-0.467383856520159
-0.524603500456077
-0.581166568900796
-0.636262834233129
-0.689123544076
-0.739033456140379
-0.785341829627148
-0.827472202995689
-0.864930808858145
-0.897313500012094
-0.924311085799105
-0.945713004660244
-0.961409286516742
-0.971390786983494
-0.975747703964647
-0.974666415422767
-0.968424704600277
-0.957385465261566
-0.941989004194382
-0.922744080864378
-0.900217844395477
-0.875024845627772
-0.847815316605558
-0.819262921240478
-0.790052188900615
-0.760865847172769
-0.732372270965832
-0.705213262459837
-0.679992370207756
-0.657263946071947
-0.637523125786658
-0.62119690299684
-0.608636447895747
-0.600110800378285
-0.595802044292655
