0.551130221268186
0.549859269520713
0.54735277663779
0.543680916267351
0.538947340498992
0.533287279199981
0.526865054287878
0.519871049511944
0.512518185237281
0.505037955861678
0.497676094716023
0.490687937489996
0.484333560286999
0.478872772264914
0.474560045400786
0.47163946518594
0.470339785992659
0.470869673454278
0.473413213488594
0.478125763611807
0.485130216998535
0.494513743424081
0.506325063876688
0.520572307365325
0.537221489401987
0.556195641948737
0.577374614440797
0.600595554987907
0.62565407018216
0.652306051269365
0.680270143940711
0.709230828837216
0.738842070191337
0.768731481010332
0.798504944976765
0.82775162793262
0.856049305540138
0.882969928573944
0.908085343376321
0.930973082363083
0.951222138143317
0.968438634833826
0.982251311508706
0.992316735405445
0.998324166469694
1
0.997111720470499
0.989471306965417
0.976938038939386
0.959420660092683
0.936878867878886
0.909324106392023
0.876819650951358
0.839479983449312
0.797469468283854
0.7510003492931
0.700330098381466
0.645758156313379
0.58762211529967
0.526293401371126
0.462172521992901
0.395683950807096
0.327270726699088
0.25738884848435
0.186501549343793
0.115073536654146
0.0435652830436624
-0.027572546648983
-0.0979044503030559
-0.167015146865908
-0.234514264618328
-0.300040591942726
-0.363265830313794
-0.423897797287302
-0.481683036114537
-0.53640879811695
-0.587904373966878
-0.636041760377311
-0.680735659242254
-0.72194281682298
-0.759660720977238
-0.793925684514236
-0.824810352368758
-0.852420679271685
-0.876892432809986
-0.898387284087839
-0.917088554507038
-0.933196692380535
-0.946924557096787
-0.958492591302375
-0.968123963023997
-0.976039759786754
-0.982454315602911
-0.987570749224315
-0.991576788313154
-0.994640949250449
-0.996909136249433
-0.998501716369062
-0.999511119045071
-1
