1
0.996996744774926
0.991012793587885
0.982093101875557
0.970304695834962
0.955736186222697
0.938497123682054
0.918717198705323
0.896545290146497
0.872148367025815
0.845710249213515
0.817430233446093
0.787521592013098
0.756209952353643
0.723731566715491
0.690331481950258
0.656261620439264
0.621778784057327
0.587142593976858
0.552613379980816
0.518450033778567
0.48490784159026
0.452236311969365
0.420677015455281
0.390461453173754
0.361808971917992
0.334924743533393
0.309997826580291
0.287199328249243
0.266680684340649
0.248572074784714
0.232980991660771
0.219990975970174
0.20966053852033
0.202022279187249
0.197082217540916
0.194819346345614
0.195185417792225
0.198104970490902
0.203475603262262
0.211168499628512
0.22102920464019
0.23287865329982
0.246514447383447
0.261712374939546
0.278228164189141
0.295799460989355
0.314148016485058
0.332982069090132
0.351998902542505
0.370887559496669
0.38933168798483
0.4070124961233
0.423611788693114
0.438815057710494
0.452314597848782
0.463812616601583
0.473024308406965
0.479680861601207
0.483532367050916
0.484350597633623
0.481931628404475
0.476098268301423
0.466702275600146
0.453626331025181
0.436785744443396
0.416129873393658
0.391643234321895
0.363346290269135
0.33129590187325
0.295585431861287
0.256344496693508
0.213738362634977
0.167966987235795
0.119263710955148
0.0678936074242065
0.0141515045647942
-0.041640307579442
-0.0991346629284119
-0.157962376650774
-0.217735347796079
-0.278049878533686
-0.338490178656568
-0.398632021725491
-0.45804651729571
-0.516303962110314
-0.572977731983613
-0.62764817535161
-0.679906469146987
-0.7293583977704
-0.775628016480162
-0.818361161505381
-0.857228770594663
-0.891929979529888
-0.922194962343452
-0.947787485554053
-0.968507149652352
-0.98419129429116
-0.994716547128879
-1
