1
0.995323593797528
0.986010620312538
0.972140380229019
0.953830885416758
0.931237742358933
0.904552680630399
0.874001740972736
0.839843140861253
0.802364838621458
0.761881820095332
0.718733134550771
0.673278708943509
0.625895971755194
0.576976319423187
0.526921459829615
0.476139668415558
0.425041993221242
0.374038445518868
0.323534212699464
0.273925929701104
0.225598044529087
0.178919312329264
0.134239451047325
0.0918859899567217
0.05216134028649
0.0153401148512353
-0.0183332789949361
-0.0486467515618437
-0.0754223296603134
-0.0985176267035683
-0.117826971983511
-0.133282190403212
-0.144853027373147
-0.152547217025078
-0.156410195328668
-0.156524463077572
-0.153008607010173
-0.146015990513307
-0.135733128394666
-0.122377763072708
-0.106196662195545
-0.0874631601388426
-0.0664744680262146
-0.0435487788459386
-0.0190221958900256
0.0067544858960944
0.0334191150014835
0.0606016034639414
0.0879274001462431
0.115020985162346
0.141509353595293
0.167025457096842
0.191211572691855
0.213722569115967
0.234229042278165
0.252420292943662
0.268007121458037
0.280724416260283
0.290333515038213
0.296624319641395
0.299417148260305
0.298564310881144
0.293951396608603
0.285498264088879
0.273159728937478
0.256925944756434
0.23682247698973
0.212910071491109
0.185284122243296
0.154073845151322
0.119441167216054
0.0815793426595073
0.040711309704982
-0.00291219630175499
-0.0490147559217632
-0.0972965856436547
-0.147437044266905
-0.199097303737012
-0.251923161433326
-0.305547970019123
-0.359595660271487
-0.41368383181644
-0.467426886401401
-0.520439178240212
-0.572338156061898
-0.622747471778152
-0.671300031150339
-0.71764096247756
-0.761430480135279
-0.802346620760484
-0.840087830995152
-0.874375386954969
-0.904955626974542
-0.931601980682945
-0.954116779073204
-0.972332831934972
-0.986114760809511
-0.995360077488367
-1
