0.23373701868567
0.230841633397541
0.22506623329283
0.216441657196857
0.20501440324153
0.190846903371239
0.174017867388267
0.154622678337822
0.132773817250602
0.108601291969747
0.0822530420668768
0.0538952897661886
0.0237128054017854
-0.00809094472573257
-0.0412938001227827
-0.0756550886529633
-0.110916019349323
-0.146800312549899
-0.183015091259842
-0.219252053796078
-0.255188943291311
-0.290491324593735
-0.324814673579428
-0.357806777988552
-0.389110442705802
-0.418366486038669
-0.445217007118066
-0.46930889817243
-0.49029756922737
-0.507850846876956
-0.521653003275576
-0.531408866522113
-0.536847959255715
-0.537728608650535
-0.533841968171543
-0.525015889508586
-0.51111858210213
-0.492061997657586
-0.467804878046401
-0.438355407025628
-0.403773409270897
-0.364172044291286
-0.319718947842088
-0.270636779419926
-0.217203141245005
-0.159749841723386
-0.0986614846397214
-0.0343733741469567
0.0326312651278526
0.10182474398481
0.172639021958718
0.244470449685894
0.316685102362231
0.38862465697658
0.45961275707569
0.528961800451977
0.595980077480403
0.659979180994499
0.7202816027025
0.77622842630904
0.82718702381791
0.872558659023689
0.911785901014126
0.944359750642315
0.96982638441056
0.987793423039095
0.997935636155706
1
0.993810031732387
0.979269331797751
0.956364274724286
0.925165798629311
0.885830254431088
0.83859928719009
0.783798733974596
0.721836535003973
0.653199667401586
0.5784501235157
0.498219968266657
0.413205522177654
0.324160728472761
0.231889773713047
0.137239041730704
0.0410884899631725
-0.0556574544523527
-0.152079374411347
-0.247252608248541
-0.340257146326677
-0.430187561446092
-0.516162854363708
-0.597336095906829
-0.67290374891754
-0.742114556552027
-0.804277888248927
-0.858771440913773
-0.905048200464212
-0.942642577745284
-0.971175642839737
-0.990359392833051
-1
