1
0.991946065600864
0.975959093221482
0.952278963413923
0.921260746526343
0.883369086305812
0.839170850242057
0.789326162860694
0.734577963747134
0.675740255416269
0.613685226869628
0.54932945647377
0.483619412370014
0.417516479756086
0.3519817518888
0.28796082542485
0.22636884068439
0.168076003589558
0.113893818457756
0.0645622496364573
0.0207380153291163
-0.0170158008889
-0.0482386561481055
-0.072579830626932
-0.0898039704506298
-0.0997948028927925
-0.102556964476385
-0.0982159123649869
-0.0870159197014254
-0.069316185812398
-0.0455851219765603
-0.0163929022797935
0.0175976034999714
0.055641372457784
0.0969230807220633
0.140570078634692
0.185666284594037
0.231266778643985
0.276412865783041
0.32014737148532
0.361529928188438
0.399652011571223
0.433651489316373
0.462726452669074
0.486148112342476
0.503272555008131
0.513551174512732
0.516539612799887
0.511905068958949
0.499431860502774
0.479025148487991
0.45071276700137
0.414645127388453
0.371093197925237
0.320444589952191
0.263197811324341
0.199954776911041
0.131411693349022
0.058348460879089
-0.0183832415237529
-0.0978730007537113
-0.179165639118605
-0.261275889438155
-0.343203545169784
-0.423948847527467
-0.502527867801008
-0.57798764313434
-0.64942082788163
-0.715979630268549
-0.776888815323395
-0.83145756973201
-0.879090042180253
-0.919294393596248
-0.951690215163144
-0.976014197672296
-0.992123963321557
-1
-0.999745667982782
-0.991585279317218
-0.975860280534898
-0.953023599196559
-0.923632243695608
-0.888338273256757
-0.847878280734733
-0.803061554239653
-0.754757104421409
-0.703879762107128
-0.651375565622003
-0.598206668303735
-0.545336004268171
-0.493711954279526
-0.444253253562865
-0.397834379569548
-0.355271650128297
-0.31731025120489
-0.284612398828794
-0.257746821856413
-0.237179731410018
-0.22326741938704
-0.216250602745809
