1
0.998468729522607
0.99543022720759
0.990932017881713
0.985044018361753
0.977856922742211
0.96948009854382
0.960039034694119
0.94967239118497
0.93852870824648
0.92676283984954
0.914532182174508
0.901992772254977
0.88929533523783
0.876581360531022
0.863979287499582
0.851600880303406
0.839537868957263
0.82785892976856
0.816607073030196
0.805797499296037
0.795415977848662
0.785417792207059
0.775727287857956
0.766238046986832
0.756813704004966
0.747289404299712
0.737473897066719
0.727152241509885
0.716089094313908
0.704032535299958
0.690718377756891
0.675874900280347
0.659227928220283
0.640506185190867
0.619446828674934
0.595801078679541
0.569339844769547
0.5398592546996
0.507185987334585
0.471182313622047
0.43175075205932
0.388838249358965
0.342439802808626
0.292601448070432
0.239422544771374
0.183057302077553
0.123715497378951
0.0616623530757203
-0.00278245092630081
-0.069246638225481
-0.137308066118354
-0.206498306971648
-0.276307049147291
-0.346187272516762
-0.415561140755661
-0.48382654046364
-0.550364185906375
-0.61454519801026
-0.675739057326972
-0.733321823175756
-0.786684505197657
-0.835241469226531
-0.878438756780565
-0.915762196663276
-0.946745188165521
-0.970976038183119
-0.988104739183618
-0.997849081318081
-1
-0.994426069858169
-0.981077066983418
-0.95998653367796
-0.931273293307634
-0.895141877160444
-0.851881840223676
-0.801865958288309
-0.745547314546903
-0.683455299637555
-0.616190564668273
-0.54441898190104
-0.468864682256651
-0.39030225240188
-0.309548186694251
-0.227451700496124
-0.144885021156688
-0.0627332811467007
0.0181158557118628
0.0967826993531551
0.172406031625353
0.244153458449353
0.311231478139363
0.372895131220891
0.428457102180188
0.477296150533616
0.518864757319843
0.552695883470163
0.578408748355904
0.595713549978014
0.604415062563815
