0.86601253623816
0.868100586509182
0.872219011968763
0.878253518482055
0.886035287026757
0.895344070495667
0.905912240619351
0.917429716332036
0.929549689870562
0.941895053236242
0.954065415587743
0.965644591868871
0.976208434678632
0.98533287520073
0.992602035030157
0.997616269034604
1
0.999409208727153
0.995538448427389
0.988127259629818
0.976965871246445
0.961900084795113
0.942835251874372
0.919739269610283
0.892644534719377
0.861648813799431
0.826915005197866
0.788669786031025
0.747201156342143
0.702854910693799
0.656030085394976
0.607173446772491
0.556773102130527
0.505351330034513
0.453456740059714
0.401655883937152
0.350524449912923
0.300638179944786
0.252563654957881
0.206849096670392
0.164015335417122
0.124547091919463
0.0888847170870795
0.0574165277411416
0.0304718677095204
0.00831501318557137
-0.00885997127743743
-0.0209333340541973
-0.0278626187769219
-0.0296844686144231
-0.0265152115980301
-0.0185502050389338
-0.00606193649023901
0.0106031017274144
0.0310287280034387
0.0547345215284947
0.0811823334118478
0.10978376808778
0.139908528446536
0.170893503874388
0.202052467943238
0.232686242055466
0.26209317309624
0.289579767211394
0.314471318316515
0.336122368916765
0.353926842303163
0.367327689176441
0.375825898181847
0.378988728626941
0.376457034671805
0.367951563364647
0.353278123850069
0.332331541677616
0.305098330133201
0.271658029632509
0.232183186161746
0.186937960222086
0.136275378415924
0.0806332603875084
0.0205288739807075
-0.043447609108561
-0.110640766528825
-0.180338579603976
-0.251781965612048
-0.324175051180264
-0.396696038360154
-0.468508505564546
-0.538772978536888
-0.60665860199471
-0.671354740616563
-0.732082338660038
-0.788104870701969
-0.838738721735283
-0.883362843055901
-0.921427540905101
-0.952462267539634
-0.976082299091655
-0.991994201030614
-1
