0.67100609682244
0.667939863756329
0.661817505443617
0.652659220116088
0.640495261437088
0.625365885618045
0.607321280146459
0.586421473492651
0.562736225028239
0.536344894270449
0.507336288465501
0.475808487443921
0.441868644622717
0.405632762995781
0.367225444946061
0.32677961473209
0.284436212548161
0.240343859132049
0.194658489996815
0.147542958493366
0.0991666070673112
0.0497048062561902
-0.000661538820380558
-0.0517465144963206
-0.103359756890457
-0.155307042037395
-0.207390907040666
-0.259411301178111
-0.311166265588116
-0.362452639858604
-0.413066793532186
-0.462805380234065
-0.51146611182767
-0.558848549710174
-0.604754910079516
-0.64899087973961
-0.691366438764477
-0.731696686118
-0.769802664126964
-0.805512177533397
-0.838660602710595
-0.869091682517439
-0.896658302189614
-0.921223241625431
-0.942659899419237
-0.960852984027549
-0.975699167522429
-0.987107697493127
-0.995000962800307
-0.999315009066428
-1
-0.997020620898937
-0.990356420957447
-0.980002091309644
-0.965967676079072
-0.94827871406404
-0.926976309071227
-0.90211712731152
-0.873773320689367
-0.842032375246803
-0.806996884462437
-0.768784247550765
-0.7275262933547
-0.683368830870949
-0.63647112789046
-0.587005319671306
-0.535155749986109
-0.481118247297236
-0.425099339207879
-0.367315408712939
-0.307991796128026
-0.24736185090552
-0.185665937851549
-0.12315040253508
-0.0600665009285561
0.00333070146269621
0.0667834555387163
0.130032474013309
0.192818090573958
0.254881426986848
0.315965562286142
0.375816698165553
0.434185314702126
0.490827310586541
0.5455051221105
0.597988815269013
0.648057145472662
0.695498579531133
0.740112274763091
0.781709010307629
0.82011206595748
0.855158044102448
0.886697630661514
0.914596291192075
0.93873489869315
0.959010289964304
0.975335747741773
0.987641406205988
0.995874577838564
1
