-1
-0.988737978671859
-0.966363972936992
-0.933175779782524
-0.889614438253585
-0.836257541137495
-0.773810481205623
-0.703095769245445
-0.62504059131593
-0.540662800217308
-0.451055560646548
-0.357370888526242
-0.260802342215478
-0.162567136465031
-0.0638879588584683
0.0340252270543104
0.129993107744201
0.222884395127088
0.311632380657127
0.395250410507598
0.47284604150665
0.543633658533239
0.606945358573153
0.662239934198664
0.709109819432089
0.747285893305946
0.77664007042865
0.797185642967333
0.809075374113045
0.812597378734579
0.808168861991554
0.796327820610583
0.777722843793529
0.753101180813383
0.723295269785121
0.689207946441703
0.651796572613733
0.612056341174614
0.571003027200751
0.529655463802434
0.489018025366993
0.450063400753017
0.413715934285257
0.380835803297525
0.352204287598532
0.328510368803724
0.310338876259664
0.298160371620983
0.292322936412879
0.293045996562247
0.3004162853874
0.314386012413284
0.334773270165696
0.361264675350917
0.393420205112037
0.430680153935156
0.472374102813604
0.517731760004396
0.565895502639755
0.615934421064785
0.666859643495018
0.717640697810527
0.767222650357464
0.814543748783668
0.85855328739829
0.898229409454381
0.932596561175784
0.96074231728254
0.981833307137757
0.995129984299341
1
0.995929962621975
0.982535390242456
0.959568691410322
0.926925040034432
0.884646043136708
0.832921134733477
0.772086664714243
0.702622687728591
0.62514749320121
0.540409953103979
0.449279798464116
0.352735968237494
0.251853204612405
0.147787096551259
0.0417577979888335
-0.0649673318031284
-0.171091900936907
-0.27530919285489
-0.376321122861876
-0.472857152300155
-0.563692869663227
-0.647667952725475
-0.723703235015703
-0.790816613539277
-0.848137552345228
-0.894919958065519
-0.930553228587485
-0.954571304166029
-0.966659581099434
