1
0.995084287368686
0.985297715380975
0.970729376687512
0.951511384923615
0.927817070493048
0.899858618159319
0.86788418260869
0.832174526112267
0.793039229684009
0.750812535593433
0.705848884644576
0.658518216189506
0.609201102334065
0.558283790161038
0.506153227005056
0.453192143845597
0.399774270739818
0.346259755914289
0.292990856711052
0.240287966093545
0.188446032933404
0.137731427907229
0.0883792996346906
0.040591457800202
-0.00546518845502542
-0.0496596174712127
-0.0918970971177658
-0.132119001053954
-0.170302047627795
-0.206456979010303
-0.240626707038731
-0.272883960682834
-0.303328477918831
-0.332083791971773
-0.359293668254973
-0.38511825379387
-0.409730005384987
-0.433309466137561
-0.456040962322366
-0.478108293573122
-0.499690489432936
-0.520957704012495
-0.542067318147599
-0.563160314949055
-0.584357990083348
-0.605759052580358
-0.627437165522623
-0.649438968731785
-0.671782617646809
-0.694456864111386
-0.717420695889385
-0.740603542548933
-0.763906046043733
-0.787201385023002
-0.810337132767001
-0.833137619819354
-0.855406764011118
-0.876931322778801
-0.897484515594043
-0.91682995806017
-0.934725843891077
-0.950929306657168
-0.965200889931732
-0.97730905235261
-0.987034633163732
-0.994175204036221
-0.998549234387612
-1
-0.998399168444814
-0.993649999596987
-0.985690105290988
-0.974493718846364
-0.960073432667458
-0.942481370284451
-0.921809767923597
-0.89819094983717
-0.871796691045206
-0.84283697069413
-0.81155812877183
-0.778240448285099
-0.743195194056475
-0.706761147890703
-0.669300687861289
-0.631195466748405
-0.592841751105892
-0.554645487945087
-0.517017170509284
-0.48036657800318
-0.445097466382326
-0.411602288361855
-0.380257020653652
-0.351416175087611
-0.325408067735314
-0.302530416471694
-0.283046332638063
-0.267180766681618
-0.255117460931177
-0.246996455130231
-0.242912182102799
