1
0.992379790914932
0.977227655850542
0.954719019288264
0.925114179360533
0.888754945374692
0.846060226884601
0.797520634995571
0.743692170097933
0.685189082662982
0.62267600492401
0.556859461044727
0.488478871609203
0.418297174835666
0.347091191730492
0.275641865393614
0.204724505824785
0.135099170851357
0.0675013112199314
0.00263280351114759
-0.0588465115799007
-0.116326675808801
-0.169254744273877
-0.217141110760701
-0.259564949520484
-0.296178708351887
-0.326711601582113
-0.350972065902109
-0.368849156788501
-0.380312878222377
-0.385413453371527
-0.384279558618967
-0.377115557582138
-0.364197785367903
-0.345869946053158
-0.322537698088644
-0.294662512830136
-0.262754900561486
-0.227367106064275
-0.18908538190836
-0.148521952110015
-0.106306781578921
-0.0630792678271891
-0.0194799707444734
0.0238575061191428
0.0663143733233142
0.107294148486159
0.146229687563022
0.18258966597143
0.215884430639915
0.245671154657665
0.27155823766535
0.293208907269826
0.310343989392374
0.322743828372187
0.330249350641392
0.332762278663519
0.330244514386069
0.322716723508641
0.310256163229969
0.292993806641447
0.271110826428142
0.244834508884783
0.214433676337677
0.180213701788499
0.142511203890078
0.101688513178402
0.0581280017944017
0.0122263687329816
-0.035611029020942
-0.0849757122216146
-0.135461399185212
-0.186669032683423
-0.238211443795174
-0.289717590546094
-0.340836317994854
-0.391239595984212
-0.440625200894051
-0.488718818237405
-0.535275553647524
-0.580080850531438
-0.622950823231668
-0.663732024765154
-0.70230067792678
-0.738561407593515
-0.772445520296091
-0.803908884405021
-0.83292947049037
-0.85950461646252
-0.883648085907093
-0.905386990535693
-0.924758648851896
-0.941807452968658
-0.956581814021665
-0.969131253838206
-0.979503706500358
-0.987743088262617
-0.993887188045669
-0.997965923545251
-1
