1
0.994979595015997
0.984989810457083
0.970132154796224
0.950557540906341
0.926464683059003
0.898097987379431
0.865744959152464
0.829733155697474
0.790426718513251
0.748222522978233
0.70354598802397
0.656846591832789
0.608593142703211
0.559268856744359
0.509366295976458
0.459382221708891
0.409812418728628
0.361146545856193
0.313863067817784
0.268424322152525
0.225271773042473
0.184821501546564
0.147459978771664
0.11354016506414
0.083377974399528
0.0572491388367902
0.0353865032425125
0.0179777755381911
0.0051637525422803
-0.00296296386820882
-0.00635875099892613
-0.00502924618663925
0.000970874088662255
0.0115386098133117
0.0265238355532735
0.0457309638638883
0.0689210520679533
0.0958143260726405
0.126093090859595
0.159404993652063
0.195366602572842
0.233567260885674
0.273573174682661
0.314931690156898
0.357175715391826
0.39982824090911
0.442406913041146
0.48442861452202
0.525414007505695
0.564891995500149
0.602404062424033
0.637508449116093
0.669784130121088
0.698834556399445
0.72429113271897
0.745816401840469
0.763106911158929
0.775895741160328
0.783954678853676
0.787096023191328
0.785174013351674
0.778085874582673
0.765772480049867
0.748218630759108
0.725452959095684
0.697547464805233
0.664616695308638
0.626816585068454
0.584342971287768
0.537429805507781
0.486347082666389
0.431398510879508
0.372918946607216
0.311271620969363
0.246845183785626
0.180050592442135
0.111317872943075
0.0410927805066041
-0.0301666131723345
-0.101993379324011
-0.173915212152772
-0.245457904338472
-0.316148793769595
-0.385520158386826
-0.453112537218191
-0.518477956969107
-0.581183044871165
-0.640812009871644
-0.696969475643206
-0.749283150293118
-0.797406319039335
-0.841020147484722
-0.87983578445101
-0.913596254623703
-0.942078132503364
-0.965092990355579
-0.982488614001482
-0.994149981395355
-1
