0.941923655380116
0.93407373083176
0.918490868084796
0.895407124267623
0.86516582741134
0.82821595429739
0.785104777819323
0.736468903931138
0.683023844600099
0.625552297165338
0.564891321737336
0.501918626413702
0.437538184839353
0.372665421763982
0.308212209564739
0.245071922086031
0.184104791543221
0.126123809648572
0.0718814056154724
0.022057121413338
-0.0227535112263785
-0.0620487067621955
-0.0954286117042942
-0.122601802259859
-0.143389982841196
-0.157730803570231
-0.165678745352735
-0.167404052434097
-0.163189724083862
-0.153426608679844
-0.138606674466618
-0.119314561148979
-0.0962175447668818
-0.0700540745277003
-0.0416210640195284
-0.0117601401097512
0.0186569294945584
0.0487433948741971
0.0776130231231504
0.104395686051436
0.128252781739256
0.148392236884814
0.164082842516918
0.174667685253619
0.179576449737305
0.178336384961318
0.170581747661558
0.156061559462929
0.134645540679811
0.106328112163665
0.0712303869237756
0.0296001049434182
-0.0181905028248235
-0.0716489023874122
-0.130168444918839
-0.193036471548336
-0.25944422015603
-0.328498390430353
-0.399234196409299
-0.470629711282399
-0.54162128776053
-0.611119819173972
-0.67802759193061
-0.74125546929487
-0.799740139812904
-0.852461161226455
-0.898457532437794
-0.936843531996206
-0.966823571592082
-0.987705827022584
-0.998914426825667
-1
-0.990648408615438
-0.970687518299947
-0.94009188914796
-0.898985301077722
-0.847641060586024
-0.786480069699339
-0.71606667217683
-0.637102326151915
-0.550417185874863
-0.456959707518863
-0.357784424632541
-0.254038067285746
-0.146944224817142
-0.0377867749471883
0.072107678490797
0.181388101132284
0.288697787013099
0.392693303107311
0.492063338185347
0.585547175462854
0.671952513559804
0.750172369557988
0.819200811294815
0.878147283260435
0.926249311311567
0.962883395560715
0.987573927874024
1
