0.813256114391682
0.801175213148797
0.777190932662131
0.741655544778106
0.695090570712772
0.638178639206471
0.571752832025415
0.496783685244292
0.414364051798024
0.325692064593069
0.232052469483917
0.13479662317369
0.0353214721810842
-0.0649521549045197
-0.164601598837035
-0.262224416363384
-0.356460073801065
-0.446010944875833
-0.529662281217896
-0.606300840232641
-0.67493187637346
-0.734694227813036
-0.784873260725302
-0.824911467375461
-0.854416551432887
-0.873166873782726
-0.881114173986439
-0.878383525766734
-0.865270528784687
-0.842235782841624
-0.809896733781302
-0.769017022106019
-0.72049350499246
-0.66534115937089
-0.604676107428582
-0.539697035780759
-0.471665305145621
-0.401884068257637
-0.331676729622693
-0.262365091306978
-0.195247534088734
-0.131577582904829
-0.0725431995962439
-0.0192471345893326
0.0273113474797009
0.0662530748206602
0.096833641142237
0.118455907360309
0.130680130129768
0.133231552505199
0.126005332208897
0.109068725160186
0.0826604854325195
0.0471874869674138
0.0032186164895649
-0.048523969561525
-0.107176089326979
-0.171745106446754
-0.241125615872351
-0.314116999033597
-0.389442572854746
-0.465770031474219
-0.541732858612417
-0.615952372686341
-0.687060056241837
-0.753719816233904
-0.81464982221601
-0.868643575596555
-0.914589874692074
-0.951491357174422
-0.978481323410845
-0.994838570790161
-1
-0.993570788885855
-0.975331967439885
-0.945245268041392
-0.903455167665166
-0.850288082719897
-0.786248721786384
-0.712013646093368
-0.628422131397045
-0.536464467329336
-0.437267870582797
-0.33208022587243
-0.222251902864766
-0.109215927653107
0.00553318659464863
0.120461623893415
0.234019122473944
0.344662151599435
0.450877049828788
0.55120276664844
0.644252855255242
0.72873637564511
0.803477383869654
0.867432705105189
0.919707714695401
0.959569882165862
0.986459867883058
1
