0.216713586181924
0.210426667183605
0.197979258764739
0.179622047883534
0.155725669975104
0.12677433375491
0.0933574839348901
0.0561596381791249
0.0159485645598396
-0.0264380069593982
-0.0701069213265882
-0.114125145138954
-0.157536068127715
-0.199376291466811
-0.238692626554661
-0.274559023936441
-0.306093152566527
-0.33247235465228
-0.352948710794986
-0.366862963904496
-0.373657068195497
-0.372885151194959
-0.364222701760927
-0.347473825236376
-0.322576437592653
-0.289605303268246
-0.248772855858446
-0.200427776312636
-0.145051339283706
-0.0832515741752256
-0.0157553226743453
0.0566016914208172
0.132886632014892
0.212082982131714
0.293105431683634
0.37481599233227
0.45604108975506
0.535589367126063
0.612269921300909
0.684910685267996
0.752376667024731
0.813587756221238
0.867535815674449
0.913300785110055
0.950065539084825
0.977129259754377
0.993919107693658
1
0.995082334007266
0.979027526660459
0.951851273447763
0.913724466231188
0.864971745802049
0.80606770194043
0.737630770597253
0.66041491396362
0.5752992040745
0.483275463661889
0.385434148703189
0.282948685016833
0.177058495896066
0.0690509787510702
-0.0397572942859605
-0.148039864121316
-0.2544798649111
-0.357789397175054
-0.456728495304144
-0.550123396656742
-0.636883829722485
-0.716019053543509
-0.786652399494956
-0.848034089349996
-0.899552129936938
-0.940741114228847
-0.971288790931315
-0.991040299050951
-1
-0.99833087695949
-0.986351508904604
-0.964530664303555
-0.93347959644764
-0.89394215807769
-0.846782886882303
-0.792973245025192
-0.733576224617791
-0.66972955653815
-0.602627781807958
-0.533503462533622
-0.463607822914471
-0.394191119808303
-0.326483046678984
-0.261673474362587
-0.200893826981499
-0.145199381587572
-0.0955527658758365
-0.0528089097999707
-0.0177016844268267
0.00916756476073433
0.0273394122591406
0.0365035289105493
