0.236746317336289
0.232784293313268
0.224879072452662
0.21306838722257
0.197409027262698
0.177977056547898
0.154868083283939
0.128197566242904
0.0981011378544425
0.0647349214142412
0.0282758173218363
-0.0110782686235397
-0.0531082831084376
-0.0975739982256187
-0.144214128217336
-0.192746618070172
-0.242869130536866
-0.294259756025861
-0.346577967008806
-0.399465835188201
-0.452549525692255
-0.505441078083607
-0.557740479054992
-0.609038026419636
-0.658916978476467
-0.706956477135863
-0.752734727431295
-0.795832410319621
-0.835836300093191
-0.872343052395201
-0.904963123848534
-0.933324779776375
-0.957078142503275
-0.975899229363633
-0.989493926887672
-0.997601845749218
-1
-0.996506253923717
-0.986982480548686
-0.971337377474621
-0.94952888819688
-0.921566180535052
-0.887511138062027
-0.847479325539894
-0.801640395241486
-0.750217907598791
-0.693488546787318
-0.631780719532904
-0.565472533508769
-0.494989160061702
-0.420799594546496
-0.343412836131477
-0.263373517436809
-0.181257022651581
-0.0976641407171943
-0.0132153076377525
0.0714555011372939
0.155707161130554
0.238897999550685
0.320392529324625
0.399568235977652
0.475822334450321
0.548578411606011
0.617292869991106
0.681461089383345
0.740623224807502
0.794369562998883
0.842345363724567
0.884255117883243
0.919866160834123
0.949011586874875
0.97159241910487
0.98757899796646
0.997011561435082
1
0.996722780104044
0.987425040449403
0.972415876378901
0.952064838258138
0.926797680262807
0.897091406069047
0.863468667508972
0.826491581150822
0.786755035864561
0.744879571620603
0.701503915935206
0.657277269428571
0.612851435823457
0.568872894322472
0.525974913617761
0.484769806782379
0.445841424961606
0.409737985136942
0.376965323306252
0.347980659259532
0.323186952797688
0.302927923824744
0.287483800340931
0.277067849088048
0.271823733574821
