0.637486517968291
0.641839022834778
0.650449189669898
0.663128862790181
0.679599610102708
0.699497218420057
0.72237757764916
0.747723862140739
0.774954897265891
0.803434580809252
0.832482212321738
0.861383569415536
0.889402558330126
0.915793257131267
0.939812163764027
0.96073045796077
0.977846085754562
0.99049547807051
0.998064720518371
1
0.99581716494119
0.985110249683428
0.967558829611706
0.942934091698741
0.911103525030309
0.872034157230124
0.825794285192102
0.772553671801854
0.712582204024723
0.646247031485305
0.574008228093133
0.496413042016581
0.414088821018396
0.327734720504418
0.238112320286837
0.14603529273603
0.0523582794333382
-0.0420348545811586
-0.136243210530172
-0.229361304594751
-0.320491586909375
-0.408756841436295
-0.493312279493636
-0.573357144808121
-0.648145655876908
-0.71699712202559
-0.779305082670533
-0.834545334723932
-0.882282730573719
-0.922176648350406
-0.953985056953917
-0.977567120227702
-0.992884307389461
-1
-0.999077609010151
-0.990377238405277
-0.974250954307958
-0.951136739752644
-0.921551235378411
-0.886081384685538
-0.845375118983183
-0.800131231463934
-0.751088601756586
-0.699014941649028
-0.644695239297658
-0.588920083050397
-0.532474046953823
-0.476124318083288
-0.420609741065823
-0.366630447641371
-0.31483822895447
-0.265827795653118
-0.220129056000108
-0.178200525316241
-0.140423961447178
-0.107100300876605
-0.0784469489203556
-0.0545964554688246
-0.0355965853502163
-0.0214117699227011
-0.0119259043278843
-0.00694643330451605
-0.00620964791269996
-0.0093870962814635
-0.0160929938716455
-0.0258925030205475
-0.038310737953224
-0.0528423402215171
-0.0689614608420552
-0.0861319793839276
-0.103817786998176
-0.121492959933153
-0.138651652445651
-0.154817543155967
-0.169552676720022
-0.182465553074564
-0.193218329282737
-0.201533013959405
-0.207196551145875
-0.210064709058889
