-0.478365831981194
-0.484526903012425
-0.496714948757557
-0.514664063930903
-0.537981071893801
-0.566152238963035
-0.598552056522411
-0.634453948469058
-0.673042730221718
-0.713428616988408
-0.754662553691395
-0.795752617283409
-0.835681224507537
-0.873422864738278
-0.907962068609079
-0.938311318827359
-0.963528609973185
-0.982734369169346
-0.995127459220863
-1
-0.996750762276356
-0.984896910571047
-0.96408389759662
-0.93409334202016
-0.894848753194926
-0.84641900064123
-0.789019461879642
-0.723010819161513
-0.648895513117458
-0.567311898759365
-0.47902618603132
-0.384922282625632
-0.285989690496598
-0.183309638879953
-0.0780396651597627
0.0286031198390169
0.135359824018793
0.24094834803666
0.344082452429827
0.443491020461773
0.537937215380427
0.626237231601474
0.707278344898154
0.780035976911715
0.843589504038424
0.897136559772752
0.940005602597344
0.971666548150517
0.991739294255942
1
0.996385014879749
0.980992390572426
0.954080945522509
0.916066890713389
0.867518063087338
0.809145850500297
0.741794928257593
0.666430961603014
0.584126460485251
0.496045001997753
0.403424061620914
0.307556716381764
0.209772500936861
0.111417711094455
0.0138354582059368
-0.0816542179696129
-0.173773870959889
-0.261307502304452
-0.34311845794347
-0.418166089630703
-0.485520923797214
-0.544378103400455
-0.594068895084232
-0.634070084030679
-0.664011111736559
-0.683678847079599
-0.693019917906425
-0.692140568395264
-0.681304046028237
-0.660925560545473
-0.631564895142316
-0.593916786817422
-0.548799227608776
-0.497139870919963
-0.439960756730824
-0.378361595740179
-0.313501874991085
-0.246582065927411
-0.178824229834921
-0.111452325009841
-0.0456725246250687
0.0173461459451276
0.0764905486242098
0.130721255037636
0.179089172305799
0.220750711489267
0.254981260814514
0.281186752399308
0.29891314109811
0.307853646830905
