0.81702202698742
0.810799436288763
0.798409054908269
0.779960033728339
0.755614979443818
0.725588620089022
0.690146040826541
0.649600502828909
0.604310861167028
0.554678600617989
0.501144511202836
0.444185028044118
0.384308262776581
0.322049756234173
0.257967984455207
0.19263965217723
0.126654809916506
0.060611832426781
-0.00488770220867718
-0.0692441923949945
-0.131865210365984
-0.192170675014822
-0.249597957838151
-0.30360687958293
-0.353684555472792
-0.399350047507343
-0.440158783279618
-0.475706702047233
-0.505634090422498
-0.529629072013848
-0.547430717650425
-0.558831745445327
-0.563680782889485
-0.561884166402491
-0.553407257280835
-0.538275256756135
-0.516573506881205
-0.488447268171722
-0.454100969314556
-0.413796928775835
-0.36785355276569
-0.316643018702397
-0.260588458024873
-0.200160656885457
-0.135874297869964
-0.0682837703932495
0.00202141824005619
0.0744215949845575
0.148272196403654
0.222909323622118
0.297655530034017
0.37182579204682
0.444733610687252
0.515697189889579
0.584045635763135
0.649125120119045
0.710304951047941
0.766983493397272
0.818593882609694
0.864609476558172
0.904548991748341
0.937981272547626
0.964529644930846
0.983875809584573
0.995763233062446
1
0.996461094143783
0.98509008108365
0.965900171052095
0.938974645918807
0.904466640506569
0.862598274527154
0.81365913772083
0.758004137116329
0.696050721643884
0.628275505565551
0.555210318268122
0.477437713828545
0.395585979345601
0.310323686272811
0.222353833826828
0.132407637928123
0.0412380230053164
-0.0503871226842668
-0.141691864837735
-0.231899248513289
-0.3202383642349
-0.405951387099277
-0.488300521106974
-0.566574781550717
-0.640096549596277
-0.708227835175001
-0.770376186954716
-0.826000191442383
-0.874614507165465
-0.915794384340396
-0.949179625420556
-0.974477947371214
-0.991467712388286
-1
