1
0.997744864673122
0.993256238849415
0.986577163754256
0.977771583092567
0.966923609522059
0.954136560228102
0.939531773045693
0.923247217162968
0.905435914853442
0.886264192890788
0.865909784273161
0.844559802599901
0.822408612881113
0.799655623703311
0.776503026508889
0.753153508264691
0.729807963990665
0.706663235492806
0.683909902199036
0.661730149240008
0.640295736860811
0.619766093909795
0.600286556546232
0.581986771461798
0.564979280847255
0.549358304083098
0.535198728721612
0.522555320789539
0.511462161808697
0.501932317240458
0.493957738343457
0.487509396726627
0.482537648215444
0.478972820060867
0.476726013039333
0.475690107647625
0.475740961415902
0.476738782370202
0.478529661894229
0.480947248687704
0.48381454421056
0.486945798950362
0.49014848806295
0.4932253444179
0.495976426831885
0.498201201291698
0.499700613248419
0.500279129595324
0.499746729711992
0.497920825950169
0.494628095134794
0.489706204036037
0.483005413312299
0.474390046106175
0.463739809269727
0.450950957076061
0.435937289214564
0.418630976840432
0.398983212429257
0.37696468114864
0.352565853376811
0.325797099849783
0.2966886326825
0.265290277166211
0.231671080776966
0.19591876722376
0.158139044607466
0.118454777843685
0.0770050364173036
0.0339440292798379
-0.0105600607286338
-0.056326330151765
-0.103162482870169
-0.150866219651253
-0.199226676292855
-0.248025897581378
-0.297040334638541
-0.346042353700318
-0.39480174494238
-0.443087220622612
-0.490667892536626
-0.537314719560196
-0.582801916866512
-0.626908319240003
-0.669418691746617
-0.710124981848134
-0.748827507852033
-0.785336079356173
-0.819471046068789
-0.851064272050016
-0.879960033024238
-0.906015834948075
-0.929103152483328
-0.949108086416766
-0.965931939389684
-0.979491709552543
-0.989720501947866
-0.996567857553918
-1
