0.481965875809026
0.480057942066327
0.476275300425045
0.470683942457702
0.463381711415702
0.454496946523933
0.444186703823166
0.432634577437114
0.420048150483296
0.406656109784528
0.392705063003048
0.378456100751051
0.364181149576331
0.350159164434914
0.3366722113083
0.324001491974732
0.312423363585706
0.302205405624272
0.293602586034707
0.286853576827794
0.282177267306287
0.279769520254368
0.279800213035551
0.282410601595944
0.287711040932351
0.295779090721989
0.306658029593068
0.32035579601811
0.336844368113113
0.356059588806277
0.377901436981922
0.402234739390159
0.428890312421429
0.457666517355267
0.48833120747895
0.520624040604098
0.554259126051824
0.588927971187542
0.624302689115285
0.660039426230773
0.695781966016342
0.731165463763985
0.765820265850769
0.799375766769974
0.831464257338228
0.861724718341214
0.889806515326788
0.915372952274595
0.938104644427521
0.957702673617263
0.973891492901972
0.98642155120086
0.995071612796305
0.999650751012279
1
0.995993653297029
0.987540202603522
0.974582914968688
0.957100051232681
0.935104733058129
0.90864447014882
0.87780036323271
0.842686002030083
0.803446080688972
0.760254756009368
0.713313776163262
0.662850409524561
0.609115204635205
0.552379613242947
0.492933508752277
0.431082632340713
0.367145998424043
0.301453290129025
0.234342273980928
0.166156261172295
0.0972416405907537
0.0279455062944349
-0.0413866006154174
-0.110412818709531
-0.178796947592094
-0.246210273123016
-0.312333228895037
-0.376856889506909
-0.439484294232905
-0.499931602607752
-0.557929086175363
-0.613221963145119
-0.665571084921132
-0.714753485383989
-0.760562805383398
-0.802809606122543
-0.841321585966942
-0.875943715684921
-0.906538307223791
-0.932985030852521
-0.95518089487245
-0.973040201133114
-0.986494488317565
-0.995492473413435
-1
