1
0.992342736304805
0.977151112282154
0.954668973222128
0.92525721435666
0.889388019678507
0.847637322353754
0.800675605553679
0.749257188694729
0.694208167958145
0.63641320118792
0.576801345503363
0.516331170924071
0.455975384755186
0.396705209239695
0.339474758930255
0.285205664303748
0.234772184336602
0.18898704313789
0.148588214420417
0.114226862755554
0.0864566324391065
0.0657244536779511
0.0523630120229528
0.0465850008968554
0.048479249106596
0.0580087858275644
0.0750108751649985
0.0991990215126792
0.130166916026837
0.167394264099384
0.210254404227424
0.258023600598724
0.309891865486335
0.364975143581554
0.422328669069029
0.480961287895286
0.539850522590058
0.59795814540456
0.654246017613478
0.707691948711125
0.757305328980228
0.802142292526803
0.841320175298109
0.87403104371461
0.899554084174854
0.917266661602782
0.926653876117051
0.927316470481314
0.918976966870966
0.901483939257561
0.874814356929201
0.8390739648734
0.79449569747247
0.741436152716688
0.680370184443469
0.611883699484877
0.536664774589334
0.455493234136716
0.36922885357858
0.278798374832077
0.185181538203394
0.0893963505275701
-0.00751617914978597
-0.104507597037685
-0.200537611691455
-0.294589506841216
-0.385685119541112
-0.472899150482166
-0.555372584238617
-0.632325011637261
-0.70306566412158
-0.767002990645671
-0.823652630948588
-0.872643664657473
-0.913723043141631
-0.946758139953895
-0.971737385592178
-0.988768982719545
-0.998077728414192
-1
-0.994976990059637
-0.983546303896426
-0.966332058551216
-0.944033646088257
-0.917413344867032
-0.887282980583871
-0.854489853713371
-0.819902161371474
-0.784394149380823
-0.74883123432329
-0.714055335552666
-0.680870653510946
-0.650030123303593
-0.622222761461113
-0.598062109322483
-0.578075958751382
-0.562697525221047
-0.552258210006696
-0.546982067676217
