0.398158425721795
0.400085963489261
0.403938302774798
0.409709675000661
0.417390694954015
0.426967503802264
0.438420662376495
0.451723824618329
0.466842227450904
0.483731038989765
0.502333611840009
0.522579692132392
0.544383637849944
0.567642701822115
0.592235435469049
0.618020268937388
0.644834321674539
0.672492494755005
0.700786892434869
0.729486615523674
0.758337963300825
0.787065073958458
0.815371026033269
0.842939415119731
0.869436411473234
0.894513295061166
0.917809455358456
0.938955833873001
0.957578778189939
0.973304267406622
0.985762460354478
0.994592510126692
0.999447581300643
1
0.995946461708711
0.987013217638411
0.972961157555358
0.95359070536736
0.928746443509592
0.898321383283508
0.862260800805983
0.820565562104469
0.773294866113781
0.720568340834304
0.662567435621429
0.599536061392674
0.53178044034385
0.459668137422705
0.383626257166153
0.304138801400349
0.221743195555723
0.137026003777395
0.0506178654257012
-0.0368123022302155
-0.124563778512047
-0.211911123186319
-0.298111791375566
-0.382414191710287
-0.46406609148487
-0.542323265404275
-0.61645827870369
-0.685769291099256
-0.749588765271634
-0.807291962460358
-0.858305108296213
-0.902113114237286
-0.938266743892472
-0.966389119079408
-0.986181467612348
-0.99742802346535
-1
-0.993858568255581
-0.979056784724
-0.955740426404659
-0.924147705073157
-0.884607847406559
-0.837538542681119
-0.783442274983105
-0.722901572032749
-0.656573217597981
-0.585181488853277
-0.509510493710545
-0.430395695912806
-0.348714727349175
-0.265377597447267
-0.181316418470463
-0.0974747729556582
-0.0147968552576483
0.0657834768718601
0.143353602615435
0.217032852023025
0.28598289687265
0.34941768529079
0.406612792302145
0.456914065579145
0.499745454431937
0.534615920401682
0.561125339553675
0.578969319550827
0.587942868643493
