0.939194683794597
0.940122772943852
0.941953850296642
0.944638168267944
0.948102233426661
0.952250138266414
0.956965301012778
0.962112583475304
0.967540750401071
0.97308522784302
0.978571112820442
0.983816382108687
0.988635244425299
0.992841577641279
0.996252390984558
0.998691251547744
0.999991614776983
1
0.998578954428786
0.995609752409787
0.990994780939335
0.984659567547516
0.97655441249838
0.966655593764814
0.954966120307607
0.94151601670592
0.926362130028661
0.909587457875507
0.891300004621238
0.871631180934963
0.850733769484506
0.828779487246248
0.805956181897645
0.782464706255565
0.758515520529754
0.734325077188635
0.710112047398046
0.686093451219952
0.662480755989487
0.639476008483176
0.617268066622936
0.596028995521159
0.575910690670144
0.557041788040167
0.539524916816846
0.523434345538686
0.508814066563487
0.49567635718558
0.484000848445148
0.473734124828201
0.464789869772328
0.457049563298175
0.450363729314276
0.444553721331302
0.43941402661047
0.434715060298102
0.430206412999569
0.425620507651242
0.42067661458136
0.415085167423666
0.40855231716359
0.40078465714556
0.391494048427287
0.380402472492731
0.367246837073679
0.3517836607071
0.33379356268051
0.313085487181743
0.289500593746039
0.262915750438118
0.233246571559278
0.200449947952547
0.164526025101285
0.125519592073499
0.0835208528387723
0.0386655604507784
-0.00886549608909903
-0.0588476529329335
-0.11101417148811
-0.165058659020434
-0.220638081943896
-0.277376335030009
-0.334868321317426
-0.392684489680681
-0.450375769946542
-0.507478839237248
-0.56352164796895
-0.618029129723436
-0.670529016108636
-0.720557675778627
-0.767665896029473
-0.811424525837761
-0.851429900860448
-0.887308973745373
-0.91872407707167
-0.945377251290754
-0.967014076097719
-0.983426950640532
-0.994457775766845
-1
