0.129827654893611
0.136238149868845
0.148964981343
0.167821212558341
0.192529867954227
0.222727990429396
0.257971954940078
0.297743957985974
0.341459584777294
0.388476339631784
0.438103010671271
0.48960972739492
0.542238559393001
0.595214496487981
0.6477566450705
0.699089472419396
0.748453930400854
0.795118292135335
0.838388539965415
0.8776181502765
0.91221713030079
0.941660173821419
0.965493816502851
0.983342487188476
0.994913368682306
1
0.998484571546664
0.990338884851389
0.975623969046852
0.954488366906982
0.927165123626074
0.893967531323079
0.855283701178353
0.811570052864674
0.763343827245996
0.711174742935544
0.655675930005641
0.597494284731454
0.537300397569662
0.47577821249638
0.413614579269878
0.351488861095117
0.290062758540883
0.229970506428199
0.171809593841789
0.116132148523746
0.0634371158356783
0.0141633494016737
-0.0313162843199158
-0.0726997017047422
-0.109759229746737
-0.142344016549922
-0.170381194546104
-0.193875786287101
-0.212909362580369
-0.227637482432744
-0.23828596342822
-0.245146049491246
-0.248568560189456
-0.248957121540089
-0.246760592455982
-0.24246481327989
-0.236583813119477
-0.229650620752298
-0.222207829597852
-0.214798070567426
-0.207954547454812
-0.202191787914714
-0.197996759021884
-0.195820489983101
-0.196070335893366
-0.199103005630444
-0.20521846424478
-0.214654805731939
-0.227584176106541
-0.244109809487948
-0.264264221735989
-0.288008587331835
-0.315233305987204
-0.345759746192174
-0.379343133886477
-0.415676535965203
-0.454395870702285
-0.495085860674975
-0.537286828662393
-0.580502223511379
-0.624206751327273
-0.667854977740003
-0.710890259568794
-0.752753859078531
-0.792894091267197
-0.830775354288747
-0.865886895202353
-0.897751167711514
-0.925931645341486
-0.950039962489887
-0.969742266827593
-0.984764679446245
-0.99489777373627
-1
