-0.997592376255989
-0.997875528730479
-0.998388425788055
-0.99902531502471
-0.99963020827334
-1
-0.999888542486901
-0.999011608664251
-0.997052658297779
-0.993669309452932
-0.988500404964919
-0.981173553245269
-0.971313014320978
-0.958547795670632
-0.94251981829874
-0.922892011644778
-0.899356196390897
-0.871640617008165
-0.839516990925283
-0.802806948438716
-0.761387746797066
-0.71519715313956
-0.664237403971819
-0.608578163416443
-0.548358418350913
-0.483787265489065
-0.41514356320544
-0.342774439161532
-0.267092663277982
-0.188572914011455
-0.107746983944441
-0.0251979880907042
0.0584463452211881
0.142521205764415
0.226332946196599
0.309167919134223
0.390301775173904
0.469009082284184
0.544573120936032
0.616295705563544
0.683506881515215
0.745574347600472
0.80191245764809
0.851990660127534
0.895341242759035
0.931566259035676
0.960343525549523
0.981431592771009
0.994673607264846
1
0.997429953167252
0.987071616479744
0.96912106301036
0.943859993917147
0.911652220622132
0.872938971838937
0.828233090994648
0.778112206776132
0.723210975479428
0.66421250830103
0.601839109452954
0.536842461806728
0.469993405502375
0.402071461456759
0.333854255865963
0.266107003549589
0.199572207299786
0.134959727280936
0.0729373690222401
0.0141221307369428
-0.0409277592929357
-0.0917198965561262
-0.137833740543492
-0.178925552052006
-0.214732155151194
-0.24507346944527
-0.269853777162287
-0.289061709061326
-0.302768952867605
-0.311127707617182
-0.31436692661122
-0.312787410344053
-0.306755828488526
-0.296697766520073
-0.283089907580281
-0.266451473486713
-0.247335060180664
-0.226317012190087
-0.203987487725871
-0.180940370715324
-0.157763188333454
-0.135027192384366
-0.113277760214418
-0.0930252657464933
-0.0747365637895498
-0.0588272211148417
-0.0456546160496998
-0.0355120147041572
-0.0286237166269468
-0.0251413459238335
