0.148726058246083
0.152630735110388
0.160401927003601
0.17196374524952
0.187203438534535
0.205972674831845
0.228089224022103
0.253339018895409
0.281478567250624
0.312237683232052
0.345322501926049
0.380418737639514
0.41719514324922
0.455307125587807
0.494400470052085
0.534115126505486
0.574089008112698
0.613961754994063
0.653378415513413
0.691992999598962
0.729471860716088
0.76549686592734
0.799768316844416
0.832007588146187
0.861959454646475
0.889394082578788
0.914108665751216
0.935928692437596
0.954708834231999
0.970333453522454
0.982716731655313
0.991802425183629
0.997563262742883
1
0.999140154705774
0.995036448080693
0.987764982520241
0.977423188865612
0.964127579204995
0.948011343313252
0.929221828377134
0.907917942571809
0.88426752334469
0.858444710926387
0.830627366637789
0.800994574017795
0.769724258688306
0.736990960240229
0.702963786313098
0.667804575504851
0.631666291847325
0.594691669381936
0.557012120938237
0.51874692062772
0.480002664890649
0.440873012249881
0.401438697307009
0.361767810035701
0.321916327155025
0.281928878368091
0.241839726589949
0.201673938019057
0.161448715077566
0.121174862898816
0.0808583582091631
0.040501988160573
0.000107025936346927
-0.0403250902181229
-0.0807911074967238
-0.121284370582205
-0.161793325788919
-0.202300145871093
-0.242779501631504
-0.283197503606999
-0.323510833878283
-0.363666084508296
-0.403599315317136
-0.443235839716975
-0.482490243225229
-0.521266635117741
-0.559459129545637
-0.596952548388873
-0.633623334223839
-0.669340658105923
-0.703967703471631
-0.737363104404041
-0.769382513830319
-0.799880274973927
-0.828711167603169
-0.855732199330207
-0.880804411440534
-0.903794668483636
-0.924577401133841
-0.943036272630001
-0.959065740409005
-0.972572486337916
-0.98347669119162
-0.991713131678656
-0.997232081341745
-1
