0.519188173887544
0.510416421717433
0.493015210576478
0.467266933768526
0.433589732170997
0.392531049063781
0.344759191219023
0.291053025728235
0.232289970616684
0.169432463425255
0.103513115223702
0.0356187775973955
-0.0331262332867381
-0.10157749863467
-0.168588179269639
-0.233026747704526
-0.293794499017775
-0.349842573120274
-0.400188228727459
-0.443930121069538
-0.480262350897864
-0.50848707143303
-0.52802546225075
-0.538426904365374
-0.539376218553102
-0.53069885882424
-0.512363984440673
-0.484485366491065
-0.447320118275036
-0.401265272092581
-0.34685225796913
-0.284739371859981
-0.215702351475177
-0.140623206575316
-0.0604774769678932
0.0236798849222712
0.110729789488162
0.199505208824026
0.288808051032282
0.377426452332045
0.46415222376181
0.54779818777247
0.627215142613388
0.70130819907336
0.769052244736366
0.829506305273863
0.881826590187465
0.925278031549751
0.959244148327988
0.983235095432311
0.99689378528434
1
0.992472443742725
0.974368716933775
0.945883226299721
0.90734307668597
0.859202021669036
0.802032579773101
0.736516451073967
0.663433394721267
0.583648751028948
0.498099811918535
0.407781260340945
0.313729912595303
0.217009007008042
0.118692288093498
0.0198481370106287
-0.0784760031551053
-0.175268664971743
-0.269568624825665
-0.360478183078925
-0.447175254731626
-0.528924089344704
-0.605084462027486
-0.675119202774149
-0.738599958930277
-0.795211114640261
-0.844751821299798
-0.887136123829267
-0.922391198499212
-0.950653748582828
-0.972164633793561
-0.987261837814736
-0.996371904790429
-1
-0.998718771696244
-0.993156209904329
-0.983982713558746
-0.971897589453707
-0.957615214910153
-0.941851100690438
-0.925308091451259
-0.908662937910459
-0.892553467969703
-0.877566573399983
-0.864227214537027
-0.852988627981834
-0.844223901843665
-0.838219059932656
-0.835167770883455
