-0.854741997311609
-0.849525867789399
-0.839191429726288
-0.823932556766109
-0.804035668672552
-0.779874546257544
-0.75190355609384
-0.720649400490468
-0.686701533474672
-0.650701406471733
-0.613330727624988
-0.57529893591655
-0.537330105147852
-0.500149503184905
-0.464470038490315
-0.430978828737392
-0.400324125177837
-0.373102821423848
-0.349848766481064
-0.331022089366061
-0.316999726656065
-0.308067325101428
-0.304412669287952
-0.306120759619491
-0.313170638996754
-0.325434037927597
-0.3426758778782
-0.364556641946321
-0.390636590904406
-0.420381771825157
-0.453171736366877
-0.488308856852337
-0.52502910099719
-0.562514100980777
-0.599904329919794
-0.636313179080384
-0.670841712678295
-0.70259386415016
-0.730691828556868
-0.754291400468112
-0.772597005379435
-0.784876175469426
-0.7904732272905
-0.788821909713004
-0.779456804956944
-0.762023283635407
-0.736285836127981
-0.702134626976716
-0.659590145978684
-0.608805858822127
-0.550068791025683
-0.483798011110873
-0.410541011864023
-0.330968021708176
-0.245864311085807
-0.156120590829337
-0.0627216302590954
0.0332667482927846
0.130712115143125
0.228431111720536
0.325206133541584
0.419802771934428
0.510987754985639
0.597547118378446
0.67830433110552
0.752138099584006
0.817999576516517
0.874928707904487
0.922069462838264
0.958683705905574
0.984163491057343
0.99804157826874
1
0.989876532911804
0.967668961095441
0.93353704977232
0.8878021825039
0.830944649911921
0.763598613205377
0.686544800903679
0.60070103149547
0.50711068785031
0.40692930049502
0.301409425893501
0.191884032177554
0.0797486279572963
-0.0335576104692127
-0.146571442295632
-0.257825612723053
-0.365869060156612
-0.469286986189752
-0.566720495666441
-0.656885519706298
-0.738590744505243
-0.810754282840292
-0.872418843302044
-0.922765174082028
-0.96112358332663
-0.986983366255067
-1
