0.517308925583429
0.516120403239894
0.513790015811299
0.510410055820749
0.506116425654711
0.501085645612665
0.495530949913972
0.489697541893165
0.483857095132605
0.478301601327768
0.473336678015123
0.469274459703594
0.466426204257306
0.465094752433845
0.465566982179442
0.468106400550341
0.472946014937739
0.480281621632759
0.490265643728768
0.503001642011697
0.518539611963992
0.536872167469808
0.557931697457239
0.581588565777548
0.60765040735819
0.635862555355498
0.665909614972111
0.697418180105086
0.729960669373167
0.763060238659552
0.79619670842111
0.828813425971301
0.860324966044398
0.890125557478521
0.917598110078245
0.94212370387173
0.963091393270205
0.97990817124337
0.992008933680747
0.998866281715264
1
0.99498605176903
0.983464936953636
0.965149267598826
0.939830425224405
0.907384177452359
0.867775145993821
0.821060034735151
0.767389544934
0.707008924155065
0.640257116241337
0.56756450101141
0.489449234164638
0.406512219723531
0.319430768903519
0.228951020233618
0.135879215724959
0.0410719465781246
-0.0545745009663751
-0.150135553775425
-0.244670354963887
-0.337234192206557
-0.426891173094333
-0.512726963759724
-0.59386140411194
-0.669460812962228
-0.738749799105128
-0.801022400026081
-0.855652378261498
-0.902102516432789
-0.939932765457931
-0.968807116221077
-0.988499082824595
-0.998895705197485
-1
-0.991931811131817
-0.974927034386512
-0.949335214549704
-0.915615537154152
-0.874331260820671
-0.826142659269151
-0.771798564326647
-0.712126622249728
-0.648022395094396
-0.580437456410156
-0.510366645934397
-0.438834660979958
-0.366882172639246
-0.295551662607957
-0.22587318123714
-0.15885022927435
-0.0954459646178016
-0.036569931292077
0.0169344991845122
0.0643017937326404
0.104854863178663
0.138014454528349
0.163307194635081
0.180372169183228
0.188965941972494
