0.804191533589925
0.800841659960901
0.794218024536381
0.784471366906795
0.771824112313415
0.756566023172705
0.739048520641546
0.719677776108945
0.698906694306755
0.67722592950508
0.655154093664901
0.633227330167107
0.611988438572846
0.591975744591903
0.573711914891051
0.55769291846424
0.544377334966788
0.534176205698405
0.52744361487227
0.52446817755171
0.525465596347316
0.530572431870588
0.53984121230712
0.553236985616653
0.570635394140221
0.59182232617877
0.616495172811327
0.644265691271345
0.674664449036656
0.707146795856138
0.741100284677114
0.77585343728513
0.810685726838993
0.844838627773151
0.877527564111293
0.907954570419054
0.935321465708535
0.958843329836475
0.977762064504918
0.991359817019197
0.998972044568682
1
0.993922426821799
0.98030626142892
0.958816154120341
0.929222637213729
0.891408788183197
0.845375257971718
0.791243559118903
0.729257534723768
0.659782957124602
0.583305234092089
0.500425229846917
0.411853237867025
0.318401171775438
0.220973069133778
0.120554030255207
0.0181977397577244
-0.0849872579074508
-0.187852336678134
-0.289224410358364
-0.387922171752888
-0.48277271213282
-0.572628275553612
-0.656382898117069
-0.73298868165302
-0.801471454524619
-0.860945579305406
-0.91062767784826
-0.949849058619905
-0.978066648907412
-0.994872255359428
-1
-0.99333180499698
-0.974900827691196
-0.944892777274097
-0.903645075590909
-0.851643856373588
-0.789518829290334
-0.718036067047992
-0.638088804914041
-0.550686371959713
-0.456941401605296
-0.35805549523757
-0.255303536362943
-0.150016873590759
-0.0435656083851417
0.0626597622961149
0.167267087864411
0.268881423217222
0.366163735190035
0.457829187768179
0.54266474283007
0.619545822470134
0.687451792023531
0.745480039594601
0.792858447930734
0.82895607758534
0.853291906133251
0.865541496353242
