-0.274559281381772
-0.267498604530993
-0.253494858032092
-0.232781287248767
-0.205702869941605
-0.172710537897604
-0.134353620831169
-0.0912706366634238
-0.0441785795105363
0.00613911850988691
0.0588457536139766
0.113065428059389
0.167897807235542
0.22243331268073
0.275768500049278
0.327021367599882
0.375346341453522
0.419948688669548
0.460098118039305
0.49514134126064
0.524513383633372
0.547747453345398
0.564483201485712
0.574473230758005
0.577587739065424
0.57381721424395
0.563273127758059
0.54618660763349
0.522905103768131
0.493887091506318
0.459694891457873
0.420985714474748
0.378501069966086
0.333054702863917
0.285519249106557
0.236811821085594
0.187878752752158
0.139679748698587
0.0931716922793091
0.0492923745278209
0.00894440814705022
-0.0270204108533963
-0.0578160372123598
-0.0827361595432308
-0.101166999927568
-0.112598715157723
-0.116635206090181
-0.113002166018939
-0.101553226214511
-0.0822740863751746
-0.0552845492407709
-0.0208384115321489
0.020678802815391
0.0687542469908153
0.122754239097608
0.181932746004291
0.245441743836795
0.312343305419616
0.381623236932852
0.45220606069583
0.522971118721929
0.592769552873056
0.660441902381842
0.724836048452673
0.784825228784376
0.83932584229769
0.887314766151998
0.927845913282611
0.960065769098026
0.983227660495458
0.996704528766893
1
0.992757571894601
0.974767764129755
0.945973110096975
0.906470900490201
0.856513623409506
0.796507080765617
0.727006196322659
0.648708566136172
0.562445836882498
0.469173031094192
0.369955970092018
0.265956974942103
0.158419052605149
0.0486487981635648
-0.0620017357605517
-0.172153934866554
-0.28042200443793
-0.385432548047708
-0.485844052063212
-0.580365985081627
-0.667777226655264
-0.746943549269831
-0.816833891376755
-0.876535177142203
-0.925265460189224
-0.962385193644945
-0.98740645687884
-1
