1
0.993567795093118
0.980787028516606
0.961823690220014
0.936923544384768
0.906408321800694
0.87067073750693
0.830168412740651
0.785416797618077
0.736981206822284
0.685468094639681
0.631515707747968
0.575784264021423
0.518945813127372
0.461673939721177
0.404633472525696
0.348470362464959
0.293801890312113
0.241207359050912
0.191219418420974
0.144316159041759
0.100914101248026
0.0613621895143015
0.0259368873233798
-0.00516155020223807
-0.0318115673589306
-0.0539715237736249
-0.0716796166673984
-0.0850525116088077
-0.0942827045092948
-0.0996346578759322
-0.101439773926173
-0.100090285773808
-0.0960321652191377
-0.0897571614436402
-0.0817940988689563
-0.072699574368982
-0.0630482037316527
-0.0534225745978308
-0.0444030679405732
-0.0365577124101879
-0.0304322355209756
-0.0265404726976788
-0.0253552896780733
-0.0273001657680778
-0.0327415750916992
-0.0419822904319661
-0.0552557197173418
-0.0727213688993219
-0.0944615071474999
-0.12047909123887
-0.150696986038805
-0.184958497377135
-0.223029212739294
-0.264600124349454
-0.309291988749801
-0.356660857201423
-0.40620469246137
-0.457370970024805
-0.509565146038466
-0.562159860044413
-0.614504728725316
-0.665936577086029
-0.715789946177207
-0.7634077116639
-0.808151645344133
-0.849412752167508
-0.886621218387925
-0.919255812162517
-0.946852586094575
-0.969012741785966
-0.985409529250924
-0.995794068850019
-1
-0.997946879043745
-0.989642268041641
-0.975182476568708
-0.954751939552777
-0.92862123544012
-0.897143770193136
-0.860751173477403
-0.819947473555491
-0.775302136555797
-0.72744207362555
-0.677042735727393
-0.624818430242909
-0.571512005877125
-0.517884062420781
-0.464701849562957
-0.412728024034186
-0.36270943681824
-0.315366121959139
-0.271380655610263
-0.231388048468244
-0.195966326689959
-0.165627945931057
-0.140812170431008
-0.121878534300316
-0.109101485570118
-0.102666295401154
