-1
-0.986860492987255
-0.960757153486059
-0.922038879904156
-0.871222928894447
-0.808987705471281
-0.736163313680573
-0.653720005098503
-0.562754692851049
-0.464475726751248
-0.360186150126652
-0.251265680584225
-0.139151675013011
-0.0253193532903697
0.0887384347708149
0.201531608862903
0.311593132124682
0.417498870509815
0.51788675560235
0.611474980153516
0.697078970849552
0.773626901796645
0.840173534629168
0.895912196662941
0.94018473673115
0.972489328821991
0.992486025915701
1
0.995022438614279
0.97770910291091
0.948376586601135
0.907496348753186
0.855686625725456
0.793702358062924
0.722423296504877
0.642840476926415
0.55604127668758
0.463193284162571
0.36552722889072
0.264319231610928
0.160872641252749
0.0564997296633336
-0.047496485582971
-0.149840024485505
-0.249299076774565
-0.344702238080533
-0.43495362132128
-0.519046633935948
-0.59607623406362
-0.665249503917055
-0.725894406026727
-0.77746661728802
-0.819554366367127
-0.851881231522595
-0.874306887782105
-0.886825824176864
-0.889564082882543
-0.882774102161871
-0.866827773485436
-0.842207849686803
-0.809497865082489
-0.769370749793439
-0.722576338725042
-0.669927990530534
-0.612288543185654
-0.550555840385972
-0.485648066748099
-0.418489129718412
-0.349994322196524
-0.281056492254325
-0.212532935123488
-0.145233208039738
-0.0799080508289218
-0.0172395746049884
0.0421671420260883
0.0977909349110269
0.149199826798059
0.196054630553655
0.238110852064088
0.275218890664343
0.307322563659812
0.334456009556945
0.356739051540635
0.374371128091852
0.387623921019401
0.39683283220868
0.402387478731748
0.404721391325746
0.404301113389051
0.401614906378487
0.397161272684624
0.391437508642322
0.384928498286381
0.378095952833194
0.371368291763103
0.365131348956297
0.359720071813286
0.355411362935762
0.352418193067712
0.350885090954055
