-0.0429243062309772
-0.0492760376075678
-0.0618977716163879
-0.0806270320096849
-0.105222545242069
-0.135367135252135
-0.170671526642949
-0.21067900877752
-0.254870902629512
-0.30267276232558
-0.353461234313866
-0.406571489110806
-0.461305133718603
-0.516938507155932
-0.572731257175148
-0.627935093203188
-0.68180260887459
-0.733596067238867
-0.782596042816978
-0.828109817130074
-0.869479428086767
-0.906089278633699
-0.937373216272202
-0.962821002329457
-0.981984098139828
-0.994480704421948
-1
-0.998305536474591
-0.989237756353756
-0.972715613357375
-0.948737284955112
-0.917379978535191
-0.8787988437767
-0.833225014663471
-0.780962814990756
-0.722386171042585
-0.65793428423343
-0.588106624799725
-0.5134573149949
-0.434588976600372
-0.352146122844044
-0.266808178963426
-0.179282218625169
-0.0902955051966701
-0.000587927455474757
0.0890955812671796
0.178012553250585
0.26543034143873
0.350633238847312
0.432929286632083
0.511656700849417
0.586189854440008
0.655944758135861
0.720383991712869
0.779021045164672
0.831424037832127
0.877218792159239
0.91609124743323
0.947789207478063
0.972123424685859
0.988968030873208
0.998260333131254
1
0.994247669849527
0.981123019216155
0.960802333954932
0.9335156303795
0.899543377028531
0.859212870300853
0.812894318929884
0.760996693126815
0.703963394229936
0.642267799886453
0.576408738207583
0.506905942033476
0.434295531487872
0.359125569468629
0.281951730692166
0.203333120476339
0.123828274700679
0.0439913674211612
-0.035631352463999
-0.114504879204437
-0.192108511582398
-0.267938651301296
-0.341511336611319
-0.412364513705301
-0.480060052324515
-0.544185515466097
-0.60435569603176
-0.660213935661612
-0.711433242829853
-0.757717228524752
-0.79880087848999
-0.834451181076061
-0.864467629258819
-0.888682614358273
-0.906961727475714
-0.919203982712193
-0.92534197389578
