0.316898218885511
0.321921903950647
0.331884001641016
0.346615412432601
0.365866076436632
0.38930921388843
0.416546868984136
0.447116664962281
0.480499658144923
0.516129160299242
0.553400382454834
0.591680739480025
0.630320643509416
0.66866460590962
0.706062462010489
0.741880530407466
0.77551251930067
0.80638999607149
0.833992243052347
0.857855332115051
0.877580263136401
0.892840026399714
0.903385466319943
0.909049843261803
0.909752011345583
0.905498152665786
0.896382031922374
0.882583759704143
0.864367077178639
0.842075199337439
0.816125277825353
0.787001567360097
0.755247401452046
0.721456103207882
0.686260975118953
0.650324527596949
0.614327119363475
0.578955193403368
0.544889299874369
0.512792101994582
0.483296562418791
0.456994505930036
0.434425749429091
0.416067982267276
0.402327569052553
0.39353143332796
0.389920164183128
0.391642469164256
0.398751076083608
0.411200163818499
0.428844378282556
0.45143946482249
0.478644522733104
0.510025861793936
0.545062415120102
0.583152637593175
0.623622795092806
0.665736527069779
0.708705544049091
0.751701302764421
0.793867485108345
0.834333093204791
0.872225961899954
0.906686482008998
0.936881322885168
0.962016941382233
0.981352666096572
0.994213150885889
1
0.998202378607483
0.98840643689315
0.970303393021995
0.943696139858996
0.908504262105196
0.864767374128467
0.812646713872346
0.752424954434356
0.684504221814238
0.609402334528795
0.527747307854238
0.440270191971094
0.347796338840371
0.251235216836503
0.151568914626509
0.0498394961657367
-0.0528646133395938
-0.155423015356126
-0.256698292313364
-0.355551311486406
-0.450856655712026
-0.541517955558096
-0.626482898356936
-0.704757693708335
-0.775420782598284
-0.837635588054392
-0.890662119107176
-0.93386725654006
-0.96673356823695
-0.988866523581726
-1
