-1
-0.987523813674986
-0.962733939515764
-0.925953057222297
-0.877659427626136
-0.818480078262525
-0.749181875953749
-0.670660619136014
-0.583928312009607
-0.490098809469902
-0.390372045776791
-0.286017080678298
-0.178354213907015
-0.0687364323566567
0.0414695363793118
0.150902285202414
0.258224623535879
0.362142031519853
0.461420403127673
0.554902820429359
0.641525116576536
0.720330004063034
0.790479567129469
0.851265942479032
0.902120040361338
0.942618188127587
0.972486610097548
0.991603690515559
1
0.997856099690135
0.985498170745873
0.963391549446434
0.932132279364296
0.892436821484535
0.8451300902498
0.791132007927257
0.73144279104841
0.667127200646618
0.599298002344845
0.529098892819325
0.457687155635826
0.386216311838947
0.315819028950384
0.247590546242306
0.182572864403231
0.121739934173765
0.0659840614247642
0.0161037257623666
-0.0272070135952084
-0.0633673768380336
-0.0919168677229427
-0.112520332892413
-0.124971017392982
-0.129191589192578
-0.125233137497952
-0.11327218141255
-0.0936057564534715
-0.0666446761788269
-0.0329050942004798
0.00700148226312391
0.0523795528031636
0.102462163280339
0.156424412181299
0.21339769797445
0.27248447149309
0.332773251118312
0.393353656181207
0.453331215574669
0.511841714017846
0.568064847648086
0.621236973462951
0.670662753378323
0.715725513034325
0.755896157645738
0.790740511791571
0.819924976664876
0.843220426523071
0.860504295431034
0.871760835396856
0.877079557177209
0.876651894887997
0.870766164614694
0.859800915008084
0.844216793928866
0.824547079151128
0.801387042567746
0.775382335919068
0.747216601495383
0.717598523300415
0.687248542619469
0.656885466681869
0.627213200073223
0.598907825730126
0.572605255790839
0.5488896623931
0.528282884876065
0.511234992984469
0.498116165868564
0.489210024249791
0.484708528448175
