1
0.990750108072273
0.972386656028368
0.945180202763722
0.909531357548575
0.865964596317842
0.815120167158312
0.757744210905317
0.69467725050594
0.626841228148493
0.555225291702248
0.480870551405431
0.404854043680539
0.328272151195756
0.252223736639276
0.177793252000207
0.106034085389286
0.0379524035825489
-0.0255082594067098
-0.083481429202944
-0.135190910362789
-0.179962594030959
-0.217234672042898
-0.246566100528207
-0.267643183470525
-0.280284176083897
-0.284441838810986
-0.280203904749287
-0.267791455866024
-0.247555235960267
-0.219969960461487
-0.185626714314181
-0.145223558900913
-0.099554496736745
-0.0494969680928928
0.00400192362027041
0.059940241313841
0.117276865970414
0.174947725631944
0.231882347929073
0.287020477795275
0.339328501402645
0.387815420808878
0.43154813125864
0.46966576441591
0.501392875834901
0.526051273465752
0.543070305642958
0.551995451475712
0.552495083462009
0.544365301056686
0.527532764380408
0.502055488780959
0.468121593052551
0.426046026277215
0.376265329968085
0.319330522968401
0.25589822590844
0.186720169484289
0.112631255966716
0.0345363657813214
-0.0466038796279502
-0.129788171433284
-0.213990143943151
-0.298174333806767
-0.381312215048185
-0.462398056426777
-0.540464350982802
-0.614596574941297
-0.683947044294678
-0.747747652183487
-0.805321288407354
-0.856091763732574
-0.899592085777325
-0.935470959765718
-0.963497415924892
-0.983563495301844
-0.99568495682136
-1
-0.99676602937179
-0.98635451786696
-0.969244056621262
-0.9460117075007
-0.917322801548759
-0.883919351174265
-0.846607265808533
-0.806242579624395
-0.763716915429189
-0.719942420774518
-0.67583642047993
-0.63230603401839
-0.590233006492921
-0.55045899824381
-0.513771570524945
-0.480891093298811
-0.452458786205401
-0.429026085400731
-0.411045507529208
-0.398863157933073
-0.392713003696705
