0.407732494470655
0.402736701184293
0.39283361641087
0.378198854708218
0.359092386625953
0.335854456513729
0.308900237539416
0.278713305920614
0.245838034477335
0.210871022175484
0.174451691094987
0.137252194996331
0.0999667941793179
0.0633008594671129
0.0279596737831072
-0.00536279716744403
-0.0359949931896193
-0.0632985371732564
-0.0866785370902521
-0.105593254913174
-0.119562994720899
-0.128178074280518
-0.131105758486459
-0.128096048977834
-0.118986241795048
-0.103704183803989
-0.0822701785175867
-0.0547975125715283
-0.0214915951439093
0.0173522762777227
0.0613524895102451
0.110045976097079
0.162894280544579
0.219290748135403
0.278568722295715
0.340010627420983
0.402857799936018
0.466320919377302
0.529590882604527
0.591849958002066
0.652283052810543
0.710088925584472
0.764491177214991
0.81474885795723
0.860166534390529
0.900103669108294
0.933983177037848
0.961299035449716
0.981622839719
0.994609213509502
1
0.997627179777258
0.987414480781918
0.96937766590025
0.943623504129528
0.910347451389233
0.869830086689756
0.822432368199119
0.768589791474361
0.708805548473702
0.643642800686971
0.573716192589971
0.499682742448259
0.422232256104944
0.342077415658576
0.259943698781466
0.176559285794853
0.0926451104935733
0.0089052071273803
-0.0739825000346108
-0.155374826400796
-0.234671248280265
-0.311321000292966
-0.384829247792786
-0.454762248831357
-0.520751437171972
-0.582496375847591
-0.639766549452696
-0.692401982463185
-0.740312690083296
-0.78347698711465
-0.821938698824791
-0.85580333546515
-0.885233308668556
-0.910442283180177
-0.931688771001065
-0.949269086834564
-0.963509793536626
-0.974759773927833
-0.983382070709119
-0.989745639252782
-0.994217158671743
-0.997153044797963
-0.998891804559312
-0.999746864804796
-1
-0.999895472541931
-0.999634986902347
-0.999373544608245
-0.999216271441284
