0.868932071897788
0.866332688432535
0.861148019313902
0.853406307720933
0.843150033925245
0.830436044494018
0.815335709124912
0.797935092341882
0.778335124652504
0.756651755499774
0.733016068491415
0.707574338006554
0.680488005403664
0.651933552715432
0.622102251936322
0.591199768796773
0.559445601272901
0.527072334990132
0.494324700119977
0.461458417307425
0.428738823558019
0.396439272805145
0.364839310007173
0.334222622021002
0.304874773087083
0.27708073745931
0.251122246436132
0.227274971708753
0.205805571449661
0.186968629831826
0.171003524609612
0.158131260924503
0.148551312544961
0.142438514239427
0.139940050852034
0.141172589848225
0.146219604578802
0.155128935243345
0.1679106334969
0.18453513482889
0.204931800254739
0.22898786551588
0.256547831912569
0.287413328138746
0.321343467103551
0.358055715775865
0.39722728965278
0.438497076616016
0.481468087796058
0.525710425713068
0.570764752512861
0.616146233675468
0.661348925255459
0.70585056562983
0.749117725992443
0.790611267551914
0.829792047666058
0.86612681207762
0.899094206091934
0.928190834036956
0.952937293738326
0.972884111083242
0.987617499080444
0.99676486617892
1
0.997047855066242
0.987688876560657
0.971762796591072
0.949171844821491
0.919883321605622
0.883931488844109
0.841418741600356
0.79251603195274
0.7374625255256
0.676564480510987
0.610193348644064
0.538783107397938
0.46282684248576
0.38287260946461
0.299518612692698
0.213407748966611
0.1252215717308
0.0356737396851483
-0.0544969791956935
-0.144534070880359
-0.233670922992181
-0.321138669901996
-0.406174144814874
-0.488027846332694
-0.565971826025838
-0.639307403800999
-0.707372619312448
-0.769549330318224
-0.825269872701326
-0.874023201813592
-0.915360440795045
-0.948899768498155
-0.974330587514643
-0.991416921459573
-1
