0.999186505094265
0.999335814133452
0.999588635021928
0.999854427932967
1
0.999852591272348
0.999203899829064
0.997814971312334
0.995421861881859
0.991741968889397
0.986480910681934
0.979339826087017
0.970022955505071
0.95824535928491
0.943740625304518
0.926268416492772
0.905621710439719
0.881633587240769
0.85418342824825
0.823202397364377
0.788678087764335
0.750658230309879
0.709253375189675
0.664638475257437
0.617053317858932
0.566801771346307
0.514249832655786
0.459822482941087
0.403999378969604
0.347309428457789
0.29032431740462
0.233651076443826
0.177923790955858
0.12379457585737
0.0719239503402369
0.0229707601131122
-0.0224181953125298
-0.063618665235716
-0.100039410327117
-0.131132453012107
-0.156402944155869
-0.175418477931667
-0.187817692919266
-0.193318006336412
-0.191722339733888
-0.182924708323477
-0.166914562158378
-0.143779785410435
-0.113708279718533
-0.0769880787189953
-0.03400596308913
0.0147554316031149
0.0687219986030783
0.127233996218333
0.189553274582205
0.25487180859001
0.322321431420667
0.390984643217615
0.459906351391988
0.528106382923825
0.594592595239782
0.6583744009706
0.718476513332554
0.773952713187432
0.823899436124752
0.867468978241674
0.903882122687638
0.932439995461959
0.952534968326326
0.963660438897415
0.965419332850189
0.957531190480927
0.939837719402616
0.912306716591105
0.8750342860546
0.82824530272173
0.772292098373747
0.707651371208055
0.634919346527313
0.554805241710816
0.468123113655213
0.375782190890337
0.278775815217316
0.178169138634546
0.0750857401913638
-0.0293066560513899
-0.133811166826843
-0.237217232968055
-0.338316385795761
-0.435918077132892
-0.52886535165569
-0.616050141693744
-0.696427969218877
-0.769031847554349
-0.832985186182385
-0.887513515774149
-0.931954867012937
-0.965768655688294
-0.988542947628399
-1
