0.00650293662492829
0.00541981605292707
0.00325987509922188
3.58274546017334e-05
-0.00423297718744753
-0.00952022958551435
-0.0157922483686612
-0.0230074940269356
-0.031116028350535
-0.040058941056458
-0.0497677677335043
-0.0601639251022664
-0.0711581908800033
-0.0826502562251812
-0.0945283787884601
-0.106669163803213
-0.118937499408466
-0.131186670521956
-0.143258673094196
-0.154984747511328
-0.166186146321574
-0.176675147394229
-0.186256319148042
-0.194728039682687
-0.201884266595236
-0.207516549051761
-0.211416268405245
-0.213377088400859
-0.213197590885616
-0.210684068038288
-0.205653437552214
-0.19793624302936
-0.187379698164747
-0.173850730195197
-0.157238975626169
-0.137459679496589
-0.1144564484446
-0.0882038076359263
-0.0587095122373602
-0.0260165655739154
0.00979510160116792
0.0486073331831802
0.0902628696955428
0.134564924073864
0.181277239805312
0.230124653993985
0.280794181391855
0.332936628441425
0.386168739018473
0.440075865946605
0.494215154591458
0.548119217047367
0.601300267721873
0.653254683623134
0.703467945480721
0.751419909097001
0.796590350145342
0.838464720107061
0.876540046267591
0.910330904760168
0.939375392627529
0.963241022831244
0.981530465123305
0.993887055739689
1
0.999609194104026
0.99250959569266
0.978555077058279
0.95766170020405
0.92981035920305
0.895048742422513
0.853492575068165
0.805326111068592
0.750801852448702
0.690239483914229
0.624024020257447
0.55260317426375
0.476483962911034
0.396228579668841
0.312449570481518
0.225804360421095
0.136989186887205
0.0467325034849215
-0.0442120737928227
-0.13507319982393
-0.225069529141738
-0.313417651721906
-0.399340143763541
-0.482073639151949
-0.560876826205653
-0.635038274467922
-0.703883997708741
-0.766784661944495
-0.823162351130573
-0.872496808189732
-0.914331075143758
-0.948276463239083
-0.974016792005573
-0.991311845055616
-1
