1
0.98520226841448
0.955828591460332
0.912319120466661
0.855325583061605
0.785701232605291
0.704487692719991
0.612898902204387
0.512302410834665
0.404198317841745
0.290196181564282
0.17199026033561
0.051333470575629
-0.0699895320801461
-0.190189729282527
-0.307501147842384
-0.420207872468703
-0.526670243296556
-0.625349831141999
-0.714832802804359
-0.793851314185683
-0.861302600110389
-0.916265466015141
-0.958013927567675
-0.986027789119999
-1
-0.999840678239261
-0.985677743627888
-0.957854155157104
-0.916921801121456
-0.863632142568517
-0.798923761581599
-0.723907014262577
-0.639846033488224
-0.548138367835353
-0.450292579859992
-0.347904158597631
-0.242630127229935
-0.136162746931082
-0.0302027316519162
0.0735676041902751
0.173510842583771
0.268060186908757
0.355744011225585
0.435208849034646
0.505240461703827
0.564782657432041
0.612953567449429
0.649059126578626
0.672603549657213
0.683296642947165
0.681057839779947
0.666016901514224
0.638511277598365
0.599080171300379
0.548455409660885
0.487549266620622
0.417439436278473
0.339351398092904
0.254638456842973
0.164759776669524
0.0712567599492309
-0.0242718523798231
-0.120195762527556
-0.214879369470369
-0.306708077234187
-0.394114240081851
-0.475602332936629
-0.549772947973448
-0.61534523721488
-0.671177445878003
-0.716285211734182
-0.74985734138179
-0.771268814525734
-0.780090811470045
-0.776097606361143
-0.759270218519902
-0.729796765681479
-0.688069515307967
-0.634678682521801
-0.570403074798665
-0.49619773354131
-0.413178770239782
-0.322605639356821
-0.225861130657224
-0.124429399785827
-0.0198723869201826
0.0861950012084427
0.192130551120383
0.296290836165453
0.397057329042782
0.492862118232885
0.582212819692557
0.663716288020785
0.736100750434226
0.79823601198976
0.849151411161202
0.888051240630939
0.914327388428144
0.927568998695437
