-1
-0.992469764616042
-0.977473933139401
-0.955141071121391
-0.925662253587832
-0.889288962921268
-0.846330328716257
-0.79714974540866
-0.742160911467348
-0.681823341303645
-0.61663740769657
-0.547138978357823
-0.47389371518905
-0.397491108747738
-0.318538323384369
-0.237653930404113
-0.155461607419033
-0.0725838817850878
0.0103640053285512
0.092780040086909
0.174081111608297
0.253708355670196
0.331132105362452
0.405856393597374
0.477422959146022
0.545414715237202
0.609458647619083
0.669228117224736
0.724444551079341
0.774878513712292
0.820350159964885
0.860729078587527
0.89593354427588
0.925929203684325
0.950727228364951
0.970381974406607
0.984988194696534
0.994677855112776
0.999616610507412
1
0.996049423823241
0.988007965718728
0.976136125654994
0.960707527433114
0.942004664572091
0.920314745757033
0.895925698131773
0.869122382881307
0.840183072947978
0.80937623743946
0.776957671406982
0.743168003297904
0.708230605623352
0.672349927340116
0.635710259240218
0.598474936387282
0.560785974450886
0.522764129781781
0.484509366350903
0.446101706347117
0.4076024353886
0.369055628038245
0.330489954701703
0.29192072709409
0.253352136341762
0.214779635480217
0.176192416645513
0.137575932648442
0.098914412867674
0.0601933244861583
0.021401731996362
-0.0174654894261752
-0.0564056276881323
-0.095406331641174
-0.134444065371817
-0.173482846122031
-0.212473287512332
-0.251351963898569
-0.290041105645646
-0.328448628950521
-0.366468497697895
-0.403981408789626
-0.440855786554973
-0.476949066321098
-0.512109242094009
-0.546176648654073
-0.578985944283841
-0.610368256885568
-0.640153453467156
-0.668172490922235
-0.694259804734036
-0.71825569171227
-0.740008643132655
-0.759377585682148
-0.776233989398441
-0.790463804296127
-0.801969190548491
-0.810670010886022
-0.816505058213069
-0.819432996256096
