0.118979617357881
0.127028160269963
0.142982685443563
0.166560406040048
0.197342940441602
0.234783166172006
0.278214186162511
0.3268602632191
0.37984954686772
0.43622838787654
0.494977010139831
0.555026287665523
0.615275356488624
0.674609777722339
0.7319199588764
0.786119536164336
0.83616342086069
0.88106521785243
0.919913734277678
0.951888310406966
0.976272723473247
0.992467437704397
1
0.998533410108654
0.987872326337562
0.96796700225314
0.938914885964224
0.900959850845253
0.854489064364137
0.800027539428166
0.73823044975146
0.66987332658926
0.59584028820754
0.517110485118898
0.434742972912412
0.349860249976261
0.263630719149619
0.177250349995853
0.091923831677819
0.00884551512249532
-0.070819552856958
-0.145954201626989
-0.215507018732881
-0.278509255881401
-0.334090487807858
-0.381492772096758
-0.420083081212759
-0.449363804843649
-0.468981150739898
-0.478731305084501
-0.47856424852682
-0.468585160813486
-0.449053384869159
-0.42037895962304
-0.38311676923748
-0.337958394067712
-0.285721785071648
-0.227338917920638
-0.163841615189631
-0.0963457542190082
-0.0260341040771443
0.0458619428987668
0.118081461597196
0.189353609793258
0.258417463268713
0.324041760633003
0.385044248894129
0.440310326485119
0.488810690875469
0.529617712928671
0.561920279575882
0.585036869861561
0.598426656615494
0.601698456493656
0.594617384433139
0.577109104164097
0.549261603758533
0.511324463687921
0.463705623907047
0.406965695468676
0.341809900491965
0.26907776135622
0.189730695189603
0.104837702517262
0.0155593688099596
-0.07686957583674
-0.171158870978246
-0.265982227614426
-0.359997416994583
-0.45186663653532
-0.540276838385787
-0.623959706507582
-0.701710973365778
-0.772408777373592
-0.835030776941003
-0.888669756118838
-0.932547480106894
-0.966026585944927
-0.98862032410715
-1
