0.205503111183095
0.206659876934631
0.208988584713686
0.212519044964619
0.217294629103136
0.223370687071648
0.230812487926562
0.239692725603939
0.250088641130808
0.262078820761199
0.275739736671089
0.291142102814965
0.308347123218405
0.327402713267785
0.348339776394768
0.371168618899025
0.395875584492273
0.422419987490133
0.450731419460955
0.480707498623068
0.512212124447962
0.545074291883983
0.579087510490949
0.614009863717753
0.649564732726068
0.685442197741207
0.721301118084749
0.756771880009485
0.791459789417197
0.824949074697009
0.856807453478081
0.886591206241702
0.913850689672668
0.938136213524866
0.9590041967939
0.97602351227563
0.988781923269566
0.996892512364388
1
0.997786849892253
0.989979059462393
0.976351536136412
0.956732964745921
0.931010077221365
0.899131243243746
0.861109309410925
0.817023624654023
0.767021200961533
0.711316970767351
0.650193115450833
0.583997453084697
0.513140887641807
0.438093936118008
0.359382364224478
0.277581975227408
0.19331260994566
0.107231428644733
0.0200255573833392
-0.067595807914585
-0.154909736951004
-0.241188229393567
-0.325707090919012
-0.407754899070502
-0.48664193406877
-0.561708948582354
-0.632335651197191
-0.697948780935715
-0.758029654636974
-0.812121075270002
-0.859833497233235
-0.900850354286202
-0.934932466834413
-0.961921457688974
-0.981742118972616
-0.994403687348816
-1
-0.998708519551707
-0.990788232200141
-0.976576439413273
-0.956484479501215
-0.930992430852151
-0.900642863473393
-0.866033719439477
-0.827810415719467
-0.786657274438136
-0.743288395743281
-0.69843809694846
-0.65285104836479
-0.607272241121073
-0.562436925219534
-0.519060657035185
-0.477829594419591
-0.439391174524546
-0.40434530445692
-0.373236187981816
-0.346544902804022
-0.324682832601613
-0.307986046109544
-0.296710702326966
-0.291029546542083
