-0.309614683107394
-0.307487485663777
-0.303218671449646
-0.296780006541888
-0.288130639340897
-0.277218864819015
-0.263984419360826
-0.248361258235902
-0.230280757376843
-0.209675271809076
-0.186481974962874
-0.16064689634118
-0.132129069744905
-0.100904700571371
-0.066971258675498
-0.0303514029633802
0.00890335470883241
0.0507093356433925
0.0949478149450502
0.141462654844678
0.190058520959188
0.240499742478063
0.292509866768483
0.345771947330042
0.39992959159452
0.45458878196053
0.50932046989381
0.563663929137854
0.617130840297979
0.669210065518326
0.719373058897026
0.767079845905201
0.811785493606601
0.852946983119008
0.890030386702229
0.92251824426685
0.94991702811673
0.971764580485272
0.987637405992404
0.997157700598905
1
0.99589733368333
0.984646776048562
0.966114292987709
0.940238791067189
0.907035286816572
0.866597125469834
0.819097191652455
0.76478806876967
0.704001119015527
0.637144471761181
0.564699924353156
0.487218775808343
0.405316630277459
0.319667223206388
0.230995338602333
0.140068900462631
0.0476903350131357
-0.0453126872906318
-0.138097010225568
-0.229814121798324
-0.319620519519713
-0.406688169321709
-0.490214913160913
-0.569434679155596
-0.643627349069269
-0.712128141087296
-0.774336371106076
-0.829723463105759
-0.877840088514001
-0.91832232566583
-0.950896743369883
-0.975384327024078
-0.991703181479367
-0.999869961703134
-1
-0.99230611684951
-0.977096121048855
-0.954769023529717
-0.925810007674616
-0.890784216914803
-0.850329437580149
-0.805147771133241
-0.75599640481095
-0.70367760309105
-0.64902805409456
-0.592907714846557
-0.536188307096985
-0.479741621026054
-0.424427787535556
-0.37108368090054
-0.320511612302105
-0.273468471193125
-0.230655465610511
-0.19270860452006
-0.160190055175786
-0.133580496438501
-0.113272575201212
-0.0995655577106774
-0.0926612508778835
