-0.794324483817829
-0.797303586862006
-0.803163555027868
-0.811709817397892
-0.822655246991771
-0.835625744401943
-0.850167531530816
-0.865756029124508
-0.881806164182386
-0.89768392825238
-0.912718985515634
-0.926218110789467
-0.937479222449717
-0.94580576404822
-0.950521181270906
-0.950983237973097
-0.946597916398455
-0.936832652324953
-0.921228665703644
-0.899412161214433
-0.871104190841897
-0.836128991795479
-0.794420637525864
-0.746027866833985
-0.691116985695247
-0.629972767953685
-0.562997313971342
-0.490706860115426
-0.413726566082558
-0.332783340941551
-0.248696801871704
-0.162368491341346
-0.0747695083900342
0.0130732627462118
0.100092118651229
0.185194467809258
0.267279479188278
0.345255186666297
0.418055777674497
0.484658788778515
0.544101929692909
0.595499260466904
0.638056454263037
0.671084890175006
0.694014336727633
0.706404006834246
0.7079517887553
0.698501484647909
0.678047918207122
0.646739805217062
0.604880315054218
0.552925286785161
0.491479099921406
0.421288236565014
0.343232608023161
0.258314754414945
0.167647059777424
0.0724371571594919
-0.0260282723395172
-0.126401076148665
-0.227290328918891
-0.327281880556129
-0.424958465658437
-0.518920075627988
-0.607804288490625
-0.690306249890613
-0.76519800188145
-0.831346863976948
-0.88773258335879
-0.933462987984379
-0.967787897359555
-0.990111070626601
-1
-0.997193389036065
-0.981606189274794
-0.953332104927943
-0.912643512957984
-0.859988784524248
-0.795987032775119
-0.721420350740988
-0.637223641036492
-0.544472175628161
-0.444367058501102
-0.338218796131294
-0.227429209741062
-0.113471948932622
0.00212811194148443
0.117816295742749
0.232030050819326
0.343221065142691
0.449877242263461
0.550544216321769
0.643846089496801
0.728505086212111
0.803359833968157
0.867382000620138
0.919691041959118
0.959566841225876
0.986460053270883
1
