0.208874379470999
0.205050744740355
0.197422509167786
0.186027772372704
0.170923760315144
0.152186908595243
0.129912959497321
0.104217061170782
0.0752338549429514
0.043117534684626
0.00804186044892008
-0.0297998926781008
-0.0701950704037088
-0.112911879965026
-0.157699755851944
-0.204289869924391
-0.252395804152796
-0.301714402530647
-0.351926816547018
-0.402699755994117
-0.453686953858327
-0.504530850649902
-0.554864499820488
-0.604313691960538
-0.652499291327398
-0.699039774001404
-0.743553952677004
-0.785663868846667
-0.824997829005664
-0.861193557574179
-0.893901435576268
-0.922787790806413
-0.947538202323106
-0.967860779698626
-0.983489375581834
-0.994186688845318
-0.999747214930016
-1
-0.994811156198073
-0.984086096658745
-0.967771450987766
-0.945856624644062
-0.918374969036913
-0.885404533143728
-0.847068372016457
-0.803534392622214
-0.755014722991276
-0.701764596550282
-0.644080749719638
-0.582299337265208
-0.516793376423704
-0.447969737373604
-0.376265704101585
-0.302145136020452
-0.226094266731259
-0.148617181995031
-0.0702310241975058
0.00853902473200696
0.0871649259277725
0.165121072331955
0.241889621569526
0.316965809131999
0.389863177075812
0.460118653339663
0.527297417570333
0.590997491021561
0.650853990645034
0.706542990903744
0.757784941069623
0.804347590771455
0.846048382275213
0.882756274336156
0.914392969378958
0.940933523148467
0.96240632373171
0.978892434876786
0.990524306717554
0.997483865241706
1
0.998345477531879
0.992833315664873
0.983812661123019
0.971664219648661
0.956795294004726
0.939634490691086
0.920626160898335
0.900224645065355
0.878888393344889
0.857074036268184
0.835230480902877
0.813793107798747
0.793178143008986
0.773777277469456
0.755952603038687
0.740031930584286
0.726304550697727
0.715017491992417
0.706372325564556
0.70052255715839
0.697571640972203
