0.216539123479984
0.224270122180591
0.239587491064137
0.262204317538169
0.291696056623507
0.327507416079645
0.368961365715102
0.415270127911392
0.465547974928399
0.518825629853234
0.574066042557429
0.630181290141791
0.686050333419887
0.740537347303886
0.792510333726555
0.840859721107022
0.88451665441905
0.922470684648752
0.953786575760037
0.97761996107384
0.993231598994548
1
0.997432222403835
0.985172663197432
0.963009701829473
0.93088008858679
0.888871004767904
0.837219758530108
0.776311117563902
0.706672317016904
0.628965817765654
0.543979925639225
0.452617415973405
0.355882339385436
0.254865213409887
0.150726830172324
0.0446809321961474
-0.0620239736068433
-0.168123380003535
-0.272355828561173
-0.373481946186254
-0.470303171492579
-0.56167987814318
-0.646548611653113
-0.723938169945171
-0.792984276001404
-0.852942612966028
-0.903200017683406
-0.943283657494974
-0.97286804671714
-0.991779793080904
-1
-0.997664287287464
-0.985060430281799
-0.96262365468548
-0.93092966117218
-0.890685489406186
-0.842718364977536
-0.787962704356398
-0.727445481812432
-0.662270187875535
-0.59359963092979
-0.522637851586408
-0.450611433289881
-0.378750501957432
-0.308269712188508
-0.240349517634386
-0.17611801848781
-0.116633669812514
-0.0628691207287743
-0.0156964365204025
0.0241260661855895
0.0559651665471352
0.0793220930696488
0.0938397392364743
0.0993076306114122
0.0956645683189188
0.0829989104799675
0.0615464904462515
0.0316862079448796
-0.00606663406798635
-0.0510691385212763
-0.102561627184632
-0.159680283790673
-0.221471424852621
-0.286907170115153
-0.354902262594708
-0.424331770139076
-0.49404938664879
-0.562906041771893
-0.629768523155206
-0.693537815283728
-0.75316686356527
-0.807677481546154
-0.856176132829906
-0.897868337197431
-0.932071472310964
-0.958225767879191
-0.975903317864398
-0.984814967770969
