0.750596666004954
0.750295507395002
0.749708598583445
0.748866435508189
0.747813965268567
0.74660964496061
0.745324211540681
0.744039183421532
0.74284511905268
0.741839661880626
0.741125404757491
0.740807610009927
0.740991823943093
0.741781426495598
0.743275158048818
0.745564666006797
0.748732113690161
0.752847893329578
0.757968483512152
0.764134489349661
0.771368900932672
0.779675602351416
0.789038159753771
0.799418912632436
0.810758387854232
0.82297505093775
0.835965403829818
0.849604433009061
0.863746406241349
0.878226010813831
0.892859820668031
0.907448074623451
0.921776742913662
0.935619854625547
0.948742054412318
0.960901353109075
0.971852033675247
0.981347671272362
0.989144224299794
0.995003151887554
0.998694512705147
1
0.998715868527819
0.994655710469557
0.9876530395239
0.977563645088136
0.964267681752276
0.947671463180082
0.927708933776859
0.904342796280428
0.87756527848524
0.847398527641477
0.813894626578444
0.777135231199243
0.737230834594689
0.694319668541915
0.648566258501541
0.600159653323787
0.549311355639668
0.496252983274706
0.441233695912177
0.384517424590888
0.326379944397409
0.267105832862099
0.206985358059871
0.146311341228025
0.0853760388333655
0.024468088448425
-0.0361304384577574
-0.0961468356243232
-0.155320374354094
-0.213404693609197
-0.270169936008569
-0.325404602041058
-0.378917099373385
-0.430536969038476
-0.48011577545888
-0.52752765261016
-0.57266950407551
-0.615460860199457
-0.655843400928983
-0.693780158150071
-0.729254416304251
-0.762268334724898
-0.792841319393851
-0.821008175618465
-0.846817076408231
-0.870327384037492
-0.891607364374577
-0.910731835005776
-0.927779788963024
-0.94283203596578
-0.955968902509807
-0.96726803088881
-0.976802315340067
-0.9846380109936
-0.990833048217022
-0.99543558133533
-0.998482796624909
-1
