0.506084058724152
0.498607821681615
0.483731655475394
0.461607334063127
0.43246042423135
0.396587801457632
0.354354385382901
0.306189134920379
0.252580352020842
0.194070351452872
0.131249561531394
0.0647501274388245
-0.00476090545629448
-0.0765887461418442
-0.150018264571146
-0.22432156201732
-0.298765615480384
-0.372619906249758
-0.445163943682497
-0.515694597356972
-0.583533153966547
-0.648032019576634
-0.708580993115378
-0.764613043124064
-0.815609526766874
-0.861104797788713
-0.900690158403526
-0.934017118874881
-0.960799937691291
-0.980817424612365
-0.993913998337891
-1
-0.999051272969557
-0.991108028476994
-0.976273025154835
-0.954709098701741
-0.926636085341715
-0.892327189513487
-0.852104852191206
-0.806336181338513
-0.755428010176971
-0.699821652164066
-0.639987423797279
-0.576419007575817
-0.509627727661645
-0.440136810002645
-0.368475696943034
-0.295174483693357
-0.220758540520859
-0.145743380218838
-0.0706298253994088
0.00410047548423043
0.0779891406469793
0.150604719867285
0.221545902538272
0.290444246770047
0.356966414666087
0.420815906115667
0.481734290547617
0.539501942974756
0.593938297225226
0.644901635415334
0.69228843838565
0.736032326924352
0.776102628076099
0.812502604629186
0.845267388948379
0.874461664648038
0.900177141164846
0.922529867089309
0.941657428160166
0.957716075138146
0.970877825388893
0.981327579963722
0.98926029532584
0.994878245691774
0.998388408314169
1
0.999922188819862
0.998362000405192
0.995522433538589
0.991600795006244
0.986787258987823
0.981263651692685
0.975202457592711
0.968766039526457
0.962106061225854
0.955363097506092
0.94866641451432
0.94213390009614
0.93587212254352
0.929976494755839
0.924531520188606
0.919611096882155
0.91527885634485
0.911588515090497
0.908584218166459
0.906300856016268
0.90476433844863
0.903991812275986
