0.0218688711569133
0.0211771414412685
0.0198456492945767
0.017977165893746
0.0157229607088327
0.0132793957095636
0.0108834815063914
0.00880747661965819
0.00735262875991616
0.00684217301557699
0.00761371590721316
0.0100111461392682
0.0143762223539197
0.02103999510198
0.0303142244676653
0.0424829562377869
0.0577944181568795
0.0764533936697385
0.0986142236796408
0.124374577347355
0.153770120969685
0.186770199695084
0.22327463048441
0.263111686568837
0.306037333986407
0.351735759912116
0.399821210772834
0.449841135912629
0.501280610210623
0.553567986920746
0.606081710467218
0.658158198349595
0.709100682031464
0.75818887903271
0.804689352717159
0.847866402736367
0.886993317993029
0.921363815522884
0.950303483019165
0.973181039952066
0.989419232434407
0.998505180173487
1
0.993547539502108
0.978882066094158
0.955834771247703
0.924338966398206
0.884433865965031
0.836266873701016
0.78009431090563
0.716280548551017
0.645295529720611
0.567710693567656
0.484193336878917
0.39549947388658
0.302465278821237
0.205997218462429
0.107061003256662
0.00666950509332409
-0.0941301927602596
-0.1942704330477
-0.292677116348343
-0.388284124933177
-0.480047829750632
-0.5669614682852
-0.648069180888291
-0.722479496271983
-0.789378063154639
-0.848039434475206
-0.897837723024325
-0.938255962601688
-0.968894026682976
-0.989474976807151
-0.99984973517964
-1
-0.990039347406877
-0.970212490309095
-0.940892691343393
-0.902577354359961
-0.855881845775503
-0.801531623441009
-0.740352775947085
-0.673261099147193
-0.601249858752912
-0.525376407805605
-0.44674784534755
-0.36650591743079
-0.285811373482127
-0.205827999800676
-0.127706557459861
-0.0525688540277749
0.0185078227315782
0.0845056856473096
0.144480627845128
0.197575396948804
0.243031573566645
0.280200180889362
0.308550771849242
0.327678862207169
0.337311601817795
