1
0.990489660305746
0.971608567228542
0.943633713743497
0.906975174490657
0.862169703476646
0.809872355211895
0.75084626111442
0.685950722029431
0.61612780419771
0.542387649537314
0.465792731311989
0.387441302827388
0.308450299461767
0.229937962901823
0.153006460782025
0.0787247749490636
0.00811212729182698
-0.0578777964406728
-0.118371577031333
-0.172589515118306
-0.219857596336877
-0.259617780657365
-0.291436454740561
-0.315010915113122
-0.330173781025928
-0.336895268508997
-0.335283290862246
-0.325581385090404
-0.30816449806246
-0.283532699910759
-0.252302924850488
-0.215198870681785
-0.173039217244165
-0.126724350569156
-0.0772218030046632
-0.0255506397928956
0.027234960845717
0.0800626743983839
0.131859275217788
0.181567887513763
0.228164969501612
0.270676762292436
0.30819494360743
0.339891238994476
0.365030759722458
0.382983856666137
0.393236302954227
0.395397644565283
0.38920758700326
0.374540317210463
0.351406692490402
0.319954261902323
0.280465119821272
0.233351625592558
0.179150056907134
0.118512297153293
0.0521956880453804
-0.0189487921977907
-0.0939898384103608
-0.171930405563907
-0.25172334299373
-0.332287828841461
-0.412526345145264
-0.491341925462078
-0.567655402590742
-0.640422383948404
-0.708649686435614
-0.771410971140258
-0.827861330842713
-0.877250599795219
-0.918935175396995
-0.952388164855301
-0.977207696341013
-0.99312326309883
-1
-0.99784082464018
-0.98678640877205
-0.967112980090346
-0.939227988615978
-0.903663705615988
-0.861068855615812
-0.812198413095062
-0.757901724418267
-0.699109141980886
-0.636817381031533
-0.572073829793269
-0.505960060031977
-0.439574797847647
-0.374016622995409
-0.310366669343019
-0.249671599072146
-0.192927118932268
-0.141062298326054
-0.0949249363781278
-0.0552682086143754
-0.0227388037169491
0.00213326266120162
0.0189429964686527
0.0274168046234902
