-0.4005304120438
-0.388984327164198
-0.366079291189047
-0.332186659565355
-0.287856230510269
-0.233807689336059
-0.170919409215129
-0.100214782756575
-0.0228462971882551
0.0599223989665283
0.146736158609329
0.23616942221934
0.326748399400543
0.416974000837954
0.505345164120731
0.590382210902312
0.670649872541275
0.744779626704451
0.811490998330157
0.869611494671255
0.918094865607233
0.956037406693336
0.982692053089232
0.99748004709753
1
0.990034209610548
0.967552137829548
0.932710996811447
0.885853437451679
0.827502379053023
0.758353063538412
0.67926246074008
0.591236192438639
0.495413181307119
0.393048266133156
0.285493056098282
0.174175323997337
0.0605772606623936
-0.053787069832574
-0.167394722634565
-0.278736954233953
-0.386342035397208
-0.488797440842378
-0.584771071913405
-0.673031184207308
-0.752464712928238
-0.822093714351994
-0.881089671776119
-0.928785448228076
-0.964684705469831
-0.988468648881879
-1
-0.999324142147828
-0.986667429068398
-0.962432691007561
-0.927192016639715
-0.881676931860426
-0.826766137130874
-0.763471003107296
-0.692919059127743
-0.616335740213151
-0.535024685083886
-0.450346899878073
-0.36369911943958
-0.276491709956073
-0.190126463189237
-0.105974633454433
-0.0253555638677438
0.0504837617355509
0.120387920229285
0.183310703470229
0.238330950124994
0.284666309290517
0.32168472353305
0.348913455673554
0.366045523083798
0.372943444799253
0.369640249741331
0.356337738089335
0.333402031656904
0.301356492313408
0.26087212936264
0.212755656685695
0.157935397740165
0.0974452705934918
0.0324071155155823
-0.0359883462150506
-0.106501612138468
-0.177865230390747
-0.248805025447343
-0.318061373951763
-0.384410186348573
-0.446683255138423
-0.503787641086675
-0.554723784476486
-0.598602049248529
-0.634657433280804
-0.66226220772674
-0.680936281774315
-0.690355125879598
