0.899150069163252
0.892869573996799
0.880346292504402
0.861655513392472
0.836909845621098
0.80625882488539
0.769888381428968
0.728020163102519
0.680910706471862
0.628850447934515
0.572162566261697
0.511201647778058
0.446352165551254
0.378026764507067
0.306664345324138
0.232727941298306
0.156702384093654
0.0790917564009765
0.000416631980871385
-0.0787888936537884
-0.157980375602304
-0.236606385380592
-0.314112057084622
-0.389942797236345
-0.463548137982503
-0.534385709673734
-0.60192530528857
-0.665653005755672
-0.725075332039316
-0.779723386957774
-0.82915694716948
-0.872968463651244
-0.91078692736516
-0.94228155571854
-0.967165254909617
-0.985197813357747
-0.996188782168552
-1
-0.996547721782802
-0.985804313505
-0.967799478682463
-0.942620986179704
-0.910414873683447
-0.871385106318831
-0.825792675579028
-0.773954129848093
-0.716239534260186
-0.653069864374415
-0.584913845065732
-0.512284253045215
-0.435733708430907
-0.355849987693552
-0.273250896999543
-0.188578751366383
-0.10249451103581
-0.0156716319623047
0.0712103077794046
0.157472139627713
0.242441724676006
0.325460590108472
0.405890507898625
0.483119940832383
0.556570280952503
0.625701806517271
0.690019285529749
0.749077156816936
0.802484223499907
0.849907798461488
0.891077247039414
0.925786878589496
0.953898145702361
0.97534111763492
0.990115202840012
0.998289104241777
1
0.995451951817711
0.984913552251891
0.968714831864008
0.94724345627067
0.920940252101369
0.890294109418843
0.855836316191038
0.818134387811038
0.77778546133902
0.735409329993965
0.69164119836832
0.647124242803981
0.602502064293044
0.558411123106196
0.515473245073818
0.474288289033488
0.435427063411397
0.399424577238473
0.366773707143979
0.337919357064471
0.313253181612753
0.293108937342016
0.27775851859943
0.267408726387332
0.262198809744996
