0.882988107452798
0.885508687156312
0.890457557475127
0.897651882355514
0.90682173362112
0.917615200209535
0.929605065501272
0.942296939869962
0.955138710850641
0.96753115083253
0.978839502301506
0.988405843711237
0.995562025329533
0.999642954114944
1
0.996014293005596
0.987109681439871
0.972765126037732
0.95252631320635
0.926016282430234
0.892944878171845
0.853116855040275
0.806438486300411
0.752922549620711
0.692691589930866
0.62597938696743
0.553130584083751
0.47459846472652
0.390940893156863
0.302814466034799
0.210966950908457
0.116228115979403
0.019499082294445
-0.0782596456917548
-0.176041292833881
-0.272806871293679
-0.367499969247652
-0.459062042516591
-0.546447971687231
-0.628641641396636
-0.704671296399105
-0.773624430879205
-0.83466197319732
-0.887031537778299
-0.930079529041519
-0.963261898925617
-0.986153379431449
-0.998455034389209
-1
-0.990757311216794
-0.970833740288009
-0.940473604333278
-0.900056530178613
-0.850093196356167
-0.791219103675031
-0.724186456598466
-0.649854267333456
-0.569176822581355
-0.483190678869097
-0.393000375865768
-0.29976307771432
-0.204672369841778
-0.108941452671755
-0.013785983922721
0.0795931724363508
0.170027030094406
0.2563951383148
0.337641560640848
0.412789930745052
0.480957355147513
0.54136694949818
0.593358815429094
0.636399288328831
0.670088312415277
0.694164827786494
0.708510084277731
0.713148828481501
0.70824834271049
0.694115347498799
0.671190811937578
0.640042748219574
0.601357097725533
0.555926845342503
0.504639526003144
0.448463312250556
0.388431893577677
0.325628377020863
0.26116845371018
0.196183087555072
0.131800989791836
0.0691311466184004
0.00924566653433567
-0.0468367907040803
-0.0981667503431185
-0.143878583572595
-0.183203868960139
-0.215483249990195
-0.240176607270822
-0.25687138972154
-0.265288977207782
