1
0.994821617220931
0.984496750651843
0.969088927718144
0.948692766067057
0.923433173436915
0.893464294139475
0.858968213361943
0.820153433034033
0.777253135373853
0.730523252396016
0.68024036160987
0.626699429832211
0.57021142846736
0.511100844752262
0.449703114312692
0.386362000920765
0.321426949579234
0.255250438984648
0.188185359043016
0.120582438436418
0.0527877462785458
-0.0148597093328199
-0.0820302645392416
-0.14840574510324
-0.213681456243762
-0.277568001311088
-0.339792915924023
-0.400102106545808
-0.458261084913094
-0.514055992221837
-0.567294409481954
-0.617805952946468
-0.665442655968443
-0.710079141009474
-0.75161258778738
-0.789962505680755
-0.825070320478974
-0.856898787355785
-0.885431243533099
-0.910670715472811
-0.932638896575274
-0.951375012264008
-0.966934589991316
-0.979388152106352
-0.988819849687045
-0.995326055354809
-0.999013932774217
-1
-0.998408703085096
-0.994371015422786
-0.988023077182689
-0.979504887935628
-0.968959064169446
-0.956529671900805
-0.9423611430124
-0.926597282316444
-0.909380370689757
-0.890850367968919
-0.871144217660659
-0.850395253936856
-0.828732709867751
-0.806281324421886
-0.783161044445818
-0.759486816647116
-0.735368463554655
-0.710910636532103
-0.686212838182279
-0.661369505907534
-0.636470147987208
-0.611599523297576
-0.586837855729622
-0.562261074449885
-0.537941071391513
-0.513945967745869
-0.490340381737259
-0.467185690589809
-0.44454028032043
-0.422459777797675
-0.400997260374949
-0.380203439319027
-0.360126814192083
-0.340813796288316
-0.32230880015615
-0.304654303135952
-0.287890873694414
-0.272057170124596
-0.257189911891259
-0.243323826522343
-0.230491575469231
-0.218723662772813
-0.208048330673726
-0.198491446490166
-0.190076385154609
-0.182823911752926
-0.176752068249823
-0.171876068319148
-0.168208203834657
-0.165757766126409
-0.164530984581805
