0.103794001667934
0.0997192257411199
0.0916130814198497
0.079561997671372
0.0636946557443538
0.0441808430229529
0.0212299389353205
-0.0049109551112384
-0.0339592269479632
-0.0655992884424599
-0.0994854136663177
-0.135244857717552
-0.172481231129108
-0.210778102609206
-0.249702800858861
-0.288810384412805
-0.327647746867415
-0.365757823507657
-0.40268386423774
-0.43797373686938
-0.471184224238036
-0.501885278310649
-0.529664194425928
-0.554129669076109
-0.574915705201381
-0.591685329826877
-0.604134090027027
-0.611993294650854
-0.615032970979464
-0.613064507506413
-0.605942956322827
-0.593568971139848
-0.57589035977611
-0.552903232959919
-0.524652734524637
-0.491233341488734
-0.452788726084233
-0.409511175501706
-0.361640568927198
-0.309462915325588
-0.253308459343058
-0.193549366624544
-0.130597003734991
-0.0648988317001629
0.0030650640929093
0.0727857813104273
0.143729715665533
0.21534295055602
0.287055885456234
0.358288064496911
0.428453164299319
0.496964098100672
0.563238191542629
0.626702384216973
0.686798410192329
0.742987910299248
0.794757428940706
0.841623248629331
0.883136016335352
0.918885117060115
0.948502751823671
0.971667679461893
0.988108584254387
0.997607034430138
1
0.995181902115932
0.983106170224498
0.963786287630746
0.937296310678965
0.903770851546448
0.863404519590133
0.816450821236203
0.763220523510175
0.70407949141883
0.639446014464218
0.569787642542067
0.495617556300958
0.417490501664064
0.335998322593174
0.251765130258089
0.165442150518993
0.0777022949938182
-0.0107654960708474
-0.0992620884115661
-0.187084113114228
-0.273529996496592
-0.357906005283395
-0.439532251402478
-0.517748600828256
-0.591920431545388
-0.661444186896667
-0.725752672306252
-0.784320045617044
-0.836666454028868
-0.882362273846153
-0.921031912908692
-0.952357139650952
-0.976079907173765
-0.992004645472487
-1
