0.375136181551739
0.368339399636
0.354882977869472
0.335038784340651
0.309208621335705
0.277917137588376
0.241802562772563
0.201605418792054
0.158155396298836
0.112356615686378
0.0651715190550002
0.0176036628877836
-0.029320299973365
-0.0745691463113062
-0.117125804521673
-0.15600595652621
-0.190276204573617
-0.219071494087353
-0.241611494980903
-0.257215660012384
-0.265316699539352
-0.265472237134003
-0.257374439531484
-0.240857446849152
-0.215902464415599
-0.182640415320473
-0.141352092335723
-0.0924657885329203
-0.0365524270771078
0.025681748346023
0.0934048208759342
0.165671045352539
0.241434713940075
0.319565831886439
0.398867362228692
0.478093771435393
0.555970585353755
0.631214646779463
0.702554752792818
0.768752341932638
0.828621898454825
0.881050743407895
0.925017890031146
0.959611653936482
0.984045726483475
0.997673442430627
1
0.990692422512842
0.969587085262441
0.936694668752165
0.89220243925883
0.836473799262106
0.770045092958586
0.693619695184349
0.608059454923536
0.514373606506572
0.413705301936501
0.307315955885486
0.196567630169419
0.0829037163731483
-0.0321717967490073
-0.147116160884286
-0.26037048172963
-0.370382765678536
-0.47563104829304
-0.574646250169876
-0.666034408254569
-0.748497938582238
-0.820855599721406
-0.882060844675564
-0.931218272382925
-0.967597917897421
-0.990647152410918
-1
-0.995483716804769
-0.977122519676736
-0.945138394532691
-0.899948959055805
-0.842162399308519
-0.772569544569139
-0.692133188582142
-0.601974807740272
-0.503358866836354
-0.397674940310275
-0.286417910789916
-0.171166536655004
-0.0535607058710804
0.0647222859538694
0.181992079771527
0.296569855856369
0.406812826803632
0.511138253436546
0.608046622917859
0.69614364050517
0.774160703876407
0.840973551516199
0.895618803952725
0.937308148250902
0.965439951617693
0.979608128715517
