-0.764548678010072
-0.756248318243776
-0.739731988142418
-0.715167454138337
-0.682803848485761
-0.64296868649672
-0.596063952447014
-0.542561306916348
-0.482996480074208
-0.417962926240189
-0.348104824779254
-0.274109520900462
-0.196699507091623
-0.116624051642149
-0.0346505849033666
0.0484440434460303
0.131882321854277
0.214894735407308
0.296728213948368
0.376654262138728
0.45397666907361
0.52803870176671
0.598229694828059
0.663990957859255
0.724820932335758
0.780279540881554
0.829991683698224
0.873649849309362
0.911015819536405
0.941921461542835
0.966268612678714
0.984028076536236
0.995237760903571
1
0.998478114321433
0.990892271465279
0.977514720295786
0.958664478630414
0.934701561168257
0.906020839557123
0.873045630241736
0.836221108009337
0.796007643931149
0.752874165691903
0.70729163613124
0.659726742238391
0.610635881915054
0.560459529640458
0.509617054845895
0.458502058458661
0.407478283847629
0.356876148447037
0.306989931814208
0.25807564496094
0.210349594661893
0.16398764526335
0.119125169468034
0.075857668828657
0.0342420344105347
-0.00570159156090988
-0.0439874011226279
-0.0806610090859552
-0.11579610759941
-0.149490755542815
-0.181863376149421
-0.213048539604792
-0.243192609419344
-0.272449332096766
-0.300975449025861
-0.328926407632702
-0.356452245688025
-0.383693718336441
-0.41077873198254
-0.437819142735342
-0.464907969793014
-0.492117066074436
-0.519495279714354
-0.547067130885236
-0.574832018948302
-0.602763965329946
-0.630811887930042
-0.658900393456715
-0.686931065005111
-0.714784213606199
-0.742321054507522
-0.769386261741291
-0.795810848203898
-0.821415313116342
-0.846012994442683
-0.869413560680361
-0.891426574449709
-0.911865059528318
-0.930549003406381
-0.94730872906887
-0.961988072506489
-0.974447306366917
-0.98456575510995
-0.992244052935813
-0.997406002510858
-1
