1
0.998592226132116
0.995782747903369
0.991583782108921
0.986013845318496
0.979097974982873
0.970868010197147
0.961362920473613
0.950629168446611
0.938721090308994
0.925701276013976
0.911640929909315
0.896620191537982
0.88072839586774
0.864064252219575
0.846735921661278
0.828860973617693
0.810566203914265
0.791987298397172
0.773268328634292
0.754561068960761
0.736024127247038
0.717821885185193
0.700123247552779
0.683100203760171
0.666926208948674
0.651774395912247
0.637815633091769
0.625216447763439
0.614136837237997
0.60472799433294
0.597129976506144
0.591469350781107
0.587856848891298
0.586385068870129
0.587126260567648
0.590130233247025
0.595422423474314
0.603002160944536
0.612841168676416
0.624882332158588
0.63903876955325
0.655193231981698
0.673197859262407
0.692874312289061
0.714014298575366
0.736380502416316
0.759707925690738
0.783705639633057
0.808058942014809
0.832431908184726
0.856470318409588
0.879804938028081
0.902055121168485
0.922832703279382
0.941746142569557
0.958404865733839
0.972423769136123
0.983427823002435
0.991056723212113
0.994969533020887
0.994849255553655
0.990407277203938
0.981387622197089
0.967570959529291
0.948778305285869
0.924874365959999
0.895770471813537
0.861427053510492
0.821855620163811
0.777120202509877
0.727338231093982
0.672680826036387
0.613372482066026
0.549690139964027
0.481961643252476
0.41056358679132
0.335918571800813
0.25849188960005
0.178787663935249
0.097344489057799
0.0147306075981004
-0.0684613213321433
-0.151619807581621
-0.234120407599629
-0.315331828564343
-0.394622189742735
-0.471365369153793
-0.544947361851741
-0.614772575338568
-0.680269987772459
-0.740899095764781
-0.796155580643317
-0.845576625080416
-0.888745815905449
-0.925297573692245
-0.954921055273348
-0.977363481611466
-0.992432850372248
-1
