-1
-0.986778866111834
-0.960519337124761
-0.921584126138616
-0.870510434601507
-0.808001830179592
-0.734917614756958
-0.65225984786491
-0.561158227248574
-0.462853061523797
-0.358676599437909
-0.250033005660743
-0.13837729389977
-0.0251935441287037
0.0880272584070398
0.199809419161405
0.308714421782084
0.413362168846607
0.512451248025059
0.604777911449516
0.689253476547146
0.76491988162871
0.83096315872171
0.886724619037033
0.931709582540872
0.965593521801317
0.98822553098172
0.999629072919782
1
0.989701887324762
0.969258758842532
0.939345327937559
0.900774912882166
0.854485223888862
0.801522251704725
0.743022517243621
0.680193967189545
0.614295821428409
0.546617694248837
0.478458322244382
0.411104237579651
0.345808725663906
0.283771401304672
0.226118727172316
0.173885783058748
0.127999574204421
0.0892641422190847
0.0583477132262804
0.0357720852776313
0.0219044213268194
0.016951575690938
0.0209570415657048
0.0338005654392408
0.0552004318264521
0.0847183792930031
0.12176706692523
0.165619969890638
0.215423544162547
0.270211464460947
0.328920706558238
0.390409215832285
0.453474878781772
0.516875493546764
0.579349419626439
0.63963657620539
0.696499452959068
0.748743796994284
0.795238644694482
0.834935377599954
0.866885496895508
0.89025683135743
0.904347918406494
0.908600326831704
0.902608722332724
0.886128512761948
0.859080948264805
0.821555591813025
0.773810117263188
0.716267434393584
0.649510182707158
0.574272677468002
0.4914304318047
0.401987417127686
0.307061259962924
0.207866606033527
0.105696911507691
0.00190494631548077
-0.102117685076048
-0.204961684373917
-0.30522153000379
-0.401516940474107
-0.492513993505723
-0.576945569154542
-0.653630795674559
-0.721493192461233
-0.779577224833703
-0.827063010336999
-0.863278945278434
-0.887712052897294
-0.900015890387989
