-1
-0.997534865664819
-0.992608247050606
-0.985227671458155
-0.975404991655676
-0.96315704294757
-0.948506491105253
-0.931482847732545
-0.91212362465471
-0.890475594496413
-0.866596120839661
-0.840554518306639
-0.812433400659785
-0.782329973604215
-0.750357228452173
-0.716644993186651
-0.681340798746319
-0.64461052053515
-0.606638758209705
-0.567628920671647
-0.527802987833812
-0.487400926062282
-0.446679740138105
-0.405912151032935
-0.365384895644705
-0.325396651776259
-0.286255598938556
-0.248276632893305
-0.2117782590879
-0.177079197148369
-0.144494735255734
-0.114332879414029
-0.0868903482066874
-0.0624484685229891
-0.0412690318188689
-0.0235901736696441
-0.00962234160284459
0.000455582591168069
0.00649993972708396
0.00840566387024344
0.00610930339896254
-0.000408367750690086
-0.0111202047061245
-0.0259510629945376
-0.044776731292999
-0.0674234632686362
-0.0936681383849349
-0.123239073080092
-0.155817494703728
-0.19103968116014
-0.228499759488975
-0.26775314676379
-0.308320606855576
-0.349692886943935
-0.391335888314995
-0.432696317110931
-0.473207752434745
-0.512297061701872
-0.549391086493437
-0.583923516519359
-0.615341864743845
-0.643114453346753
-0.666737318060743
-0.685740937586623
-0.699696695279862
-0.708222982131765
-0.710990853231554
-0.707729154362483
-0.698229041108352
-0.682347819759327
-0.660012047322172
-0.631219836957212
-0.596042325063769
-0.554624266884599
-0.507183738752874
-0.45401093680691
-0.395466073984947
-0.331976389215616
-0.264032294767402
-0.192182699539687
-0.117029557498182
-0.0392217013128356
0.0405519686125149
0.121569860271821
0.203085543656565
0.284335987019286
0.364550075129113
0.442957304314429
0.518796545961016
0.591324768465796
0.659825607467669
0.723617675498017
0.782062505002486
0.834572022949597
0.880615460906528
0.919725611453486
0.951504350031959
0.975627350667207
0.991847934343513
1
