0.140986317562582
0.143275710674859
0.147785304908602
0.154377983912255
0.162851221282315
0.172940799984521
0.184325675373668
0.196633901338632
0.209449521432298
0.222320310755912
0.234766240113237
0.246288521761486
0.256379086160561
0.264530331620562
0.270244983792351
0.273045899619142
0.272485650708601
0.268155724092523
0.259695183969699
0.246798646190603
0.229223427812625
0.206795746866437
0.17941586232599
0.147062060932795
0.109793415726245
0.0677512605881285
0.0211593455128747
-0.0296773416579171
-0.0843750799813399
-0.142475218316321
-0.203449227180503
-0.266704930196881
-0.331593826647469
-0.39741939887954
-0.463446282170044
-0.528910160404469
-0.593028238797241
-0.655010135067816
-0.714069023149718
-0.769432858769628
-0.82035551417019
-0.866127649901036
-0.9060871549626
-0.939628992608533
-0.96621429770494
-0.985378582577525
-0.99673892158167
-1
-0.994958930069002
-0.981508755693308
-0.959640587431244
-0.929444330315614
-0.891107988681479
-0.844915554069859
-0.791243504119638
-0.730555961806959
-0.663398585105276
-0.590391276794509
-0.51221982243507
-0.429626581154034
-0.343400368603893
-0.254365684017024
-0.163371443492085
-0.0712793893502299
0.0210476495338197
0.112757469169525
0.203019996804497
0.291038418496608
0.376059760064039
0.457384762044635
0.534376900250292
0.606470416769258
0.673177241643223
0.734092702687158
0.788899939759526
0.837372959934551
0.879378291162151
0.914875213794679
0.943914571471987
0.96663618494168
0.983264914104188
0.994105434572539
0.999535814995767
1
0.995999320561175
0.988083168672155
0.976838986069017
0.962881727334246
0.94684296573296
0.929359815536239
0.911063847258326
0.892570172140062
0.874466869350858
0.857304923800558
0.841588834238267
0.827768040596385
0.816229306482743
0.807290177536713
0.801193619284591
0.798103919423331
