0.451826119387288
0.44495251508941
0.431338426523195
0.411247798725908
0.385070849434574
0.35331733435527
0.31660774079464
0.275662554575048
0.231289776955474
0.184370897232149
0.135845552328012
0.0866951265836817
0.0379255627793693
-0.00945033114294314
-0.0544307863448321
-0.0960428909327883
-0.133360024679381
-0.165518619451647
-0.191733964423042
-0.211314789960795
-0.223676383230621
-0.228352011744091
-0.225002457924188
-0.213423497856594
-0.193551190250348
-0.165464876729637
-0.12938783135979
-0.0856855351888089
-0.0348615899564718
0.0224486766271899
0.0854868241155098
0.153382004970164
0.225163602250106
0.299775607177418
0.376092515593397
0.452936496945076
0.529095567928054
0.603342485607743
0.674454062033316
0.741230594261089
0.802515100456986
0.857212054414141
0.90430531738728
0.942874977517743
0.972112823133416
0.991336196613842
1
0.997706651722871
0.984213825288051
0.959439834995673
0.92346657026158
0.876539918266129
0.819067653892988
0.751614815615482
0.674896625517688
0.589769050378337
0.497217138085677
0.398341298999839
0.2943417346752
0.18650124607726
0.0761666796025953
-0.0352707085825703
-0.146395671487148
-0.25578986185745
-0.362052874255887
-0.463823115095169
-0.55979817864723
-0.648754413652015
-0.729565376689875
-0.801218884782101
-0.862832400501626
-0.913666507893541
-0.953136266340105
-0.980820261714208
-0.996467209252249
-1
-0.991517121863635
-0.97129142662523
-0.939766255131167
-0.897548973597865
-0.845402013967719
-0.784231549865921
-0.715073976353209
-0.639080395768291
-0.557499342973288
-0.471658010770481
-0.382942259718072
-0.292775715668142
-0.202598272780371
-0.113844329301927
-0.0279210878949019
0.053812748336314
0.130067558708245
0.199642352074259
0.261442979191727
0.314498731600463
0.357977072847526
0.391196276402923
0.413635776614282
0.424944074051338
