0.202765901561498
0.198283960448741
0.189413628113063
0.176340291802501
0.159337780281718
0.138763342642972
0.115051087518885
0.0887039948212582
0.0602846366584733
0.0304047663605156
-0.000286045803408297
-0.0311125349206471
-0.0613864129669057
-0.0904193707655374
-0.117536185157561
-0.142087703492282
-0.163463478661466
-0.181103832789427
-0.194511136285968
-0.203260101137067
-0.20700690285993
-0.205496964239159
-0.1985712554931
-0.18617098955047
-0.168340617262848
-0.145229055218745
-0.117089107911853
-0.0842750758800278
-0.0472385715896223
-0.00652259480235184
0.0372460515584681
0.0833658959068859
0.131071347226244
0.179544498962978
0.227928005534648
0.275338830256505
0.320882647493286
0.363668669268157
0.40282465762749
0.437511878929271
0.466939754995201
0.490379968780589
0.507179788847725
0.516774387390825
0.518697940705605
0.512593318616689
0.49822019020785
0.475461396927963
0.444327470406782
0.404959200704829
0.357628190801234
0.302735364424146
0.240807426361223
0.172491306650042
0.0985466520319438
0.0198364592520568
-0.0626840252919713
-0.147979986886906
-0.23495112620521
-0.322446943419406
-0.40928300045215
-0.494257922095084
-0.576170883357965
-0.653839320881725
-0.726116600731477
-0.791909373482426
-0.850194350263367
-0.900034240304897
-0.940592601463507
-0.971147370006482
-0.991102854432701
-1
-0.99752475560589
-0.983514402351493
-0.957961733091662
-0.921017004083992
-0.872987613012404
-0.81433549167176
-0.745672235938376
-0.66775202979105
-0.581462453563473
-0.487813298786997
-0.387923542425737
-0.28300666154276
-0.17435449502839
-0.0633198815711992
0.0487016777932259
0.160291068761871
0.270025049159305
0.376495887940335
0.478330871942454
0.574211395681076
0.662891354922055
0.743214574422161
0.814131013958234
0.874711514365996
0.924160866517078
0.961829010658844
0.987220200956866
1
