-1
-0.998957247325545
-0.99682686190213
-0.993520172331851
-0.988906873425493
-0.982818212912855
-0.975051148765637
-0.965373400594914
-0.953529301908567
-0.939246344916767
-0.922242296313456
-0.902232751266807
-0.87893898391561
-0.852095946148631
-0.821460262457367
-0.786818067275181
-0.747992532480221
-0.704850936635195
-0.657311134009831
-0.605347290384951
-0.548994763932587
-0.488354022927645
-0.423593507460023
-0.354951359436031
-0.282735963709337
-0.207325262865257
-0.129164828678587
-0.048764694240636
0.0333050281375857
0.116419697238798
0.199906795118217
0.283053595346122
0.365115743281105
0.445326627634619
0.522907407689992
0.597077547706006
0.667065699490282
0.732120766058775
0.791522973853848
0.844594778282102
0.890711427418841
0.929311011628311
0.959903832542639
0.982080933257488
0.995521642625167
1
0.995389942520405
0.98166915476417
0.958921500121809
0.927337974201662
0.887216142689422
0.838958048993745
0.783066600363791
0.720140464600511
0.650867532634231
0.576017024742408
0.49643033967718
0.413010766120527
0.32671219436257
0.23852698260761
0.149473146583796
0.0605810529304986
-0.0271201940356345
-0.112616476276599
-0.194922297456018
-0.273094130230392
-0.34624327850021
-0.413548063412725
-0.474265150547164
-0.527739847173881
-0.573415212600627
-0.610839841198742
-0.639674196498433
-0.659695395478624
-0.670800364545766
-0.673007312363666
-0.666455489307983
-0.651403228503874
-0.628224288782744
-0.59740254507926
-0.559525096399698
-0.515273885151884
-0.465415943973426
-0.410792406885952
-0.35230644032003
-0.290910266009387
-0.227591461688778
-0.163358736729943
-0.0992273881386386
-0.0362046475805005
0.0247248677811021
0.0826133889046237
0.136563705427165
0.185742152948901
0.229390687140768
0.266837867920112
0.297508592737656
0.32093243623231
0.336750473866391
0.344720489348116
