1
0.994693088291454
0.984113957776049
0.968331703037943
0.947449240696847
0.921602446886776
0.890959020116735
0.855717080384878
0.816103517917779
0.772372107265083
0.724801404672338
0.673692448658641
0.619366285520202
0.562161343048134
0.502430677073105
0.440539116518331
0.376860333445912
0.311773865113014
0.245662115310167
0.178907362233324
0.111888799846864
0.0449796391318795
-0.0214557052087651
-0.0870643180886947
-0.151507354226155
-0.214462453513628
-0.275625981625623
-0.334715077825874
-0.391469493996949
-0.445653211110523
-0.497055821660398
-0.545493668967122
-0.590810736706402
-0.632879284487036
-0.671600227781409
-0.706903262966619
-0.738746740641929
-0.767117292723916
-0.792029221061529
-0.813523657437589
-0.83166750681116
-0.846552187488755
-0.858292183575614
-0.867023426537503
-0.872901523987407
-0.876099854891001
-0.876807551253477
-0.87522738700397
-0.871573595231028
-0.866069635143859
-0.858945930142783
-0.850437598183559
-0.840782195221615
-0.83021749193291
-0.818979303139526
-0.807299388432648
-0.795403441397705
-0.783509183621213
-0.771824578312763
-0.760546176925451
-0.749857610621563
-0.739928236825172
-0.730911949447488
-0.722946159681969
-0.716150952561877
-0.710628422769908
-0.70646219150402
-0.70371710455093
-0.702439110113217
-0.702655313390922
-0.704374203445806
-0.707586046486913
-0.712263438419072
-0.718362008299492
-0.725821263258321
-0.734565564462175
-0.74450522283904
-0.7555377025413
-0.767548919502127
-0.7804146219393
-0.794001839278778
-0.80817038570587
-0.822774404402044
-0.837663938486297
-0.852686514747473
-0.867688726422871
-0.882517801543556
-0.897023143722259
-0.911057832699541
-0.924480072481846
-0.937154575494936
-0.948953871831741
-0.959759533388609
-0.969463303452406
-0.977968123116869
-0.985189046764477
-0.991054039744369
-0.995504652302373
-0.998496564770938
-1
