0.299996090018106
0.305402345356372
0.316134592005998
0.332033387993041
0.352862270225893
0.378310951638811
0.407999513556483
0.441483534191244
0.47826008105686
0.517774483014799
0.559427786836585
0.602584793726709
0.646582563340905
0.690739266567831
0.734363263806926
0.776762282733962
0.817252568634249
0.855167881309745
0.889868215311136
0.920748124762832
0.947244540264764
0.968843973171916
0.985089011848661
0.99558402512675
1
0.998078453385216
0.989634371373334
0.974558143581527
0.95281647478252
0.924452270713132
0.889583509630311
0.84840112557167
0.801165943176187
0.748204717124981
0.689905341579425
0.626711306245914
0.559115485722603
0.487653357441464
0.412895750689528
0.33544123477927
0.255908258368084
0.174927154154479
0.0931321236841207
0.0111533157887893
-0.0703908907113903
-0.150901293929079
-0.229804865399016
-0.306561243573507
-0.380668640562887
-0.451669088321155
-0.519152961435384
-0.582762725454891
-0.642195872103251
-0.697207015555137
-0.747609137027913
-0.793273978029675
-0.834131595517375
-0.870169104751251
-0.901428647593093
-0.928004635204521
-0.9500403243891
-0.967723796036571
-0.98128341213447
-0.990982834497978
-0.997115693640869
-1
-0.999972391988166
-0.997382316065338
-0.992586233191263
-0.985941943682696
-0.977803118699978
-0.968514121406973
-0.958405194384122
-0.947788082245192
-0.9369521497506
-0.926161046176498
-0.915649956454389
-0.905623468816912
-0.896254077554994
-0.887681328197689
-0.880011601158254
-0.873318518835868
-0.867643950505154
-0.862999579240528
-0.859368985774402
-0.85671019572904
-0.85495862922774
-0.854030385600286
-0.853825790849155
-0.854233131814459
-0.85513249862212
-0.856399656053558
-0.857909864944327
-0.859541576588346
-0.861179926354712
-0.862719957253902
-0.86406950993613
-0.865151722463168
-0.865907091043872
-0.866295051624459
