-1
-0.993092989420469
-0.979357023831489
-0.958947066786955
-0.932092712623706
-0.899094815304817
-0.860321076088234
-0.816200659088535
-0.767217918992534
-0.71390533904806
-0.656835789750159
-0.596614229205356
-0.533868974795263
-0.469242682349074
-0.403383173465966
-0.336934253833097
-0.27052666532796
-0.204769312376278
-0.140240898495413
-0.0774821022603436
-0.0169884131911167
0.0407962625842864
0.0954851294203247
0.1467530784501
0.194340244784106
0.238054493630711
0.277772800499175
0.313441508334668
0.345075462389508
0.372756041570425
0.396628122633254
0.416896030643531
0.433818545313197
0.447703047902135
0.458898907098731
0.467790214447077
0.474787990276253
0.480321989543074
0.484832243388578
0.48876047642754
0.492541541771119
0.496595015492511
0.50131708968726
0.507072898492743
0.514189404489765
0.522948963921777
0.533583678275104
0.546270627138256
0.56112806309886
0.578212633966559
0.597517681073857
0.618972645065915
0.642443592719254
0.667734860211458
0.694591790186613
0.72270452221146
0.751712779077104
0.781211575143561
0.810757757808292
0.839877279446772
0.868073085042611
0.894833490391499
0.919640917393877
0.941980846681197
0.961350843752837
0.977269513003062
0.989285234522255
0.996984541360087
1
0.998017464038734
0.990782580381175
0.978106438506575
0.959870266363604
0.936029091007326
0.90661429797499
0.871735040362201
0.831578466342258
0.786408752191367
0.736564946454965
0.682457649424639
0.62456457030087
0.563425022008583
0.499633430333956
0.43383194959987
0.366702291248832
0.298956884233488
0.231329496827837
0.164565458197647
0.0994116246677361
0.0366062399912412
-0.0231311590086883
-0.0791096403258986
-0.130676429694579
-0.177225974959645
-0.218208385430252
-0.253137118991137
-0.281595800956272
-0.303244071657315
-0.317822374364495
-0.325155611113754
