1
0.992546654634266
0.977741375260418
0.955785393415071
0.926976603846905
0.891704892137737
0.850446021471564
0.803754176107841
0.752253280557598
0.696627233007937
0.637609208880202
0.575970205263193
0.512507009098021
0.448029781211654
0.383349454454166
0.319265147191218
0.256551793189481
0.195948185510793
0.138145625454022
0.0837773579551544
0.0334089623279776
-0.0124701480021372
-0.0534539808094011
-0.0892258593327893
-0.119562861140715
-0.144338730497727
-0.16352521754423
-0.177191822772479
-0.185503950818066
-0.188719503079753
-0.187183963726132
-0.18132405784634
-0.171640083468338
-0.158697040535535
-0.143114699359615
-0.125556768243448
-0.106719334617571
-0.0873187659214931
-0.0680792653950023
-0.0497202837795993
-0.0329439905698197
-0.0184230078529096
-0.0067886059386878
0.00138044703363693
0.00556819941113718
0.00533082516607375
0.000304774472858149
-0.00978636948080192
-0.0251264422886843
-0.0458027513403115
-0.0718036989283055
-0.103018019442958
-0.139235649021217
-0.180150220047423
-0.225363147000649
-0.274389244718064
-0.326663795598102
-0.381550958990525
-0.438353394382404
-0.496322950333854
-0.554672253758373
-0.612587019357349
-0.669238887044007
-0.723798586221999
-0.775449219964063
-0.823399459563527
-0.866896440651387
-0.905238156078339
-0.937785147996536
-0.963971311931397
-0.98331363895159
-0.995420738120809
-1
-0.996863282775365
-0.985931025292854
-0.967234715530641
-0.940917668459566
-0.90723409343112
-0.866546457784362
-0.819321179862047
-0.766122710657632
-0.707606088471091
-0.644508074838216
-0.577637002240669
-0.507861484353052
-0.436098157520439
-0.36329863750262
-0.290435888027799
-0.218490207170864
-0.148435043859003
-0.0812228598098446
-0.0177712518747315
0.0410504539049159
0.0944339321622882
0.141643717738639
0.182028013762525
0.215028283094311
0.240187476464043
0.257156771418769
0.265700718939996
