-0.500026243006938
-0.505535893752687
-0.516443025992205
-0.532525114013404
-0.553452872781588
-0.578795582975563
-0.60802806035837
-0.640539160110197
-0.675641682654997
-0.712583525506017
-0.750559906083141
-0.78872646362292
-0.826213034473639
-0.862137884458788
-0.895622174768598
-0.925804434113303
-0.951854809701238
-0.97298887299176
-0.988480763063391
-0.997675460722978
-1
-0.99497344020909
-0.982215441063446
-0.961453305079282
-0.932527375385226
-0.895394702666444
-0.850130921929414
-0.796930307647418
-0.736104004202332
-0.668076456931093
-0.593380097071053
-0.512648361039528
-0.426607150354946
-0.336064862705914
-0.241901146822735
-0.145054553557954
-0.0465092726310914
0.0527188414271316
0.151596739702148
0.249088923726434
0.34417223867649
0.435850488359466
0.523168648409596
0.605226460596604
0.681191201010528
0.750309427972181
0.811917531617171
0.865450925958476
0.910451745549294
0.946574932307172
0.973592623252092
0.991396776457902
1
0.999534576669791
0.990249705278148
0.972507007045148
0.946774372437467
0.913618249446837
0.87369449830176
0.827737959594967
0.776550902447939
0.720990536315489
0.661955784094463
0.600373525124024
0.537184524283289
0.473329267590239
0.409733925423023
0.347296661714787
0.286874501265544
0.229270957772364
0.175224612458544
0.125398817489446
0.0803726799500226
0.0406334613225603
0.00657050447623786
-0.0215292244707667
-0.043483918037404
-0.0592179985331361
-0.0687614713844124
-0.0722475809800839
-0.0699088164389036
-0.0620713409475162
-0.0491479433343873
-0.0316296339377056
-0.0100760282232204
0.0148953193268773
0.0426204521015505
0.0724012265336427
0.103518002632784
0.135242599788352
0.166851303966777
0.197637712078803
0.226925202383268
0.254078826272387
0.278516426543654
0.299718800147091
0.317238739196026
0.330708802490905
0.339847690632229
0.344465120657069
