-1
-0.994637414136346
-0.983946593853146
-0.967995946452802
-0.94688734693845
-0.920755263277971
-0.889765603993062
-0.854114299784397
-0.814025633576746
-0.769750335875506
-0.721563464640194
-0.669762090975053
-0.614662813788915
-0.556599128165835
-0.495918673497809
-0.432980388448014
-0.368151600527621
-0.301805078475546
-0.234316075726314
-0.166059393038255
-0.0974064878378814
-0.0287226570256439
0.0396356811042022
0.107323581535196
0.174010021102651
0.239380180111479
0.303137538170908
0.365005767625448
0.424730410314237
0.482080325860733
0.536848902250965
0.588855022070139
0.637943780402994
0.683986953031758
0.726883216156501
0.766558121386577
0.802963832180594
0.836078630219658
0.865906202360053
0.892474720805108
0.915835730942165
0.936062862892752
0.953250384208223
0.967511612298817
0.978977206103366
0.987793357185485
0.994119900878576
0.998128368298087
1
0.999923741796987
0.99809424275833
0.994709874729341
0.989970791825452
0.984077047302445
0.977226783995895
0.969614513179864
0.961429495238181
0.952854233993038
0.944063094917245
0.935221055790642
0.926482596669796
0.917990734344736
0.909876204777781
0.902256795377073
0.895236827369447
0.888906787020572
0.88334310301979
0.878608066015926
0.874749885069673
0.871802874687007
0.869787765123399
0.868712127805147
0.868570907004636
0.869347048331351
0.87101221415866
0.873527575794586
0.876844672017965
0.880906323533188
0.885647592939262
0.890996779953159
0.896876441863554
0.903204429508265
0.909894929456063
0.916859503519412
0.924008117217907
0.931250149341312
0.938495375315363
0.945654917642665
0.952642157265446
0.959373600268142
0.96576969489811
0.971755594425788
0.977261861886076
0.982225113236678
0.986588595933848
0.990302700360038
0.993325401941156
0.99562263216451
0.997168577053963
0.997945901979685
