0.0721369039953415
0.0774846436303742
0.0881154367759411
0.103900784751015
0.12465011064042
0.150113328939565
0.179984212858178
0.21390450996156
0.251468745920211
0.292229646147008
0.335704096176825
0.381379553921513
0.428720820529761
0.477177071592427
0.526189046933562
0.575196295266509
0.623644369600537
0.670991870459472
0.716717236698725
0.760325187935999
0.8013527282758
0.839374628018544
0.874008308290855
0.904918062885069
0.931818561906475
0.954477592935604
0.972718007146892
0.986418850002051
0.995515668567686
1
0.999918058101844
0.995368646898853
0.986500341716947
0.97350798909667
0.956628586885164
0.93613661485221
0.912338894046862
0.885569059727808
0.856181737965889
0.824546519854426
0.791041829618071
0.756048783753041
0.719945137653555
0.683099413998066
0.645865303524308
0.60857642377765
0.571541515057174
0.535040145213781
0.49931898629806
0.464588716453396
0.431021590056785
0.398749708093135
0.36786400928479
0.338413990769574
0.310408155314283
0.283815170353552
0.25856571274133
0.234554962173594
0.211645695958193
0.189671928331986
0.168443029004407
0.147748248172779
0.127361569022584
0.107046803790961
0.0865628459083128
0.0656689885935444
0.0441302195928648
0.0217224025265894
-0.00176274247361929
-0.0265129425331027
-0.052691038941
-0.0804310897069271
-0.109834972902497
-0.140969547512511
-0.173864419214608
-0.208510348455886
-0.244858327563864
-0.282819342589501
-0.322264824310254
-0.36302778150339
-0.404904598416257
-0.447657467490858
-0.491017418019611
-0.534687891683887
-0.57834880701286
-0.621661046839579
-0.66427129595132
-0.705817150441599
-0.745932415862005
-0.784252508213056
-0.820419870152316
-0.854089314560523
-0.884933208794999
-0.912646415553566
-0.936950910228802
-0.957599999886657
-0.974382075469705
-0.987123836398311
-0.995692935300048
-1
