1
0.993893135305665
0.981716423434746
0.963543690295893
0.939485152600338
0.909686793152902
0.874329531058327
0.833628189602939
0.787830265332605
0.737214502652666
0.6820892791294
0.622790807579111
0.559681161991813
0.493146135351279
0.423592938479123
0.351447750142773
0.277153129818274
0.201165305679344
0.12395135158227
0.0459862680182472
-0.0322500168050138
-0.110275708429455
-0.187610251724389
-0.263777461093874
-0.33830865487432
-0.410745772634519
-0.480644453371826
-0.54757705203038
-0.611135571369586
-0.670934486002209
-0.726613435418174
-0.777839763027447
-0.824310878705673
-0.865756423019386
-0.901940212250477
-0.932661944535528
-0.957758648884954
-0.977105860545729
-0.990618508112727
-0.998251499966019
-1
-0.995899385196245
-0.986024880353233
-0.97049086819686
-0.949449876127166
-0.923091243977291
-0.89163948033622
-0.855352318181164
-0.814518483740831
-0.769455195628274
-0.720505414302266
-0.668034864799544
-0.612428858388051
-0.554088941285407
-0.493429400831333
-0.430873661463409
-0.366850604491369
-0.301790846968008
-0.236123015890555
-0.170270054514925
-0.104645597711087
-0.0396504530201166
0.0243307766132064
0.0869328935645215
0.147813096363443
0.206653729213511
0.263164761087638
0.317085967967041
0.368188794810877
0.416277877172381
0.461192205979531
0.502805922834461
0.54102873721274
0.57580596111471
0.607118160987556
0.634980431047704
0.659441296436502
0.680581258885308
0.698511001696525
0.713369274813125
0.725320484500659
0.734552015654546
0.741271317926673
0.745702789697185
0.748084496362417
0.748664761435075
0.747698670530333
0.745444529418921
0.742160317948977
0.738100181762016
0.733511003350458
0.728629093126907
0.72367703980734
0.718860757566079
0.714366765120982
0.710359729179278
0.706980301550213
0.704343275747612
0.70253608510562
0.701617660360544
