-1
-0.99374812737721
-0.981321348266432
-0.96287239027693
-0.938627352677725
-0.908882170126172
-0.873997987205497
-0.834395518682078
-0.790548486830841
-0.742976242141945
-0.692235686972288
-0.638912633026905
-0.583612732764766
-0.526952131771015
-0.469547993710102
-0.412009051595992
-0.354926338750749
-0.298864249974857
-0.244352078165404
-0.191876163974338
-0.14187278621901
-0.0947219087978025
-0.0507418860147191
-0.0101852126990505
0.026764611432905
0.059995051816955
0.0894653110751118
0.115205890147838
0.13731694538161
0.15596546811054
0.171381332563477
0.183852276520917
0.193717896738973
0.201362757466064
0.207208725137159
0.211706655300081
0.215327568796382
0.218553463005018
0.221867910414359
0.22574660080777
0.230647984859358
0.237004175908929
0.245212263128165
0.255626183253614
0.268549289635641
0.284227746663906
0.30284486484303
0.324516477104745
0.349287440583269
0.377129330304327
0.407939372323813
0.44154064409656
0.477683549570607
0.516048556007956
0.556250159153705
0.597842023435175
0.640323224688515
0.683145504788514
0.725721430788219
0.767433336027971
0.807642907393352
0.845701271704103
0.880959425285046
0.912778844253608
0.9405421090677
0.963663375483676
0.981598525307579
0.993854834173611
1
0.999670384662463
0.992578332658409
0.978518443942944
0.957372693498578
0.929114307320488
0.893810323097195
0.851622783657543
0.80280853193471
0.74771759744813
0.686790185796279
0.620552304054727
0.54961007595275
0.474642820932248
0.396394990359724
0.315667071966828
0.233305589759065
0.150192340902517
0.0672330232505209
-0.0146545829856143
-0.0945527085416832
-0.171555787709661
-0.244782572449922
-0.313387990776659
-0.376574575452685
-0.433603294945025
-0.483803627069628
-0.526582726665181
-0.561433551817717
-0.587941828409378
-0.605791749854509
-0.61477032755337
