0.856228517527842
0.85553236873662
0.854157387879656
0.852137897334369
0.849524607864424
0.846383704849606
0.84279565235638
0.838853733831084
0.834662352345841
0.830335117122935
0.825992746448341
0.821760820007321
0.817767416089781
0.814140670983405
0.811006299169803
0.808485113643473
0.80669058577442
0.805726483631748
0.80568462658517
0.806642792321548
0.808662810180198
0.811788871958357
0.816046088109446
0.821439313601286
0.827952263675565
0.835546935415482
0.844163346452209
0.85371959739277
0.864112259704893
0.875217085922504
0.886890034213119
0.898968594649038
0.911273400019417
0.923610099778236
0.93577147180822
0.947539743151725
0.958689087769521
0.968988266783236
0.978203374575516
0.986100652593898
0.992449331751802
0.997024463955581
0.999609703513968
1
0.998004165521123
0.993447281287376
0.986172910818657
0.976045090060541
0.962950068037162
0.946797775406016
0.92752300233421
0.905086271425186
0.879474395921813
0.850700718026121
0.818805026836338
0.78385316003637
0.745936298010273
0.70516996342532
0.661692743465383
0.615664755739279
0.567265882378613
0.51669379992498
0.464161835241786
0.409896679833629
0.354135996586034
0.297125954028642
0.239118723762596
0.180369976673403
0.121136412978645
0.0616733600484975
0.0022324703080725
-0.0569404505863206
-0.115607457672311
-0.173540298056767
-0.230522038419074
-0.286348470948619
-0.340829283890025
-0.393788986911832
-0.445067585664685
-0.494521004085689
-0.542021257168214
-0.587456380983394
-0.630730130645391
-0.671761460594228
-0.710483804969014
-0.746844178906489
-0.780802124276869
-0.812328525619093
-0.841404323826083
-0.868019156430505
-0.892169954133915
-0.913859523496407
-0.93309514545813
-0.949887218604693
-0.964247974830628
-0.976190293321802
-0.98572663659997
-0.992868129788661
-0.997623801314251
-1
