-0.244100269330064
-0.235310545497263
-0.217853669535163
-0.191973116908391
-0.158029954532381
-0.116497930897863
-0.0679570379740553
-0.0130856357579567
0.0473487494722766
0.112499823579263
0.181453973378967
0.253242605035636
0.326855199057387
0.401252899261739
0.475382446092263
0.548190260436574
0.618636482677232
0.685708773113595
0.748435684094992
0.805899421132742
0.857247819798926
0.901705377223097
0.938583191277707
0.967287676878501
0.987327946967625
0.998321765418033
1
0.992209525368442
0.974914548435576
0.948196351151683
0.912251468289997
0.867388339985077
0.814022500180906
0.752670382491391
0.683941843965824
0.608531524611158
0.527209176003717
0.440809105707278
0.350218895317402
0.256367558624315
0.16021331251731
0.0627311367706571
-0.0350997002770915
-0.132307974902725
-0.227942529140253
-0.321083815837547
-0.410854812801356
-0.496431162635524
-0.577050408323863
-0.652020209846941
-0.720725443900728
-0.782634106832359
-0.837301959934525
-0.884375875942323
-0.923595865643967
-0.954795783635464
-0.977902732106622
-0.992935200835904
-1
-0.999288059692106
-0.991069185932261
-0.975685877209593
-0.953546318013365
-0.925116676211645
-0.890912839380888
-0.85149173117001
-0.807442352428626
-0.759376693109054
-0.707920659871567
-0.65370516092596
-0.597357484010628
-0.539493095659092
-0.480707980182569
-0.42157162528601
-0.362620748141437
-0.304353841298517
-0.247226602269841
-0.191648294255664
-0.137979068549374
-0.0865282619775678
-0.0375536655662112
0.00873825622636071
0.0521912326284231
0.0926971923450235
0.130193474627777
0.164659325178807
0.196111767837813
0.224600952662926
0.250205088793384
0.273025076256093
0.29317895456382
0.310796287500497
0.326012602885533
0.338964003376993
0.349782059571464
0.358589089879936
0.365493923030317
0.37058822872575
0.373943490159287
0.375608678960483
