1
0.991775900168737
0.97541681427264
0.951099803131676
0.919087557738477
0.879724965053985
0.833434605136893
0.780711243355951
0.722115395581832
0.658266057249905
0.589832698835596
0.517526640419326
0.442091926490174
0.364295828824133
0.28491911007827
0.204746183599408
0.124555305817545
0.0451089364724306
-0.0328556011707725
-0.108635032971943
-0.181568499136417
-0.25104526028688
-0.316511642840525
-0.37747713375406
-0.433519547565191
-0.484289202584656
-0.529512057864674
-0.568991777962546
-0.602610708298386
-0.630329759834702
-0.652187217642781
-0.66829650342894
-0.678842937040828
-0.684079556138272
-0.684322066385258
-0.679943006506695
-0.671365223181496
-0.659054759859998
-0.643513271070273
-0.625270079511955
-0.604873997152423
-0.582885033591531
-0.559866115129592
-0.536374936270055
-0.51295606185313
-0.490133392717604
-0.468403100820047
-0.448227131223743
-0.430027358447587
-0.414180473502218
-0.40101366571983
-0.390801150403371
-0.383761579590803
-0.38005635906992
-0.379788880413506
-0.383004662459879
-0.389692382564773
-0.399785764316544
-0.413166275448481
-0.429666577598471
-0.44907465854094
-0.471138567714715
-0.495571667438633
-0.522058305266919
-0.550259807586914
-0.579820690874859
-0.610374985046408
-0.641552563085253
-0.672985372595466
-0.704313468063767
-0.735190747372552
-0.765290302383584
-0.794309301101951
-0.821973327894468
-0.848040118320342
-0.872302636161877
-0.89459145203177
-0.914776395282688
-0.932767463647409
-0.948514987882614
-0.962009061463579
-0.973278257870098
-0.982387670010935
-0.989436317658927
-0.994553979227347
-0.997897513641352
-0.999646746294679
-1
-0.999169357332294
-0.997375744742926
-0.99484393122787
-0.991797535132674
-0.988454131862144
-0.985020552853704
-0.981688462215821
-0.978630291997997
-0.975995610242365
-0.9739079878873
-0.972462421389723
-0.971723357762801
