1
0.992309265952597
0.977008823480906
0.954259652794782
0.924300562042093
0.887445035664305
0.844077103106173
0.794646287282415
0.739661705366491
0.679685406541551
0.615325042160911
0.547225973144565
0.47606292725023
0.402531324987611
0.327338397303729
0.251194220693255
0.174802796046821
0.0988532963366813
0.0240116051757187
-0.0490877365761311
-0.119849065566142
-0.187722509669774
-0.252210187969231
-0.312871615300915
-0.369328241868035
-0.421267071575243
-0.468443316675758
-0.510682060813539
-0.547878917371702
-0.579999684976914
-0.607079016830423
-0.629218135014692
-0.646581634841445
-0.659393437452694
-0.667931961064129
-0.672524592268922
-0.67354154853649
-0.671389231303319
-0.666503175742365
-0.65934070831982
-0.650373426535057
-0.640079616750519
-0.628936725740105
-0.617413999531832
-0.605965399335448
-0.595022898897202
-0.584990260606565
-0.576237379211999
-0.569095272225475
-0.563851785168778
-0.560748067916406
-0.559975865712191
-0.561675655182881
-0.565935642053504
-0.572791623502364
-0.58222770439578
-0.594177843229317
-0.608528190683443
-0.625120171478187
-0.643754248872841
-0.664194300877202
-0.686172528177138
-0.709394806065949
-0.733546386428913
-0.758297851142014
-0.783311215183053
-0.808246076353242
-0.832765708782882
-0.856542999331605
-0.879266129551365
-0.900643910992495
-0.920410688208671
-0.938330731741493
-0.954202052504264
-0.967859579183113
-0.97917765136119
-0.988071792863824
-0.994499742124156
-0.99846172897734
-1
-0.999197607112539
-0.99617648644979
-0.991094866280743
-0.984144053830052
-0.97554466104395
-0.965542338487277
-0.954403094510067
-0.942408283454895
-0.92984935188507
-0.917022435517271
-0.904222901683642
-0.891739932696485
-0.879851244438344
-0.868818031872523
-0.858880229010486
-0.850252165254843
-0.843118693055093
-0.837631853585475
-0.833908137818037
-0.832026390075101
