0.379626972785417
0.383821847825638
0.392154511895083
0.404511589819685
0.42072499912758
0.44057429345158
0.463789732698383
0.490056034455656
0.519016751045928
0.550279207424014
0.583419926892572
0.617990464503717
0.653523562130914
0.689539534623452
0.725552793264279
0.761078410987718
0.795638633501712
0.828769241602286
0.860025672545756
0.888988812314974
0.915270375915668
0.938517799383927
0.958418574872602
0.974703968892318
0.987152073375376
0.995590149558309
0.999896235580255
1
0.995882834968988
0.987577194382072
0.975165193783045
0.958776499951266
0.938585548767373
0.914808139986076
0.887697466779103
0.85753964621043
0.824648824043269
0.789361933344775
0.752033191159556
0.713028420996191
0.672719290962507
0.631477558067337
0.589669408473154
0.547649981351673
0.505758160501521
0.464311713092794
0.423602848887597
0.383894266147056
0.345415742290003
0.308361318348061
0.272887116511332
0.239109819734304
0.207105831637875
0.176911123971257
0.148521767861051
0.121895134148814
0.0969517374752851
0.0735776885768684
0.0516277096779425
0.0309286590411237
0.0112835028143532
-0.00752433458837831
-0.0257263161101061
-0.0435639127732794
-0.0612835818698997
-0.0791316869272976
-0.097349444336308
-0.11616798074154
-0.135803583156741
-0.156453220319737
-0.178290409099673
-0.20146149389263
-0.226082399987278
-0.252235913963839
-0.27996953543655
-0.309293935004155
-0.34018204328776
-0.372568785572017
-0.406351465991116
-0.441390794585813
-0.477512540072183
-0.514509780975297
-0.552145718054877
-0.590157001840749
-0.628257520749258
-0.666142587800808
-0.703493457522098
-0.739982099296689
-0.775276149308449
-0.809043960369328
-0.840959667380121
-0.87070818596415
-0.897990062941131
-0.922526099752537
-0.944061673670222
-0.962370686555889
-0.977259077009918
-0.988567838855532
-0.996175496933129
-1
