-1
-0.987776203291843
-0.963484583945176
-0.927434907855177
-0.88008640029743
-0.82204132688346
-0.754036582115563
-0.676933408912545
-0.591705399786757
-0.499424955385547
-0.40124839849035
-0.298399960958159
-0.192154877203146
-0.0838218304110737
0.0252749934296317
0.133813983537512
0.240494053089412
0.3440522001708
0.443280429001573
0.537041789887359
0.624285310308188
0.704059606885879
0.775524988397023
0.837963883201159
0.890789450073302
0.933552259069412
0.965944958285989
0.987804872750378
0.999114512729921
1
0.990727451585677
0.971697390717017
0.94343728375532
0.906592329217286
0.861914650334259
0.810251065455058
0.752529630693109
0.689745166235448
0.622943991425087
0.553208103903747
0.481639044619065
0.409341693275954
0.337408237821443
0.266902556829853
0.198845245292609
0.134199502462309
0.0738580852559845
0.0186315125399972
-0.0307623153023147
-0.0737069404391151
-0.109694499555651
-0.138331114935668
-0.159340464020671
-0.172565495690839
-0.177968290675216
-0.17562809248537
-0.165737563621667
-0.148597349082149
-0.124609054986976
-0.0942667740181358
-0.0581473109981291
-0.0168992809631028
0.028768731761315
0.0781007519396411
0.130306517994886
0.184574895219026
0.240087377325042
0.296031456836481
0.351613649125255
0.4060719626533
0.45868761900626
0.508795840432857
0.555795539579078
0.599157765643457
0.638432782950927
0.673255681585106
0.703350444841293
0.728532424451058
0.748709201354617
0.763879836820916
0.774132545497436
0.779640848077349
0.78065828627839
0.777511806332087
0.770593938805821
0.76035392197713
0.747287932840001
0.731928603879314
0.714834014780362
0.69657635607389
0.677730466233864
0.658862444879816
0.640518542478122
0.623214521332047
0.607425673798311
0.593577671720836
0.582038406232621
0.573110959594176
0.567027830903791
0.563946515661883
