0.810859541260999
0.81410050618558
0.820485806166012
0.829823920932755
0.841831890027823
0.856140416776722
0.8723005416906
0.889791774981726
0.908031553663456
0.926385866659684
0.944180871824105
0.960715312082162
0.975273524328423
0.987138824460433
0.995607045174344
1
0.999678647567972
0.99405573427434
0.98260770127836
0.964885653013504
0.940525198938438
0.909254997872642
0.870903854674366
0.82540624190365
0.772806144108313
0.713259149079668
0.647032738423357
0.574504758634013
0.496160083091324
0.412585504543818
0.324462926250007
0.232560947547452
0.137724965777072
0.040865940782991
-0.0570520097527534
-0.155024996451769
-0.252023521662251
-0.347007202654518
-0.438939827176709
-0.526804507629188
-0.609618697470099
-0.686448834550967
-0.756424380891373
-0.818751036867384
-0.872722919783655
-0.917733512141991
-0.95328520337449
-0.978997270092509
-0.994612163683846
-1
-0.995161173509294
-0.980227047218428
-0.955458699431941
-0.921243738559533
-0.878091227222111
-0.826624786376469
-0.767573978611737
-0.701764096719929
-0.630104508682407
-0.553575732947805
-0.473215437944506
-0.390103576853142
-0.30534688248932
-0.220062957492154
-0.135364201712963
-0.0523418216402805
0.0279498341692068
0.104508374350931
0.176397667780015
0.242761131507144
0.302833800111323
0.355952991611436
0.401567406590636
0.43924452126542
0.468676161501713
0.489682172835253
0.502212130956739
0.5063450674159
0.502287216010616
0.490367815978602
0.471033038221387
0.44483812989318
0.41243790032568
0.374575697001841
0.332071043734049
0.28580613397801
0.23671138999718
0.185750313104776
0.133903861223203
0.082154597340689
0.0314708559959278
-0.0172088253733702
-0.0629907675197252
-0.105040468131763
-0.142595955029917
-0.174979965657179
-0.201610763006029
-0.222011419377756
-0.235817423253751
-0.242782490697929
