0.604967030211946
0.607364002292181
0.612132070444006
0.619219668520718
0.628549911153144
0.640021148053182
0.65350769920528
0.668860767586318
0.68590952517388
0.704462367098174
0.724308327861666
0.745218652592138
0.766948515310009
0.789238875181829
0.81181846070295
0.834405870709319
0.856711780068863
0.878441236856233
0.899296036781875
0.918977159639907
0.937187251572936
0.95363313604085
0.968028335540473
0.980095585370623
0.989569320089122
0.996198112782025
0.999747046877134
1
0.996761819306172
0.989860367842206
0.979148421802127
0.964505399065898
0.945838900139973
0.92308604357268
0.896214579091801
0.865223763107976
0.830144982842233
0.791042117162483
0.748011624242245
0.701182348372333
0.650715040645976
0.596801590780664
0.539663970012993
0.479552887780769
0.416746167761473
0.351546851737731
0.284281042676455
0.215295501305135
0.144955013311554
0.0736395470464306
0.00174122423656597
-0.070338871316421
-0.142194019804317
-0.213415296955978
-0.283595079980659
-0.352330595339825
-0.419227474596076
-0.483903283746007
-0.545990990959815
-0.6051423375399
-0.661031077184738
-0.713356049309628
-0.761844053234533
-0.806252491498019
-0.846371752387473
-0.882027303976309
-0.913081474510933
-0.939434896871247
-0.961027598011155
-0.977839717738442
-0.989891844880909
-0.997244962768806
-1
-0.998296986599208
-0.99231381988889
-0.982264648608594
-0.96839788800218
-0.95099388268873
-0.930362238093617
-0.906838844992906
-0.880782625270015
-0.852572030254138
-0.822601325963417
-0.791276702174204
-0.759012244446664
-0.72622581002649
-0.693334849887872
-0.66075222006409
-0.628882025815191
-0.598115542098487
-0.568827253234662
-0.541371053603399
-0.516076649667109
-0.493246201624716
-0.473151240560671
-0.456029894103807
-0.442084450378056
-0.431479286448831
-0.424339183585947
-0.420748047520869
