-0.407323200335155
-0.403412370930064
-0.395604691225684
-0.383928263802848
-0.3684255983713
-0.34915402464221
-0.326186219576601
-0.299610829692482
-0.269533165033938
-0.236075937805978
-0.199380015636696
-0.159605157010124
-0.11693069467495
-0.0715561318198095
-0.023701615545722
0.0263917473222386
0.0784617657558233
0.13222526299888
0.18737842683016
0.243597436958028
0.300539390754287
0.357843543813043
0.415132876590417
0.472015992727625
0.528089348677743
0.582939808046863
0.636147507730396
0.687289016585772
0.735940761146515
0.781682686862312
0.824102117656273
0.86279777133107
0.89738388363171
0.92749438967835
0.952787108103061
0.972947870634188
0.987694538133738
0.996780843256514
1
0.997188021471995
0.98822668922396
0.973046120471742
0.951626883425808
0.924001615739012
0.89025610669503
0.850529810134325
0.805015762163255
0.753959885319756
0.697659668969628
0.636462224164908
0.570761719887442
0.500996216397692
0.427643920179077
0.351218893577894
0.272266260555011
0.191356957857345
0.109082088258875
0.0260469391931584
-0.0571352640084701
-0.13984979604698
-0.221486982484701
-0.301448782203925
-0.379155318328694
-0.454051273693504
-0.525612067367185
-0.593349730349158
-0.65681840134107
-0.715619367434326
-0.769405579600533
-0.81788557896811
-0.860826776938325
-0.898058040147204
-0.929471540011382
-0.955023835988721
-0.974736171610714
-0.988693972666259
-0.997045547491552
-1
-0.997824376717641
-0.990840079521976
-0.979418585865165
-0.963976527850379
-0.944970190482981
-0.922889497604692
-0.898251561318002
-0.871593877010804
-0.843467251302625
-0.814428554273944
-0.785033390145899
-0.755828782103221
-0.727345967171291
-0.700093395959894
-0.674550029681915
-0.651159023173753
-0.630321877733338
-0.612393141516483
-0.597675728075162
-0.586416915480104
-0.578805079457152
-0.574967204206977
