1
0.992039271142951
0.976202959112324
0.952660188311265
0.921661745327696
0.883536647346403
0.838687646621071
0.787585737928794
0.730763750711011
0.66880912113161
0.602355951347791
0.532076473707871
0.458672046203758
0.382863812183542
0.305383161970933
0.226962136574214
0.148323914061518
0.0701735174287481
-0.00681112107859949
-0.0819876101449477
-0.154756942893954
-0.224570622260952
-0.290936968145014
-0.353426519139439
-0.411676455818541
-0.465393987812442
-0.514358662991575
-0.558423573757536
-0.597515452437095
-0.63163366483688
-0.660848127872603
-0.685296193577314
-0.705178557464366
-0.720754263930681
-0.732334894907997
-0.740278040096511
-0.74498015766154
-0.746868943079069
-0.746395330747993
-0.744025257942031
-0.740231323581243
-0.735484475121743
-0.730245855586139
-0.724958939412218
-0.720042080442193
-0.715881588099168
-0.712825438721572
-0.711177718297939
-0.711193880637564
-0.713076891523678
-0.716974314841449
-0.722976381286104
-0.731115064282173
-0.741364171437652
-0.753640443475599
-0.767805636390094
-0.783669546819709
-0.800993925568454
-0.819497210068817
-0.838859993596301
-0.858731137413228
-0.878734421923383
-0.898475624515344
-0.917549905191073
-0.935549376418461
-0.952070730982003
-0.966722800973311
-0.97913392246853
-0.988958983856815
-0.995886041154527
-0.999642390874505
-1
-0.99678020319225
-0.989857589367738
-0.979163013021781
-0.964685679935857
-0.946474271957599
-0.924637091142794
-0.899341219448015
-0.870810706105788
-0.839323810546466
-0.805209344000728
-0.768842167479851
-0.730637917455437
-0.691047043028663
-0.650548249492985
-0.609641452776608
-0.568840357149767
-0.528664774671661
-0.489632809036353
-0.452253028690463
-0.417016754303385
-0.384390583871048
-0.354809274956533
-0.328669097876419
-0.306321766122648
-0.288069041086825
-0.274158097375465
-0.264777722843777
-0.260055414127098
