1
0.989150571962599
0.967576019380082
0.935523345558725
0.893359068630238
0.841564499661245
0.780729549658729
0.711545151695408
0.634794403542938
0.551342553823356
0.462125970513994
0.368140244439352
0.270427591956461
0.170063730223219
0.0681444051029596
-0.0342282441880446
-0.135959298192336
-0.235974463867858
-0.333233094504876
-0.426740649127916
-0.515560426590048
-0.598824420880481
-0.675743157634299
-0.745614387246558
-0.80783052711511
-0.861884764105572
-0.907375748065568
-0.944010827815048
-0.971607802194683
-0.990095180147717
-0.99951096512286
-1
-0.99180992894784
-0.975285851826106
-0.950863764664848
-0.919062896130553
-0.880477064489212
-0.835765192194363
-0.7856411256891
-0.730862916174676
-0.672221722859991
-0.610530503498848
-0.546612657816346
-0.481290787731581
-0.415375734148617
-0.349656043596122
-0.284888009268703
-0.22178642021373
-0.161016139701632
-0.103184619428112
-0.0488354403614391
0.00155704597504425
0.0475919199306829
0.0889447025723378
0.1253691525454
0.156697851475851
0.182841597101562
0.203787641432534
0.219596828520841
0.230399702608464
0.236391672270837
0.237827329464888
0.235014033928094
0.228304882994194
0.21809119445854
0.204794635541611
0.188859134198635
0.170742709977729
0.150909360346266
0.129821134928551
0.107930524506012
0.0856732840358898
0.0634617994894049
0.0416790971683247
0.0206735815285302
0.000754573642190559
-0.0178112924926891
-0.0348027742794721
-0.0500458001670742
-0.0634143157173779
-0.0748302035827059
-0.084262300942328
-0.0917245534246516
-0.0972733591799937
-0.10100417032801
-0.103047431263556
-0.103563944066997
-0.102739760357993
-0.100780706211947
-0.0979066521131472
-0.0943456432681395
-0.0903280069007307
-0.0860805523845757
-0.0818209772633748
-0.0777525874191495
-0.0740594329659866
-0.0709019529916145
-0.0684132121932227
-0.066695800935124
-0.0658194574960885
