-1
-0.994754299544934
-0.984295469788928
-0.96868837059698
-0.948029588862388
-0.92244660395013
-0.892096689708398
-0.857165565442098
-0.817865811029687
-0.774435063951519
-0.727134018350312
-0.67624424833209
-0.622065879512428
-0.564915134295745
-0.505121777526798
-0.443026489960248
-0.378978197447997
-0.3133313838415
-0.246443415349327
-0.178671903485438
-0.110372132802544
-0.0418945783438077
0.0264174638145704
0.0942301113927784
0.161220976653751
0.227081075908241
0.291516553097851
0.354250205396618
0.415022801498904
0.473594186054602
0.529744166532484
0.583273181598727
0.634002752851271
0.681775724413623
0.726456297427958
0.76792986886289
0.806102686235177
0.840901331808902
0.872272051556251
0.900179945620471
0.924608038198018
0.945556245641491
0.963040262170707
0.97709038286356
0.987750283583348
0.995075777191438
0.999133564804597
1
0.997759882766839
0.992505298674047
0.98433451719458
0.973350961426208
0.959662259607533
0.943379386878121
0.924615903706837
0.90348729534682
0.880110414603227
0.854603028154965
0.827083464686814
0.797670361195173
0.766482502058607
0.733638743840471
0.699258017339423
0.663459397145705
0.626362227914294
0.588086295744247
0.548752032466819
0.508480740299123
0.467394824217111
0.425618019539198
0.383275602583794
0.340494572860219
0.29740379605911
0.254134098108621
0.210818301735854
0.167591198296486
0.124589449083949
0.0819514118757156
0.0398168900898215
-0.00167319641996189
-0.0423772182365926
-0.0821533185806955
-0.120859966904463
-0.158356578423771
-0.194504192718402
-0.229166203243185
-0.262209128456509
-0.29350341430635
-0.322924257034164
-0.350352434676873
-0.375675135276133
-0.398786769648198
-0.419589756628911
-0.437995268985109
-0.453923928670594
-0.467306440792683
-0.478084156531779
-0.486209556305525
-0.491646645672217
-0.494371257803864
