1
0.993233151987579
0.979771285115983
0.959757179931717
0.933402824467258
0.900986827248587
0.862851021404826
0.819396304712175
0.771077770419779
0.718399192951329
0.661906940924589
0.602183397266105
0.53983997241962
0.475509801669883
0.409840221361667
0.343485121238703
0.277097271229452
0.211320720756471
0.146783367053273
0.0840897860662373
0.0238144153471336
-0.0335048270295294
-0.0873724099779777
-0.137340473300396
-0.183013466342591
-0.224052088963401
-0.260176492206546
-0.291168706393132
-0.316874275029712
-0.337203083795826
-0.352129384779439
-0.361691026912823
-0.365987914071965
-0.365179722391714
-0.359482917876111
-0.349167124217641
-0.33455089876075
-0.315996981647269
-0.293907089272224
-0.268716328181619
-0.240887309399734
-0.210904045840439
-0.17926571691135
-0.146480384655877
-0.113058744809323
-0.0795079940018377
-0.0463258910713461
-0.0139950861179649
0.0170222143824217
0.0462891842902113
0.0733988612096861
0.0979781291133748
0.119691160896598
0.138242290176794
0.153378290525924
0.164890049331522
0.172613632483595
0.176430744943529
0.176268600833992
0.172099224868744
0.163938214599036
0.151842999979773
0.135910643055991
0.116275226053625
0.0931048807570292
0.0665985157136251
0.0369823004833076
0.00450596782306456
-0.0305610046414857
-0.0679332720472462
-0.107313499335634
-0.148396180068571
-0.190871342517673
-0.2344280924737
-0.278757946901583
-0.323557917882481
-0.368533312136534
-0.41340021769913
-0.457887655914385
-0.501739383693665
-0.544715337843831
-0.58659272007938
-0.627166727977083
-0.666250943497405
-0.703677396676663
-0.739296327587905
-0.772975674586916
-0.804600321123421
-0.834071136939655
-0.861303852245317
-0.886227805410052
-0.908784605827131
-0.928926753865
-0.946616259242287
-0.961823297756665
-0.974524944103512
-0.984704015585125
-0.992348057896862
-0.997448499956358
-1
