-0.116796121737177
-0.119195598717052
-0.123992514558615
-0.131182475326779
-0.140758103900649
-0.152708118838611
-0.167016142954219
-0.183659272204271
-0.202606442029763
-0.223816634117426
-0.247236971549421
-0.272800754381191
-0.300425490748151
-0.330010980584211
-0.361437509891294
-0.394564213201011
-0.429227660409708
-0.465240721559096
-0.502391759409784
-0.54044419486754
-0.579136484544353
-0.618182543058852
-0.657272635210508
-0.696074755021214
-0.734236499961547
-0.771387439612835
-0.8071419687145
-0.841102625168968
-0.872863844287125
-0.90201611151969
-0.928150467295506
-0.950863309533419
-0.96976143205907
-0.984467230680631
-0.994624003184577
-0.999901265115739
-1
-0.994657760729632
-0.98365353821695
-0.966812314167325
-0.944009216941409
-0.915173202960294
-0.880290190925377
-0.839405582224219
-0.792626108200337
-0.740120953383991
-0.682122113198775
-0.618923954943856
-0.550881961857127
-0.47841065162999
-0.401980672698681
-0.322115093800343
-0.239384914469017
-0.154403836169438
-0.0678223454369785
0.0196788284744067
0.107395808516594
0.194609134892115
0.280591709278852
0.364617019993195
0.445967543864478
0.523943216031675
0.597869855823635
0.667107435412726
0.731058078081619
0.789173674732767
0.840963010694165
0.885998299902699
0.923921030122721
0.954447030903733
0.977370685395687
0.992568217800364
1
0.999711833609522
0.991835177170637
0.976586302256228
0.954264376683461
0.925248487637964
0.889993632079858
0.849025716124299
0.802935618956371
0.752372390049196
0.698035660810417
0.640667363102296
0.581042857195256
0.5199615804713
0.45823733545886
0.396688341441955
0.336127177854705
0.277350749881994
0.221130407098818
0.168202344580697
0.119258412718195
0.0749374570087429
0.0358173024430981
0.0024074888412895
-0.0248571462636392
-0.0456219517113875
-0.0596169406071326
-0.0666602022110213
