0.712805977968379
0.710402071171631
0.70561724868194
0.698497325488548
0.689110606563685
0.67754738735646
0.66391929033286
0.648358439814957
0.631016478019305
0.612063425893199
0.591686393104393
0.570088142359582
0.547485514111793
0.524107718666598
0.500194503709432
0.475994206345802
0.451761699865405
0.427756246599502
0.404239269425789
0.381472055671223
0.359713408353574
0.339217260867932
0.320230272344137
0.302989421953467
0.287719621405002
0.274631365720899
0.263918443092091
0.255755725169045
0.250297059514377
0.247673286114931
0.247990399801731
0.25132788014082
0.257737209822539
0.267240601780853
0.279829954210504
0.295466051314592
0.314078026008903
0.335563098936514
0.359786606015319
0.386582324365323
0.415753103858759
0.447071808725803
0.480282570657107
0.51510235170068
0.551222811987429
0.588312473972654
0.626019171488258
0.663972768503327
0.701788129131071
0.739068317141742
0.775408000087937
0.81039703016466
0.843624171155197
0.874680938296798
0.903165515677797
0.928686713887085
0.950867929112208
0.96935106375399
0.983800367919565
0.993906160893284
0.999388391882186
1
0.995530034595692
0.985806498647852
0.970698880027245
0.950120337962771
0.924029515010997
0.89243194820036
0.855381056766459
0.812978687977298
0.76537520692468
0.712769120783493
0.655406232863229
0.593578326741702
0.527621385822306
0.457913358734162
0.384871486038823
0.308949208656607
0.230632683219686
0.150436934137973
0.0689016764698329
-0.0134131523321724
-0.0959321101319017
-0.178069172436688
-0.259232811799602
-0.338831184561658
-0.416277373543407
-0.490994634203786
-0.562421591274422
-0.630017332961087
-0.693266350484292
-0.751683272004814
-0.804817341836127
-0.852256598266218
-0.893631706270632
-0.928619404864868
-0.956945532778666
-0.978387600493055
-0.992776881413019
-1
