0.0867869097797642
0.0779796156873576
0.0605040225031244
0.0346360597797744
0.000784501680983318
-0.0405150910142376
-0.0886083059799821
-0.142731572350115
-0.20202346619595
-0.265537458897096
-0.332255917306221
-0.401105146003681
-0.470971246531705
-0.540716556523045
-0.609196423275189
-0.675276061692435
-0.73784724569053
-0.795844585139929
-0.848261147162848
-0.894163190987396
-0.932703799434098
-0.963135207247572
-0.984819646620451
-0.997238553073505
-1
-0.99284425726308
-0.975647397832569
-0.948422906119525
-0.911321271955019
-0.864627584596932
-0.808757171267102
-0.744249354058348
-0.671759427157846
-0.592048982780714
-0.505974738593268
-0.414476041359548
-0.318561240736805
-0.219293143288189
-0.11777376963511
-0.0151286470500673
0.0875091244396
0.189014792281945
0.288287619428738
0.38426606691011
0.475942266556851
0.56237557174252
0.642704989501931
0.716160315826867
0.782071817044859
0.839878323612821
0.889133628029076
0.929511105480599
0.96080650386997
0.982938878565234
0.995949676133371
1
0.995366118975318
0.982433306462207
0.961688123499327
0.933709282197811
0.899157247244602
0.858762751645779
0.813314418488826
0.763645692980019
0.710621298178552
0.655123433572202
0.598037937845021
0.540240635856374
0.482584085019647
0.425884928030578
0.370912047395752
0.318375702649464
0.2689178137676
0.223103534381046
0.181414236287884
0.144242002827174
0.11188570329962
0.0845486942157891
0.0623381661502092
0.0452661278172404
0.0332519921013299
0.0261267026034648
0.0236383142284045
0.0254589178351678
0.0311927773824059
0.0403855286649684
0.0525342719655864
0.0670983770013611
0.0835108076478432
0.101189766243491
0.119550452931366
0.13801673454632
0.156032520012754
0.173072645033225
0.188653077920564
0.202340270601751
0.213759493896564
0.222602013897213
0.22863098635318
0.231685968066948
