1
0.99227228984407
0.97690229765849
0.954059711124952
0.923996157531837
0.887041766572369
0.843600666427408
0.794145479315806
0.73921089733504
0.679386432827455
0.615308449489857
0.547651590815665
0.477119731063281
0.404436580653102
0.330336082609186
0.255552739311236
0.180812009371419
0.106820912893846
0.0342589797402202
-0.0362303302272207
-0.10404761353414
-0.168644804109648
-0.229531647971277
-0.286281283154842
-0.338534850288624
-0.386005074111164
-0.428478771976307
-0.465818261734299
-0.497961658071207
-0.524922063173369
-0.546785674200978
-0.563708846250381
-0.575914165010598
-0.583685597939242
-0.587362806274562
-0.58733471235981
-0.584032427400959
-0.577921653750434
-0.569494682975748
-0.559262116229255
-0.547744436709887
-0.535463565257267
-0.522934529332157
-0.510657372835706
-0.499109429455812
-0.488738075584913
-0.479954070441528
-0.473125580987331
-0.468572977726505
-0.466564474691427
-0.467312673064475
-0.470972053182064
-0.477637444348879
-0.487343486201255
-0.50006507954756
-0.515718808930061
-0.53416530384397
-0.555212490855493
-0.578619675011321
-0.604102376142784
-0.631337834136811
-0.659971087150552
-0.689621518241072
-0.719889759094496
-0.750364834571105
-0.780631428705715
-0.810277151657562
-0.838899687901215
-0.866113708669245
-0.891557436247436
-0.914898754103368
-0.935840764890201
-0.954126707973804
-0.969544159122984
-0.981928447197917
-0.991165235870452
-0.997192232395773
-1
-0.999631865316108
-0.996182927250146
-0.98979818844922
-0.980669844933455
-0.969033783214406
-0.955165347131022
-0.939374448484271
-0.922000106153484
-0.903404507562163
-0.883966693982581
-0.864075977106461
-0.844125198470191
-0.824503945643085
-0.805591839531657
-0.787752005717395
-0.771324839456486
-0.756622168883254
-0.743921914159954
-0.733463331916619
-0.725442924464512
-0.720011082107208
-0.717269514597553
