1
0.993568370589139
0.980774449177189
0.961756092404364
0.936718050128664
0.905929552132052
0.869721138025997
0.828480770353704
0.782649279863389
0.732715200244015
0.679209057160962
0.622697183104234
0.563775135278358
0.50306079844714
0.441187258238501
0.378795532870736
0.316527252553796
0.255017375935932
0.194887031912111
0.136736572907144
0.0811389224305521
0.0286332953242354
-0.0202806362450862
-0.0651480642785428
-0.105563794254754
-0.141176370407033
-0.171691533541405
-0.196874976875122
-0.216554374639302
-0.230620667680839
-0.239028599885746
-0.241796508796278
-0.239005383177398
-0.230797209377442
-0.217372637002235
-0.198988002567246
-0.175951757303592
-0.148620352075762
-0.117393638338517
-0.0827098491467568
-0.0450402283779978
-0.00488337948959194
0.0372405927163371
0.0807960727212935
0.125237982610346
0.170017814285519
0.214589573653939
0.258415567682422
0.300971968893996
0.341754096369767
0.380281357531307
0.416101800825134
0.448796235814531
0.477981884001337
0.50331553084347
0.524496156791685
0.541267032629239
0.553417271849327
0.560782840137855
0.563247029138158
0.560740408459789
0.553240276262599
0.540769634615613
0.523395721122585
0.501228132958202
0.474416583417667
0.443148334306834
0.407645349961665
0.368161220368982
0.324977901762189
0.278402323195812
0.228762906983224
0.176406049546611
0.121692607221881
0.0649944289385229
0.00669097451921719
-0.0528339463120178
-0.113195283183372
-0.174009675939334
-0.234898185075924
-0.295488804463679
-0.355418743886054
-0.414336473698749
-0.471903528574405
-0.527796071755339
-0.581706225418217
-0.633343176588733
-0.682434071469695
-0.728724714008688
-0.771980086988207
-0.811984715837975
-0.848542896723406
-0.88147881124379
-0.910636550278263
-0.935880069156963
-0.957093095430226
-0.974179009091435
-0.987060713220143
-0.995680510701157
-1
