-1
-0.998234900491897
-0.994685792333217
-0.989315487338135
-0.982069765768075
-0.972879216022989
-0.96166162930445
-0.948324900642172
-0.932770377156605
-0.914896584959925
-0.894603257846184
-0.871795584038555
-0.846388581874389
-0.818311511518963
-0.787512227681276
-0.753961377906704
-0.717656352359487
-0.678624894071076
-0.636928283377241
-0.592664016627805
-0.545967907130254
-0.497015545558865
-0.446023067576263
-0.393247188004976
-0.338984473363448
-0.283569837739323
-0.227374260594583
-0.170801738955278
-0.114285500300427
-0.058283516095565
-0.00327336908399534
0.0502534600736717
0.101797809650545
0.150859469574225
0.196944133234871
0.239570563901954
0.278277865185339
0.31263274062066
0.342236624925957
0.366732568829935
0.385811760645582
0.39921957095907
0.406761011894569
0.408305509341831
0.403790895205966
0.393226537039736
0.376695534202943
0.354355922790806
0.326440845791174
0.293257660056799
0.255185967485262
0.21267457404437
0.16623739671449
0.116448354786103
0.0639352979940453
0.0093730394359044
-0.0465244241361383
-0.103012408479059
-0.159324646007322
-0.214682878639766
-0.268306810910863
-0.319424287588489
-0.367281554671574
-0.411153459328575
-0.450353443151902
-0.484243184082529
-0.512241745508126
-0.533834096329144
-0.548578873159283
-0.556115265186311
-0.55616891344211
-0.548556729163364
-0.533190550386219
-0.510079571704356
-0.479331499004199
-0.441152398728992
-0.39584522955686
-0.343807063037503
-0.285525018442646
-0.221570955569138
-0.152594987215065
-0.0793178902591717
-0.00252251045319585
0.0769557290591381
0.15823909208046
0.240418431443895
0.322564583922951
0.403740105278353
0.483011187146435
0.559459594120544
0.632194458334111
0.700363770145207
0.763165407135634
0.819857549526881
0.869768338200395
0.912304641677461
0.94695981052049
0.973320311489284
0.991071149223229
1
