-0.251713363846603
-0.24780184472309
-0.240019327276256
-0.228446244758474
-0.213201736179496
-0.194441861103279
-0.172357265286464
-0.147170335538544
-0.119131890583712
-0.088517462336132
-0.0556232287382417
-0.0207616650443535
0.0157430149355919
0.0535595526619741
0.0923543965709523
0.13179643352244
0.17156162219734
0.211337452281362
0.250827156165453
0.289753604002598
0.327862818222216
0.36492704993278
0.40074736693902
0.435155711244764
0.468016392774736
0.499226995484852
0.528718681888015
0.556455892140395
0.582435444047204
0.606685050489744
0.6292612806811
0.650247001163144
0.669748341405884
0.687891237113098
0.704817611738362
0.720681263148763
0.735643527730736
0.749868798421571
0.763519976097717
0.776753935403235
0.789717086425613
0.80254111260976
0.815338962953998
0.828201172885455
0.841192583318415
0.854349521330293
0.867677498737391
0.8811494767257
0.894704735715936
0.908248379956238
0.921651496091721
0.934751974318448
0.947355989858262
0.95924013156277
0.970154153643799
0.979824316006871
0.987957268603046
0.994244425775736
0.998366767916531
1
0.998819989870293
0.994508403614739
0.98675845107637
0.975280651604038
0.959808528570592
0.940104141040105
0.915963362245966
0.887220817242112
0.853754396176709
0.815489265056673
0.77240130254668
0.724519899182309
0.671930064259515
0.614773795461191
0.553250676850375
0.487617682040851
0.418188170981302
0.345330080682916
0.269463322202272
0.191056408078466
0.110622346034395
0.0287138459084459
-0.0540821026871227
-0.137150214743912
-0.219853380233427
-0.301539536720644
-0.38154885393011
-0.459221134757447
-0.53390333338257
-0.60495708875278
-0.671766170804789
-0.733743737402901
-0.790339302081254
-0.841045316263617
-0.885403274644601
-0.923009258779532
-0.953518841554081
-0.976651283977379
-0.992192965534396
-1
