-0.615880868796296
-0.613823595539422
-0.609682277245711
-0.603404257277631
-0.594912750140783
-0.584109431189271
-0.570877807756453
-0.555087303448873
-0.536597972564519
-0.515265748289462
-0.490948116728146
-0.463510099142314
-0.432830417189721
-0.398807710609299
-0.361366673799477
-0.320463977146685
-0.276093840806707
-0.228293132906479
-0.17714587076083
-0.122787012590231
-0.0654054382456124
-0.00524603042189142
0.0573892174337582
0.122141124077024
0.18859431436017
0.256279305696394
0.324675689628342
0.393216391598376
0.461292972570699
0.528261917024742
0.593451833351092
0.656171475152934
0.715718475691856
0.771388673002485
0.822485890298316
0.868332025436247
0.908277294603098
0.941710469202001
0.96806894128043
0.986848451844606
0.997612318095051
1
0.993734853658436
0.978630928511169
0.954598677512646
0.921649463713945
0.879898763126611
0.829567982000292
0.77098482648602
0.704582183775358
0.630895495884602
0.550558629955921
0.464298271924046
0.372926893291096
0.277334363204486
0.178478299689113
0.0773732743996969
-0.0249209956976909
-0.127312319044418
-0.228689396742616
-0.32793570760312
-0.423943721915766
-0.515629247262603
-0.601945704954733
-0.681898133900414
-0.754556719959944
-0.819069653119851
-0.874675122087001
-0.920712266077832
-0.956630916529912
-0.981999977019611
-0.996514307617391
-1
-0.992417951581072
-0.973865670403473
-0.944577267217536
-0.904921616688918
-0.855398695662979
-0.796634132475411
-0.729372027054184
-0.654466126621179
-0.5728694657976
-0.485622602483749
-0.39384060167972
-0.298698938122578
-0.201418504951519
-0.103249929323573
-0.00545740677527873
0.0906977260109512
0.183973455650619
0.273163367816712
0.357112510161523
0.434732623222297
0.505016528277709
0.567051472326536
0.620031244465812
0.663266894752714
0.696195905901012
0.718389689610902
0.729559302649575
