-0.121838170709844
-0.120197852912101
-0.116927637236026
-0.11204818657752
-0.105590056474707
-0.0975931784200907
-0.0881061872134427
-0.0771856059146072
-0.064894904869879
-0.0513034538952437
-0.0364853889554607
-0.0205184165366202
-0.00348258033526427
0.0145409841492172
0.0334712810511018
0.0532286455495532
0.0737358697122692
0.0949192382343447
0.116709451019492
0.139042411492013
0.161859861895544
0.185109849590365
0.20874701145964
0.232732666924674
0.257034713692948
0.281627324158432
0.306490444276286
0.331609100675395
0.356972525683281
0.382573113749054
0.408405226392837
0.434463866217996
0.460743243632362
0.487235262677487
0.51392795470729
0.540803890541959
0.56783860310929
0.594999053441684
0.622242173198585
0.649513516616446
0.67674605394547
0.703859137018209
0.730757665622662
0.757331480844473
0.783455008530672
0.80898717255148
0.833771593645394
0.85763708538182
0.88039845422734
0.901857605924298
0.921804955456396
0.940021132861528
0.956278972135763
0.970345765533576
0.981985760787853
0.99096287422668
0.99704358852806
1
0.999612976868371
0.99567538715917
0.987995352428514
0.976399481868303
0.960736040234549
0.940878002635955
0.916725949499713
0.88821075600642
0.855296031953
0.817980270347231
0.776298666035496
0.730324569281804
0.680170543406681
0.625989000305608
0.567972392836442
0.506352948624324
0.441401935705116
0.373428456533037
0.302777773129623
0.229829172460644
0.154993387405398
0.0787095948381316
0.00144201828503676
-0.0763238317348514
-0.154085241313725
-0.231326657530627
-0.307524286155721
-0.382150871568555
-0.454680604758522
-0.524594102960777
-0.591383402905824
-0.654556908853333
-0.713644236556554
-0.768200895068446
-0.817812749847885
-0.86210021293684
-0.900722109028568
-0.933379169993654
-0.959817114825719
-0.979829276953294
-0.993258746371291
-1
