0.682912917707895
0.675416055997535
0.660515987198686
0.638398842434133
0.609340888642594
0.573705056226604
0.531936380839215
0.484556419386211
0.43215671375456
0.375391388189205
0.314968977457744
0.251643592812339
0.186205541146008
0.119471519533615
0.0522745124567576
-0.0145464776290625
-0.0801567341569185
-0.143736032746904
-0.204488619973494
-0.261652838416594
-0.314510277285754
-0.362394334988518
-0.404698088593256
-0.440881375084476
-0.470477000475754
-0.493096005066846
-0.508431926227729
-0.516264013872424
-0.516459368049996
-0.508973982624183
-0.49385269362902
-0.471228045368819
-0.441318101473436
-0.404423241727307
-0.360921998375928
-0.311265997601226
-0.255974082787306
-0.195625705926766
-0.130853681920916
-0.0623364075008003
0.00921034804166276
0.0830419692306772
0.15839372452223
0.234489586116966
0.310551026359257
0.385805680107661
0.459495766464254
0.530886168677645
0.599272077785077
0.66398611351321
0.724404844978281
0.779954643663817
0.830116811845518
0.874431940906636
0.912503465665423
0.944000392737182
0.968659192895031
0.986284859195423
0.996751144121313
1
0.996040257316194
0.98494558511861
0.966851786379517
0.941953488796979
0.910500298032744
0.872792485677984
0.829176288277939
0.780038896489393
0.725803214877736
0.666922472990175
0.60387476719661
0.537157610417998
0.467282563331108
0.394770016033883
0.320144183578609
0.243928372346758
0.166640567078112
0.0887893806158113
0.0108704002344162
-0.066637044068934
-0.143272672565977
-0.218597601927868
-0.292196244796116
-0.363677771228059
-0.432677148133538
-0.498855779923101
-0.561901779996199
-0.621529908307681
-0.67748121497497
-0.72952243365616
-0.77744517118817
-0.821064941690051
-0.860220093994648
-0.894770680876613
-0.924597317119472
-0.949600071051263
-0.96969743083677
-0.984825382620934
-0.994936632664066
-1
