-0.909630819131785
-0.90054214380338
-0.882512275193604
-0.855833833089603
-0.820939923270518
-0.77839725147039
-0.728897111341549
-0.673244388143821
-0.612344751094244
-0.547190235804471
-0.478843443561225
-0.408420605971293
-0.337073781354807
-0.265972462948713
-0.19628488826176
-0.129159343657659
-0.065705758360354
-0.0069778775732604
0.0460437046459479
0.0924673855689917
0.131505017502146
0.162484767040526
0.184862167039936
0.198229186796171
0.202321176978391
0.197021579166787
0.182364324871725
0.15853388511126
0.125862968427591
0.0848279020524449
0.036041767208006
-0.0197546053156308
-0.0817036396853594
-0.14884384875051
-0.220124297476409
-0.294420471141204
-0.37055130143548
-0.447297085568288
-0.52341801960871
-0.59767305779522
-0.668838804573072
-0.735728145748816
-0.797208329384385
-0.85221821582217
-0.899784429397005
-0.939036161741647
-0.969218397854227
-0.989703360932703
-1
-0.999761375101896
-0.988789827872188
-0.967039860005885
-0.934618678113198
-0.891784399978999
-0.838941953848647
-0.776636738425598
-0.705546146231941
-0.626469086300113
-0.540313673309391
-0.448083278765309
-0.350861165197471
-0.249793946223784
-0.146074133355151
-0.0409220443129814
0.064432642813141
0.168769400176
0.270895135660197
0.36966196743458
0.4639842103278
0.552854309727103
0.63535747579629
0.710684791787053
0.778144594744235
0.837171954589342
0.887336107967974
0.928345735882868
0.960052008487119
0.982449355937279
0.995673960340349
1
0.995833712803066
0.983705380123547
0.964259365511988
0.938242373163125
0.906490119228849
0.869912634023461
0.829478434659934
0.786197825320637
0.741105595925813
0.695243399205062
0.649642090956855
0.605304318524778
0.563187638225154
0.52418843369878
0.48912689407061
0.458733293594715
0.433635793412096
0.414349961491579
0.401270179149693
0.394663072194633
