-0.0529401093368899
-0.0558534251027033
-0.0616626865492478
-0.0703330782336451
-0.0818121933812485
-0.0960298262501567
-0.112897716137821
-0.132309260295308
-0.154139216582937
-0.1782434197908
-0.204458538083386
-0.232601897943795
-0.262471407236153
-0.29384560653357
-0.326483878645826
-0.360126845312344
-0.394496978302836
-0.429299449705883
-0.46422324301457
-0.49894254278219
-0.533118416177402
-0.566400794787078
-0.598430759577824
-0.62884312612533
-0.657269321154595
-0.683340535210726
-0.706691130011857
-0.726962272838479
-0.743805764303962
-0.7568880201457
-0.765894162388574
-0.77053217047122
-0.770537038793038
-0.765674883729645
-0.755746940560031
-0.740593389021492
-0.720096945417021
-0.694186159387942
-0.66283835466098
-0.626082155295824
-0.583999542192505
-0.536727388846569
-0.484458430526181
-0.427441627134903
-0.365981886946898
-0.300439126072718
-0.231226646835055
-0.158808827093402
-0.0836981218326885
-0.00645138789206412
0.0723344475820524
0.152027344663445
0.231965694291123
0.311464398891603
0.389821431997028
0.466324810614324
0.540259906550761
0.610917016192153
0.677599102478535
0.739629618133034
0.796360315663383
0.847178947346893
0.891516757386633
0.928855668728755
0.958735068679176
0.980758100453485
0.994597372118587
1
0.996791910477484
0.984881332097388
0.964261418998817
0.935011956671634
0.897300111911651
0.851380200372746
0.797592457186289
0.736360808564854
0.668189654962261
0.593659689053353
0.513422784349949
0.428196002509881
0.338754779152163
0.245925359097128
0.150576562246843
0.0536109706601329
-0.0440443643783901
-0.141447589466558
-0.237651978833399
-0.331716010893078
-0.422713472947963
-0.509743474090554
-0.59194024661353
-0.668482618056347
-0.738603039379666
-0.801596059627938
-0.856826143757136
-0.903734737989736
-0.941846496014526
-0.970774589458254
-0.990225037186955
-1
