1
0.991416720414702
0.974355888526262
0.949027469743719
0.915742711312646
0.874909762595616
0.82702793665119
0.772680697877919
0.7125274792418
0.647294449786457
0.577764368475359
0.504765673702906
0.429160968836439
0.351835072749164
0.273682810347096
0.195596721493077
0.118454867440224
0.0431089118994299
-0.0296273507839148
-0.0989888551041747
-0.164269355986445
-0.224830608982481
-0.280110509710513
-0.32963007923576
-0.372999199803504
-0.409921024433882
-0.440195004071439
-0.463718496941118
-0.480486946172949
-0.490592633290834
-0.494222036486449
-0.49165184339106
-0.48324368799886
-0.469437700182224
-0.450744973587527
-0.427739073348512
-0.401046718768397
-0.371337787698204
-0.339314798607412
-0.305702033170347
-0.271234466482544
-0.236646673720057
-0.202661881146418
-0.169981325882128
-0.139274082845957
-0.111167508860585
-0.0862384432291498
-0.0650052913109272
-0.0479211029625608
-0.0353677414035517
-0.0276512203737095
-0.0249982686590744
-0.0275541614709366
-0.0353818380809079
-0.0484623048609202
-0.0666963027695612
-0.0899071986807595
-0.117845041074479
-0.150191702795597
-0.186567017112315
-0.226535798423033
-0.269615625898202
-0.315285257299145
-0.362993531354476
-0.412168610526581
-0.462227411858497
-0.512585071909643
-0.562664292582343
-0.611904417885281
-0.659770097311675
-0.705759399427689
-0.749411249333009
-0.790312075699409
-0.828101566912135
-0.862477451203022
-0.893199232319399
-0.920090829945027
-0.943042092489165
-0.962009168687093
-0.97701374340384
-0.988141161795101
-0.995537484251972
-0.999405532044307
-1
-0.997621727650611
-0.992611233796315
-0.985341631179514
-0.976211047720555
-0.965634688407002
-0.9540366773206
-0.941841822350973
-0.929467445837435
-0.917315422693874
-0.905764563539007
-0.89516347404563
-0.885824013245264
-0.878015463021061
-0.871959508667125
-0.867826116391638
-0.865730378225865
