1
0.989906716042945
0.96985747122739
0.940124791920759
0.901112201649936
0.853347995279896
0.797477092010024
0.734251096116637
0.664516722723988
0.58920277174455
0.509305856082543
0.425875109877955
0.339996118669268
0.252774325615874
0.165318176150816
0.0787222674998955
-0.00594923066077724
-0.0876786225280379
-0.165509946144838
-0.238563206265847
-0.306047355756381
-0.367271821129482
-0.421656391039522
-0.468739312646391
-0.508183469328749
-0.539780543805448
-0.563453102836387
-0.579254572808575
-0.587367109144559
-0.588097396065068
-0.581870446262439
-0.569221501971768
-0.550786169255456
-0.527288945561716
-0.499530326329322
-0.468372699179948
-0.434725253702787
-0.39952815068293
-0.363736206601303
-0.328302357147396
-0.294161167207923
-0.262212654263041
-0.233306687341805
-0.20822821473281
-0.187683560652848
-0.172288014248626
-0.162554913907456
-0.158886406202495
-0.161566032268274
-0.170753265410551
-0.186480092757733
-0.208649701248164
-0.237037294731635
-0.271293034974149
-0.310947065429533
-0.355416543316958
-0.404014573347393
-0.455960905885116
-0.510394233897441
-0.566385897188801
-0.622954779545716
-0.679083164901952
-0.73373330278049
-0.785864421335575
-0.834449918497244
-0.878494458140903
-0.917050698927493
-0.949235388479591
-0.974244564801875
-0.991367620180443
-1
-0.999654329735014
-0.989969787477707
-0.970719566387311
-0.94181630096019
-0.90331536256868
-0.855415962804736
-0.798460037275227
-0.732928917094843
-0.65943782986799
-0.578728305901034
-0.4916585982081
-0.39919225605177
-0.302385020804769
-0.202370239372803
-0.100343013866101
0.002456673722115
0.104761606694678
0.205295481126724
0.302791279804096
0.396009592796358
0.483756605192299
0.56490147722619
0.638392850997811
0.703274231100723
0.758698003518712
0.803937877865793
0.838399562108821
0.861629505949368
0.873321578632401
