-0.310047971822259
-0.307913622324889
-0.303638247069031
-0.297208844665804
-0.28860678377522
-0.277808828269016
-0.264788471599177
-0.249517553229148
-0.23196812409371
-0.212114522737324
-0.189935619133006
-0.165417179287041
-0.138554300659415
-0.109353866232163
-0.0778369637801122
-0.0440412165674068
-0.00802297231984561
0.0301407010975392
0.0703502623568428
0.112482231349929
0.156388053278851
0.201893328526579
0.248797438952383
0.296873594919963
0.345869320523517
0.39550738723798
0.445487198702174
0.49548662167052
0.545164250466515
0.594162084666649
0.64210859236357
0.688622124325847
0.733314637807368
0.775795682774414
0.815676598016105
0.852574860077111
0.886118524281488
0.915950694370921
0.941733955512885
0.96315470468236
0.979927312706611
0.991798053591717
0.998548739110846
1
0.996014159433285
0.986497649677144
0.971402928877467
0.950729861727114
0.924526535194402
0.892889488454554
0.855963344536428
0.813939839848881
0.767056256552762
0.715593271560469
0.659872244638627
0.60025197652564
0.53712497602232
0.47091328254382
0.402063897515069
0.331043884139603
0.258335200373754
0.1844293343078
0.109821814520234
0.0350066702730436
-0.0395290823865562
-0.113310852483827
-0.185881708867062
-0.256807364978034
-0.325680844061597
-0.392126759579978
-0.455805150936886
-0.516414820872832
-0.573696127975575
-0.627433195554361
-0.677455506538557
-0.72363886295547
-0.765905697785823
-0.80422473645014
-0.838610014702856
-0.869119269159914
-0.895851725916704
-0.918945321586764
-0.938573399472502
-0.954940931339768
-0.968280322289612
-0.978846862395582
-0.986913894008249
-0.992767767839665
-0.996702664063614
-0.999015356653819
-1
-0.999943016476665
-0.999118162095738
-0.997781844673324
-0.996168765122575
-0.9944879476051
-0.992919218405389
-0.991610186623884
-0.990673772216197
-0.990186318652042
