1
0.992777789851104
0.978412210557471
0.957059937709547
0.928953482509237
0.894398227759053
0.853768539597374
0.807503008432386
0.756098884423961
0.700105783814075
0.64011875225513
0.576770779890879
0.510724870184263
0.442665770258625
0.373291474743397
0.303304617735715
0.233403868472338
0.164275445643179
0.0965848629843167
0.0309690149043118
-0.0319712945136547
-0.0916782826442892
-0.147643491285739
-0.199413382553257
-0.246594159257954
-0.288855752695904
-0.325934932876032
-0.357637508871524
-0.383839599999919
-0.404487971728149
-0.419599443365433
-0.429259387555726
-0.433619354123033
-0.432893862775456
-0.427356420365317
-0.417334828673581
-0.403205857892545
-0.385389368993734
-0.364341974879406
-0.340550335537825
-0.314524186287742
-0.286789200562345
-0.257879789526353
-0.228331940144109
-0.198676191147167
-0.169430842734687
-0.141095490848966
-0.114144970591639
-0.0890237858928125
-0.0661410940419291
-0.0458663042769016
-0.0285253394613404
-0.0143975991228783
-0.00371365095105192
0.00334633356207648
0.00665339513199648
0.00612986149540951
0.00174869924749399
-0.00646782847131666
-0.0184501596285319
-0.0340840382678073
-0.0532136704581159
-0.0756453676058462
-0.101151607355144
-0.12947543735595
-0.160335143507454
-0.19342910192946
-0.228440732896417
-0.26504347528781
-0.302905701742114
-0.341695497606248
-0.381085230885133
-0.420755845634167
-0.460400817501221
-0.499729717298422
-0.538471336437981
-0.576376336659255
-0.613219395555845
-0.648800828824251
-0.682947679738176
-0.71551427594194
-0.746382263090784
-0.775460133987221
-0.80268228051932
-0.82800760375619
-0.851417724866309
-0.872914845977413
-0.892519315589229
-0.910266957595972
-0.926206226306147
-0.940395252013647
-0.952898842647491
-0.963785506799126
-0.973124562007762
-0.980983389607799
-0.987424893759491
-0.992505217565029
-0.99627176350477
-0.998761558916278
-1
