-0.0150476229686908
-0.00785870834860725
0.00641962444244326
0.0275896966291045
0.0553582572325992
0.0893403532091863
0.129064406277801
0.173978426537396
0.223457277409038
0.276810892103271
0.333293328914764
0.392112541367335
0.452440729732746
0.513425132859183
0.574199113674753
0.633893388252415
0.691647246979191
0.746619617176617
0.797999819451461
0.84501787506526
0.886954228616629
0.923148759221443
0.953008964014808
0.976017210022271
0.991736964070118
0.999817925220064
1
0.992116077223769
0.97609357620412
0.951954759412499
0.919815817873889
0.879884754552633
0.832458107439896
0.777916569757961
0.716719579426589
0.649398963483865
0.576551735329089
0.498832153291004
0.416943157978071
0.331627313021713
0.243657379090003
0.153826654368327
0.062939216045556
-0.0281998032904489
-0.118793773025196
-0.208063828802783
-0.295257723135678
-0.379658149702065
-0.460590438190535
-0.537429527432808
-0.609606136649021
-0.676612067719126
-0.738004585276603
-0.793409835875466
-0.842525282280092
-0.885121143838506
-0.921040848692503
-0.9502005180261
-0.972587516438083
-0.988258115637465
-0.99733433080866
-1
-0.996496186598362
-0.987115993229787
-0.972198882160976
-0.952124602384865
-0.927306826997511
-0.898186606183096
-0.865225741116645
-0.828900182395376
-0.789693553271717
-0.748090893062195
-0.704572709749382
-0.659609423104219
-0.613656270779252
-0.567148739923272
-0.520498576123588
-0.474090410084634
-0.428279030600783
-0.383387320282711
-0.339704858358024
-0.297487182894718
-0.25695569319208
-0.218298162041866
-0.181669817265707
-0.14719494255145
-0.114968939293575
-0.0850607840235561
-0.0575158102066512
-0.0323587387703449
-0.00959687878057658
0.0107765817666057
0.0287792750054741
0.0444364205160839
0.0577777362724299
0.0688345641792398
0.0776372754231183
0.0842130139353279
0.0885838282674682
0.0907652332665261
