-1
-0.98700805258649
-0.961199510462147
-0.922922514155081
-0.872692901075686
-0.811186665532312
-0.739230083757114
-0.657787653263249
-0.567948028824534
-0.470908167531838
-0.367955922273294
-0.260451346195391
-0.149806989873946
-0.0374674877651884
0.0751112592072227
0.186482992498064
0.295231783004099
0.399992187144327
0.499468571500847
0.592453318898837
0.677843646516556
0.754656788426608
0.822043320535085
0.87929843480458
0.925871001467824
0.961370292163985
0.985570273025385
0.998411414146728
1
0.990604963624007
0.970652305224732
0.940717192586094
0.901513875842294
0.853883582160791
0.798780586221604
0.73725667958908
0.670444285741031
0.599538487287781
0.525778247482471
0.450427119262113
0.374753741604515
0.30001242484941
0.227424123796453
0.158158089915357
0.0933144820140184
0.0339081984090932
-0.0191458267025998
-0.0650456440341416
-0.103113435909934
-0.132804627903837
-0.153714837119288
-0.165584563380776
-0.16830156550583
-0.161900901493592
-0.146562648320875
-0.122607353498493
-0.0904893060360531
-0.050787748435528
-0.00419618325104854
0.0484900428834856
0.106387668502834
0.168540727641777
0.233936789890118
0.301523963709187
0.370228385736043
0.438971912440312
0.506689728676147
0.572347590404517
0.634958426092798
0.693598032902252
0.747419619552889
0.795666967447003
0.837686004913361
0.872934615922802
0.90099053389229
0.921557202763673
0.934467520905549
0.939685418003881
0.937305250422408
0.927549035960387
0.910761583944542
0.887403610603758
0.858042962145589
0.823344098364701
0.78405601748047
0.74099882778088
0.695049193147677
0.647124897313292
0.598168785472927
0.549132351429612
0.500959243637879
0.454568964254926
0.410841031600088
0.370599868328805
0.334600665280913
0.303516454568119
0.277926605289745
0.258306931637554
0.245021576453375
0.238316803969844
