1
0.990303925259286
0.971010896357694
0.942318013786742
0.904518090996461
0.857996289728212
0.803225700004437
0.740761920371497
0.671236706463402
0.595350767504467
0.513865800842987
0.427595863866569
0.337398190570851
0.244163566534001
0.148806381007306
0.0522544782064631
-0.0445610683594077
-0.140716134568951
-0.235303554942625
-0.327442843146282
-0.416289509081554
-0.501043864033306
-0.580959212855327
-0.655349340951017
-0.723595213715827
-0.785150817007161
-0.839548078937164
-0.886400825675502
-0.925407736826132
-0.95635427912205
-0.979113610480301
-0.99364645969132
-1
-0.998305747393903
-0.988776526378133
-0.97170255722789
-0.947446729022819
-0.916439132050423
-0.879170931304023
-0.836187669696906
-0.788082095190253
-0.735486610230441
-0.679065444674112
-0.619506654730952
-0.557514050379457
-0.493799152235928
-0.429073276027426
-0.364039838700652
-0.299386974874002
-0.235780545908963
-0.173857616454412
-0.11422046503056
-0.0574311862067021
-0.00400693233552907
0.0455841672105162
0.0909263816414421
0.131659031927835
0.167478414642702
0.198138999705262
0.223453915067922
0.243294740703563
0.257590642949791
0.266326888232647
0.269542782320803
0.267329087464157
0.259824974975787
0.247214574968743
0.229723188022001
0.207613225504462
0.181179946131484
0.150747056082598
0.116662238706518
0.0792926775318461
0.0390206330558485
-0.00376087031950323
-0.0486521957016378
-0.0952510374944235
-0.14315611765144
-0.191970600983806
-0.24130520290496
-0.290780969959802
-0.340031720492939
-0.388706139733641
-0.436469530290469
-0.483005225439398
-0.52801567854657
-0.571223247390879
-0.612370696954612
-0.651221448356519
-0.687559604949723
-0.721189789149929
-0.751936825266261
-0.77964530446257
-0.804179067981972
-0.82542064393837
-0.843270671348157
-0.857647342690136
-0.868485893202992
-0.875738161431043
-0.87937224129557
