1
0.99055578097922
0.971795363874525
0.943972840769996
0.907464505770149
0.862763126962297
0.810470448918197
0.751288042802833
0.686006646935668
0.615494164181839
0.540682503467925
0.462553470690368
0.382123929032432
0.300430459996132
0.2185137641121
0.137403044193071
0.0581006140849958
-0.0184330278567246
-0.0912934288203822
-0.159645494493577
-0.222735678873898
-0.279902862697116
-0.330587753004483
-0.374340659751433
-0.41082753099345
-0.439834155666896
-0.461268471879723
-0.475160948483891
-0.481663038047302
-0.481043729700027
-0.473684260219353
-0.460071070669854
-0.440787123472524
-0.416501720507021
-0.387958986348543
-0.355965201635939
-0.321375189531964
-0.285077972987791
-0.247981931830498
-0.210999696376991
-0.175033018220832
-0.140957858978587
-0.109609934118674
-0.081770941587284
-0.0581556939107774
-0.0394003579673431
-0.0260519889122818
-0.0185595240915041
-0.0172663795135669
-0.0224047659398022
-0.0340918142982445
-0.0523275713625797
-0.0769948969168301
-0.107861263419625
-0.144582428965944
-0.186707924596493
-0.233688268195311
-0.284883789799766
-0.339574927556892
-0.396973830200007
-0.456237081158759
-0.516479341581894
-0.576787694926701
-0.636236464583247
-0.693902268431685
-0.748879070396604
-0.8002929890242
-0.847316626866466
-0.8891826919523
-0.925196693740196
-0.95474851050533
-0.977322642885782
-0.992506989017633
-1
-0.999616099980652
-0.991289282537502
-0.975074823818508
-0.951149082638163
-0.91980738794319
-0.881460044276471
-0.836626515609549
-0.785927876710788
-0.730077648613739
-0.669871160316083
-0.606173602169773
-0.539906957149601
-0.472036013982737
-0.403553680705014
-0.335465828350308
-0.268775902001198
-0.2044695402133
-0.14349944381203
-0.0867707312490882
-0.0351270101564267
0.0106626164334997
0.0499154053447148
0.0820455039611514
0.106572991103831
0.123131286172441
0.131472810242398
