-1
-0.995837281144742
-0.987585671091916
-0.975391466006621
-0.959470735709277
-0.940105339630069
-0.917637722367238
-0.892464578794805
-0.865029498321586
-0.835814715740479
-0.805332111827431
-0.774113620189936
-0.742701207600761
-0.711636603001586
-0.681450955386365
-0.652654602786019
-0.625727133534336
-0.601107916908975
-0.579187273170539
-0.560298443074726
-0.544710504262734
-0.532622366743223
-0.524157962206732
-0.519362722439628
-0.518201420941921
-0.520557429342605
-0.526233416711094
-0.534953495764896
-0.546366795663608
-0.560052416954179
-0.575525700687149
-0.592245721145004
-0.609623890384565
-0.627033543247818
-0.643820353966054
-0.659313420265769
-0.672836838240364
-0.683721581397818
-0.691317490405853
-0.695005176260184
-0.694207638976952
-0.688401406485348
-0.677127004147686
-0.65999857418787
-0.636712476141431
-0.607054714079106
-0.570907053584013
-0.528251711019965
-0.479174519217792
-0.423866496996029
-0.362623774562205
-0.295845852428386
-0.224032197619956
-0.147777207249585
-0.067763595554529
0.0152457141572393
0.10041708694125
0.186856934524898
0.273623585024779
0.359740095824559
0.444207825063853
0.52602056363868
0.604179019042293
0.677705434962841
0.745658126434268
0.807145709590692
0.861340807732007
0.907493021446134
0.944940959874995
0.973123142729414
0.991587598174791
1
0.998150208277668
0.985957100716472
0.963471606751706
0.930877882745863
0.888492594078726
0.836762297981138
0.776258949281034
0.707673579352462
0.631808226057774
0.549566218928008
0.46194094882938
0.370003274529227
0.274887739543713
0.177777791096621
0.0798902086556956
-0.0175410379052352
-0.113281271142519
-0.206111694578035
-0.294845849212501
-0.378345701419966
-0.455537130287422
-0.525424590596642
-0.587104739134092
-0.639778826690469
-0.682763675757027
-0.715501084278383
-0.737565518576598
-0.748669983377851
