1
0.997428384323498
0.992280686814955
0.984548231262184
0.974218638513697
0.96127657454081
0.945704724550601
0.927484973691475
0.906599770663436
0.883033646723479
0.856774859229248
0.827817126050135
0.796161414944194
0.76181775039213
0.724806999426236
0.6851625977118
0.642932177539549
0.598179060466862
0.55098357908868
0.501444194800684
0.449678381401599
0.395823247922089
0.340035878109287
0.282493368474493
0.223392551655458
0.162949396976204
0.101398085423472
0.0389897617130039
-0.0240090283982104
-0.0873182019758642
-0.150646285099648
-0.213692817500618
-0.276150987053343
-0.337710461223782
-0.39806037874162
-0.456892461475435
-0.513904203798337
-0.568802094689368
-0.62130482646026
-0.671146443355989
-0.718079383367241
-0.761877367418368
-0.802338091648747
-0.839285680770276
-0.872572863429073
-0.902082834084503
-0.927730770092249
-0.94946497737934
-0.967267643258498
-0.981155180469624
-0.991178152374249
-0.997420775275583
-1
-0.999064181060552
-0.994791347833922
-0.987387098123944
-0.977082140164886
-0.964129514446625
-0.948801531637752
-0.931386467263493
-0.912185057593067
-0.891506844344168
-0.869666418268928
-0.846979613404765
-0.823759704725064
-0.800313662090328
-0.776938512774259
-0.753917863427169
-0.731518630159366
-0.709988022509823
-0.689550823452113
-0.670407003332652
-0.652729700798202
-0.636663598422119
-0.622323714961467
-0.609794630056522
-0.599130150812338
-0.590353423175031
-0.583457484432142
-0.578406246626569
-0.57513589427674
-0.573556673639267
-0.573555044928348
-0.574996163507773
-0.577726651179207
-0.58157761437976
-0.586367862438991
-0.591907276087129
-0.598000274198207
-0.604449325328632
-0.611058449995851
-0.617636659843514
-0.624001280856568
-0.62998110960733
-0.635419354104729
-0.640176314144789
-0.64413176007093
-0.647186973487135
-0.649266418655387
-0.650319018972262
