-1
-0.998755203592935
-0.996225995937759
-0.992334124895432
-0.986964638167789
-0.979968744440911
-0.971167545899167
-0.960356573323416
-0.947311039998026
-0.931791717081225
-0.913551321173509
-0.892341294754117
-0.867918852120271
-0.840054157598942
-0.808537499212036
-0.773186319730972
-0.733851968185443
-0.690426038384136
-0.642846166813857
-0.591101170321124
-0.535235414123129
-0.475352312784264
-0.411616880638916
-0.344257263520164
-0.273565200320579
-0.199895380596756
-0.123663682846838
-0.045344296940365
0.0345342468457992
0.115394100944558
0.196614116237795
0.277536773397298
0.357475936409761
0.435725319838671
0.511567547968933
0.58428367242525
0.653163005353833
0.717513117977816
0.776669849413954
0.830007168168699
0.876946728773614
0.916966968591431
0.949611594902559
0.97449731990508
0.991320711127281
0.999864036820915
1
0.991695270705359
0.97501274357043
0.950112466574153
0.91725120670445
0.876780638816069
0.829144164930865
0.774872392271134
0.714577319107725
0.648945297717928
0.578728863063497
0.504737533909907
0.427827709724005
0.348891801540845
0.268846747840009
0.18862207710558
0.109147686984067
0.0313415156594978
-0.0439027158683313
-0.115727511550073
-0.183323181399756
-0.245938824310984
-0.302892548623472
-0.353580776709434
-0.397486492459709
-0.434186305366295
-0.463356221705206
-0.484776031873335
-0.498332242950097
-0.504019506739915
-0.501940515587105
-0.492304360808399
-0.475423371318897
-0.451708472589869
-0.421663128128017
-0.385875946869124
-0.34501205990979
-0.299803388551948
-0.251037942420399
-0.199548301174411
-0.146199445841742
-0.0918761158620705
-0.0374698753789811
0.0161339229534143
0.0680690864583611
0.117501253940149
0.163640104665183
0.205750925798829
0.243165368475566
0.275291234426381
0.301621149207039
0.321739994353505
0.335330988992963
0.342180331287827
