0.556540775907531
0.556978138329687
0.557872551093195
0.559262746182641
0.56120522524736
0.563772381029521
0.567050053592214
0.571134572215254
0.576129344808977
0.582141066565632
0.589275628143694
0.597633810803949
0.607306861453402
0.61837204439692
0.630888268668512
0.644891890066024
0.66039278542764
0.677370793279948
0.695772609801169
0.715509222155456
0.736453952770694
0.758441178186545
0.781265774850843
0.804683331873463
0.8284111574603
0.852130091765946
0.875487124455389
0.898098800595757
0.919555383857501
0.939425731640965
0.957262822907047
0.972609866420859
0.985006905045944
0.993997820869858
0.999137636498186
1
0.996184734875736
0.987325332173601
0.973096259598641
0.953219962204123
0.927473431060088
0.895694220157859
0.857785797697359
0.813722125749069
0.763551371984221
0.707398668594951
0.645467846520726
0.57804208747199
0.505483451786351
0.428231256635397
0.346799296273235
0.261771913619057
0.173798950224346
0.0835896193143182
-0.00809463616432027
-0.100448221985034
-0.192630313432121
-0.283774509853715
-0.372999101371692
-0.459417814769423
-0.542150896044004
-0.62033637958192
-0.693141388534192
-0.759773307834712
-0.819490670496408
-0.871613599371171
-0.915533650472727
-0.950722910202296
-0.976742207314381
-0.993248311109183
-1
-0.996862899108093
-0.983813001684288
-0.960938806720097
-0.928442023842638
-0.886636816218777
-0.835947572441476
-0.776905218940691
-0.710142105051098
-0.6363855131765
-0.556449866214793
-0.47122772325464
-0.381679672243016
-0.288823244585521
-0.193720991232357
-0.0974678724995718
-0.00117812448225274
0.0940282267315473
0.187039025872353
0.276763643672372
0.362146444831737
0.442179888814321
0.515917087709239
0.582483652086547
0.641088664881482
0.691034634735566
0.731726293746177
0.762678120037563
0.783520482746344
0.794004325667723
