-0.0527044892847862
-0.0512428625160553
-0.0482987239196216
-0.043831032084491
-0.0377800317128478
-0.0300693802120513
-0.0206089146267013
-0.00929800174886464
0.00397059811094524
0.019306434322836
0.0368167264071817
0.0566014801241366
0.0787484638101501
0.103328153975387
0.130388761583513
0.159951450808955
0.192005860386349
0.22650603394722
0.263366860029655
0.302461114831533
0.343617191373372
0.386617587690737
0.431198214164674
0.477048566324205
0.523812794642436
0.571091687241307
0.618445565278729
0.665398074385754
0.711440839127232
0.756038931355699
0.798637087791062
0.838666597456954
0.875552765995747
0.908722851609741
0.937614356657419
0.961683549969075
0.980414087906264
0.993325597215578
0.99998207992753
1
0.993055913140839
0.97889350526734
0.95732991133573
0.928261194729336
0.891666877921594
0.847613427587113
0.796256611546019
0.737842660689274
0.672708186114674
0.601278819850436
0.524066566482243
0.441665872441712
0.35474843936016
0.264056827436222
0.170396913902644
0.0746292901039669
-0.0223403018818721
-0.119571376009869
-0.216099820768895
-0.310949584970683
-0.403144775595082
-0.491722003869401
-0.575742809518834
-0.654305989352828
-0.726559655131606
-0.791712847031537
-0.849046533002105
-0.897923830845564
-0.937799298877905
-0.968227152433362
-0.988868277103728
-0.999495925273021
-1
-0.990389849368997
-0.970795514801481
-0.941467398203228
-0.902774334904382
-0.855200081809262
-0.799338252679056
-0.735885754690712
-0.665634802019028
-0.589463602853446
-0.508325835676111
-0.423239048500413
-0.33527213082828
-0.245532022084686
-0.155149832013749
-0.0652665577898441
0.0229814107367596
0.108476802285706
0.19013579533455
0.266921974331137
0.337859720435813
0.40204685345808
0.458666351450385
0.506996986722561
0.546422731670457
0.576440804563122
0.596668244064215
0.606846921507173
