1
0.986278196404805
0.959025883723158
0.918622879472074
0.865632022568958
0.800791023770834
0.725001789823061
0.6393173806318
0.544926793996535
0.443137804695007
0.33535811351258
0.22307508671446
0.107834387095544
-0.00878218620185023
-0.125179320677472
-0.239770941596977
-0.351002755404571
-0.457374253492137
-0.557459853323951
-0.649928867720614
-0.733564011563854
-0.80727817800397
-0.870129243076089
-0.921332688040941
-0.960271862286694
-0.9865057457399
-0.999774107875684
-1
-0.987289557888749
-0.961929132487194
-0.924379806573674
-0.875269394457597
-0.815382059313531
-0.745645718078656
-0.667117436422567
-0.580967045643614
-0.488459239012755
-0.39093442669096
-0.289788645570223
-0.186452832980727
-0.0823717809901277
0.0210169091072869
0.122303554579078
0.220126490739504
0.313191243259088
0.400288490694251
0.480310555185032
0.552266183769473
0.615293410813366
0.668670323201038
0.711823583677085
0.744334603531747
0.765943293114702
0.776549356852839
0.776211137934111
0.76514205599657
0.743704718430408
0.712402821679322
0.671870992658683
0.622862751569623
0.566236805499637
0.502941906831464
0.434000531258779
0.36049164681786
0.283532857544399
0.204262212979855
0.123819977681824
0.0433306531117235
-0.036114462169938
-0.113473899052576
-0.187771571546609
-0.258111017360707
-0.323688108328126
-0.383802040149572
-0.437864440370973
-0.485406465407007
-0.526083791232737
-0.559679437544486
-0.586104401165004
-0.605396110653609
-0.617714749894274
-0.623337533295604
-0.622651048585528
-0.616141814484825
-0.604385229296162
-0.588033112190283
-0.567800061298603
-0.544448871278354
-0.518775267510336
-0.491592224294502
-0.463714140168635
-0.435941144706259
-0.409043807840708
-0.383748514975866
-0.360723759015335
-0.340567584176036
-0.323796396321497
-0.310835330888614
-0.302010342680966
-0.297542152303532
