-0.975039330977459
-0.964609650584564
-0.943864233893562
-0.913029612685926
-0.872442211303081
-0.822544347932832
-0.763878984392506
-0.697083292717179
-0.622881122133584
-0.542074464108195
-0.455534025906825
-0.364189034317962
-0.269016400720561
-0.171029386391058
-0.071265912742582
0.0292233350021707
0.129386860428938
0.228184214841406
0.324597614774946
0.417643174732127
0.506381617983336
0.589928336323555
0.667462679420976
0.738236365686248
0.801580919262288
0.856914051594943
0.903744920888995
0.941678218364289
0.970417046375365
0.989764569911161
0.999624439512643
1
0.990992315355957
0.972797055444373
0.94570030474099
0.910073366717663
0.866366649771196
0.815102731461174
0.756868707177995
0.692307937086377
0.622111311190095
0.547008156576259
0.467756913284797
0.385135705801608
0.299932935909725
0.212938019596978
0.124932385981679
0.0366808498756059
-0.0510765382254029
-0.137632070108933
-0.222317301521992
-0.304509244685101
-0.383635770980026
-0.459180175981861
-0.530684872265674
-0.597754188893426
-0.660056269969244
-0.717324077934267
-0.769355520155903
-0.816012729659192
-0.857220542370858
-0.892964223834854
-0.923286507864238
-0.948284017889681
-0.968103148742572
-0.982935492185734
-0.993012893616174
-0.998602229975237
-1
-0.997526817548378
-0.991521896865771
-0.982337615393386
-0.970334235129629
-0.955874857748777
-0.939320681776916
-0.921026622261377
-0.901337344698512
-0.880583755668636
-0.859079982838026
-0.837120866903348
-0.814979977853763
-0.792908157789761
-0.771132582641871
-0.749856325646465
-0.729258396521028
-0.709494222086317
-0.690696526742867
-0.672976564842854
-0.656425651705725
-0.641116935887841
-0.627107352392063
-0.6144396948304
-0.603144744146563
-0.593243392358
-0.584748701859052
-0.577667844086557
-0.572003865714357
-0.567757235921975
-0.564927134565842
-0.56351244814351
