1
0.987320382830923
0.962133771577079
0.924782941363403
0.875775913833288
0.815778689723909
0.74560572702527
0.666208305490104
0.578660949409354
0.484146109111163
0.383937327149387
0.279381137236143
0.171877962310561
0.0628622924485798
-0.0462175666054379
-0.153919877812399
-0.258829692415692
-0.35957861026574
-0.454863794098206
-0.543465962926583
-0.624266105765565
-0.696260676805272
-0.758575056596324
-0.810475090416459
-0.851376544357513
-0.880852351342149
-0.89863755276363
-0.904631876223043
-0.898899925382082
-0.881668993710594
-0.853324549339553
-0.814403472791353
-0.765585162524751
-0.707680654498656
-0.641619930855497
-0.568437618917172
-0.489257304585289
-0.405274703604101
-0.317739949696095
-0.227939270093883
-0.137176326308167
-0.0467535009961922
0.0420465894988327
0.127979082939264
0.209854095061763
0.286552929014971
0.357043037371682
0.420391524712941
0.475777002907766
0.522499638081751
0.559989257448059
0.587811415198501
0.605671349026387
0.613415792063759
0.611032638539148
0.598648494771354
0.57652417968847
0.545048270391815
0.504728817885574
0.456183385508061
0.400127587409196
0.337362326243664
0.268759947761482
0.195249544902529
0.117801655121988
0.0374126018338696
-0.0449112660321502
-0.128169183337169
-0.211381178892973
-0.293602647419579
-0.373938056974131
-0.451553581806303
-0.525688470148736
-0.595664978944995
-0.660896732575303
-0.720895389844887
-0.775275532401499
-0.823757717872224
-0.86616967186149
-0.902445624028839
-0.932623824261031
-0.956842304969066
-0.975332984291507
-0.988414232007799
-0.996482044824911
-1
-0.999488175645223
-0.995511242221478
-0.988665942411384
-0.979568185571152
-0.968839988159193
-0.957096492851511
-0.944933296468656
-0.932914310408479
-0.921560367117352
-0.911338772415351
-0.90265398645077
-0.895839595983153
-0.89115171791768
-0.88876394891703
