1
0.988523975915783
0.96570803594359
0.931822651070352
0.887269188202903
0.832574769367056
0.768385527420236
0.695458350613856
0.614651228902755
0.52691233383383
0.433267980883588
0.334809638012169
0.232680156748803
0.128059412145107
0.0221495452898464
-0.0838399933264919
-0.188707399534425
-0.291273271293996
-0.390394969458709
-0.484980394977982
-0.574001003269234
-0.656503888226948
-0.731622782378005
-0.798587835824385
-0.856734054589952
-0.905508298535527
-0.944474759831495
-0.973318864768282
-0.991849564117674
-1
-0.997826559928734
-0.985506351062423
-0.963333149368816
-0.931711899084556
-0.891151857239651
-0.842258495834425
-0.785724290258231
-0.722318536503473
-0.652876351467261
-0.578287019993041
-0.499481859169365
-0.417421774695209
-0.333084685802482
-0.247452994298583
-0.161501269796291
-0.0761843172150389
0.00757421571594796
0.0888925437936572
0.166940627961675
0.240949117082701
0.310217243731068
0.374119587188348
0.432111635174874
0.483734094940537
0.528615923867036
0.566476069394459
0.59712392757224
0.620458548548469
0.636466635562711
0.645219401221559
0.646868360757484
0.641640156367587
0.629830519393632
0.611797487861395
0.587954005601621
0.558760035716147
0.524714325456429
0.486345961609512
0.444205855237285
0.398858292123881
0.350872680624724
0.300815621884501
0.249243418738312
0.196695129198723
0.14368625845628
0.0907031700013976
0.0381982820501308
-0.0134138998199075
-0.0637598787777508
-0.112509372716615
-0.159376627430747
-0.20412085028533
-0.246545793127496
-0.286498527873436
-0.323867471883353
-0.358579732678414
-0.390597852560119
-0.419916043086778
-0.446556006996277
-0.47056245092229
-0.491998396048305
-0.510940395629898
-0.527473768074677
-0.541687952020347
-0.553672085647272
-0.563510906389405
-0.571281059384594
-0.577047893579869
-0.58086281355441
-0.582761243041597
