0.146251408665374
0.137445058040335
0.119964459583614
0.0940719388013453
0.0601563110663144
0.0187273502283622
-0.0295914609992943
-0.0840717936603281
-0.143890819636801
-0.208142893236175
-0.275852398153166
-0.345987574020177
-0.417475122869246
-0.489215384906087
-0.560097865200949
-0.629016888342758
-0.694887156843793
-0.756658991133771
-0.813333034306204
-0.863974213288231
-0.907724759662054
-0.943816107789614
-0.971579504957616
-0.990455187702998
-1
-0.99989335225869
-0.989941444745329
-0.970079704711532
-0.940373412821574
-0.901016520997171
-0.852328690156312
-0.794750602110899
-0.728837624721014
-0.655251932911516
-0.574753209991125
-0.488188073553755
-0.39647838779731
-0.30060863911312
-0.201612564066502
-0.100559228235489
0.00146123932387399
0.103352048038194
0.204024076227826
0.302409925095821
0.397477497588138
0.488242912532435
0.573782576364869
0.653244249242385
0.725856959170995
0.790939636682513
0.847908363256451
0.896282148778229
0.93568717649681
0.965859477827261
0.986646023560243
0.99800424221213
1
0.992804099888107
0.976687378973903
0.952014503829766
0.919236581984101
0.878882724235094
0.831550706699178
0.777896893199058
0.718625587628801
0.654477992175408
0.586220950651776
0.514635656675513
0.4405065040288
0.364610251318851
0.287705665134345
0.210523795410513
0.133759023864877
0.058061011374424
-0.0159723467062873
-0.0878008667484583
-0.156946853775159
-0.222998658995319
-0.285612989113211
-0.34451596010862
-0.399502909599606
-0.450437002853283
-0.497246687657467
-0.539922072279164
-0.578510318306706
-0.613110156017852
-0.64386564378295
-0.670959304680386
-0.694604782788274
-0.715039168378839
-0.732515145379432
-0.747293115919745
-0.759633455546013
-0.769789048782088
-0.777998248230479
-0.784478391452639
-0.789419998606735
-0.792981760450365
-0.795286411067645
-0.79641756281805
