0.592561365114203
0.59333923671927
0.594864731417265
0.597077782372381
0.599889359192687
0.603182736133011
0.606815157204274
0.610619876496271
0.614408547146745
0.617973927870112
0.621092871854309
0.623529559197812
0.625038930938555
0.625370280162376
0.624270953703462
0.62149011658722
0.616782530633105
0.609912298538328
0.600656525301433
0.588808850007388
0.574182802764131
0.556614943927731
0.535967745644546
0.512132179132153
0.485029974967803
0.454615527899172
0.420877422277844
0.383839559077441
0.343561870528605
0.300140613612958
0.253708238936907
0.204432836783074
0.152517167341822
0.0981972871895078
0.0417407889378605
-0.0165553244320198
-0.0763671047747992
-0.137346433865305
-0.199124075244353
-0.261312966716219
-0.323511714895193
-0.38530825123084
-0.446283607516975
-0.506015768018225
-0.564083555032789
-0.620070504945363
-0.673568692597054
-0.724182463089259
-0.771532031918569
-0.815256916576264
-0.855019165399218
-0.890506352484533
-0.921434310828819
-0.947549579472019
-0.968631544259649
-0.984494255828808
-0.994987912513992
-1
-0.999456083663409
-0.993320253584885
-0.981595226128423
-0.964322109719831
-0.941579845968813
-0.913484340524786
-0.880187300999118
-0.841874801894328
-0.798765598728616
-0.751109215412423
-0.699183830409888
-0.643293988295486
-0.5837681639948
-0.520956207284536
-0.455226695032755
-0.386964218203737
-0.316566629856187
-0.244442279256369
-0.171007255841576
-0.0966826651394316
-0.0218919569137014
0.0529416761920589
0.127397813363362
0.201061219727836
0.273524148162659
0.344388519320431
0.413267972586702
0.47978978278889
0.543596639465221
0.604348287342132
0.661723028331498
0.715419086822257
0.765155841285649
0.810674926226215
0.851741209283459
0.888143648818627
0.919696037609554
0.946237638331114
0.967633716331731
0.98377597484415
0.994582897212287
1
