-0.580409439777456
-0.585509903777201
-0.595597861236535
-0.610449252737838
-0.629732663431324
-0.653014848973144
-0.679767966190252
-0.709378393611483
-0.741157001718131
-0.774350709687608
-0.808155144894041
-0.841728203812687
-0.874204298528649
-0.904709062001754
-0.932374277763167
-0.95635279593299
-0.975833197411879
-0.990053971814465
-0.998316982119986
-1
-0.994568110171908
-0.981583799694385
-0.960715568590865
-0.931744921238403
-0.894571623229552
-0.849217135507388
-0.795826166062987
-0.73466630892307
-0.666125770080847
-0.590709209965395
-0.509031761534165
-0.421811311646317
-0.329859160583267
-0.234069200000065
-0.135405772818249
-0.0348903992435804
0.0664124291135784
0.167410170400081
0.266997641097495
0.364072676459088
0.457551803241929
0.546385684904695
0.629574102923052
0.706180245045956
0.775344082064224
0.836294628817015
0.888360902499096
0.930981411578391
0.963712031470301
0.986232148183047
0.998348978052257
1
0.991253466038354
0.972306985530077
0.943484208551292
0.905229663104943
0.858101829447944
0.802764561972527
0.739976994497593
0.670582088081375
0.595494001198993
0.515684480014277
0.432168481236063
0.345989251456361
0.258203094745249
0.169864064505053
0.0820088161017452
-0.00435814640940968
-0.0882786030094641
-0.16885391384996
-0.245257276545785
-0.316744759329099
-0.382664944607351
-0.442467039880678
-0.495707337600983
-0.542053932005087
-0.581289628807153
-0.613313012449283
-0.638137664926602
-0.655889559559867
-0.666802682019729
-0.671212958954422
-0.669550601293351
-0.662330994270579
-0.650144289040269
-0.633643871080674
-0.613533898084137
-0.590556114432324
-0.56547616043279
-0.539069602071525
-0.512107910998897
-0.485344624753038
-0.45950191383326
-0.435257775223117
-0.413234061441826
-0.393985540343685
-0.377990163910059
-0.365640704459296
-0.357237894353536
-0.352985180764495
