0.226986141220248
0.233120926601234
0.245296613523891
0.263326752701047
0.286934947038056
0.315758730523761
0.349354652087003
0.387204490689768
0.42872251158766
0.47326365869548
0.520132564573518
0.568593247898056
0.617879358569775
0.667204822988986
0.715774736597593
0.762796347631894
0.807489975190505
0.849099706205337
0.886903719683059
0.92022409259715
0.948435949960271
0.970975831764641
0.987349161485487
0.997136714512984
1
0.995685485953428
0.984027614705212
0.964950573910515
0.938468806660059
0.904686262881239
0.863794412656376
0.816069060127864
0.76186601401754
0.701615687201518
0.635816713007514
0.56502867971408
0.489864096927398
0.410979717914467
0.329067350432712
0.244844294997257
0.159043553782111
0.0724039554081153
-0.0143396592900016
-0.100466047786404
-0.185276834458099
-0.268105305611727
-0.348324607838605
-0.425355236936218
-0.498671716614338
-0.567808379625039
-0.632364178600082
-0.692006469511033
-0.746473727037065
-0.79557716797274
-0.839201275867029
-0.877303237087404
-0.909911315183439
-0.937122206523758
-0.959097435449903
-0.976058861396525
-0.988283383353234
-0.996096938494764
-0.999867901612652
-1
-0.996924864557126
-0.991094342016623
-0.982972695280438
-0.973028818900407
-0.961728594731853
-0.949527508794046
-0.936863644460376
-0.924151159383678
-0.911774344175678
-0.900082349967389
-0.889384659766256
-0.879947365203172
-0.87199029605217
-0.865685035045053
-0.86115383523921
-0.858469441781604
-0.857655804598902
-0.858689653583742
-0.861502893484193
-0.865985762170761
-0.871990683471755
-0.879336734534182
-0.887814637863415
-0.897192179976302
-0.907219952098398
-0.91763730364733
-0.928178396441519
-0.938578246696119
-0.948578642923708
-0.957933830821911
-0.966415861048259
-0.973819502368255
-0.979966630900939
-0.984710015935303
-0.987936433883923
-0.98956905418855
