-0.28566142844981
-0.27457923059296
-0.252601412535315
-0.220098168938374
-0.177617436789974
-0.125876199207066
-0.0657491046629001
0.00174541914220616
0.0754613380915714
0.15414321645549
0.236446166993122
0.320957232165879
0.406217859727184
0.490747118704951
0.573065290115527
0.651717460824506
0.725296748893913
0.79246679452742
0.851983162254401
0.902713317097894
0.943654859881183
0.973951734189827
0.992908149389198
1
0.994883601090155
0.977401601531201
0.947585981326605
0.905658085049732
0.852025690009112
0.787277154354973
0.712172736220356
0.627633219430503
0.534726023616432
0.434649016067303
0.328712278729975
0.218318115846155
0.104939615303322
-0.00990190056795492
-0.124660181646256
-0.237787749202911
-0.347759616626562
-0.453096660462275
-0.552388276141268
-0.644313964128497
-0.727663509135177
-0.801355437263589
-0.864453463121262
-0.91618067063118
-0.955931206973938
-0.983279308263083
-0.997985517558278
-1
-0.989462905507609
-0.966701775900051
-0.932226039743672
-0.88671868397292
-0.831025235646529
-0.766140229396354
-0.693191375534207
-0.613421679783669
-0.528169797632851
-0.438848933856983
-0.346924620403903
-0.253891723215869
-0.161251040405629
-0.0704858603287122
0.0169611515968151
0.0997103739799765
0.176466606348922
0.24603906652318
0.30735969521017
0.359499481567378
0.401682554972052
0.43329782374476
0.453907980519531
0.463255735725401
0.461267184581129
0.44805225841204
0.423902257257443
0.389284506919579
0.344834229080635
0.291343757164979
0.229749272553428
0.161115274903352
0.0866170360745271
0.0075213189420793
-0.0748343303069702
-0.159063385378581
-0.243752890394584
-0.327486397902002
-0.408866928592065
-0.486539586802982
-0.559213471528353
-0.625682534007388
-0.684845049853411
-0.73572139581518
-0.777469848310583
-0.809400152395428
-0.830984645332106
-0.841866757841625
