0.460047136380606
0.46457119576247
0.473546939670737
0.486830650937859
0.504209319989797
0.525403681980948
0.550072196529074
0.577815911598657
0.608184140141533
0.640680866241766
0.674771786905823
0.709891886448323
0.745453432785312
0.780854278974617
0.815486349124392
0.848744185387414
0.880033432203465
0.908779135249943
0.934433735688606
0.956484645202463
0.974461293923106
0.987941551550792
0.996557431638872
1
0.998023420323467
0.990448083183143
0.977162778462027
0.958125885609198
0.933365570857167
0.902978995337042
0.867130552709568
0.826049169258353
0.780024713150319
0.72940357254955
0.674583474279022
0.61600762558058
0.554158271065621
0.489549765036917
0.422721265878296
0.354229164060788
0.284639358434674
0.21451949682699
0.14443129653154
0.0749230580789106
0.0065224817505849
-0.0602701092764163
-0.124988042404595
-0.187203977537691
-0.246534919151704
-0.302646491231923
-0.355256419767248
-0.404137180236225
-0.449117780827573
-0.490084665800404
-0.526981737189983
-0.559809506786562
-0.58862340374279
-0.61353127609003
-0.634690136665154
-0.652302215278619
-0.666610389218113
-0.677893073224028
-0.68645865775736
-0.692639590593567
-0.696786201427452
-0.699260372199343
-0.70042915721314
-0.700658456800005
-0.700306846302458
-0.699719658553407
-0.699223412870229
-0.699120676966785
-0.69968544022065
-0.701159067554629
-0.703746892955182
-0.707615500526724
-0.712890729154419
-0.719656424514167
-0.727953949529625
-0.737782451639146
-0.749099872608086
-0.761824674309294
-0.77583824209619
-0.790987916299135
-0.807090592165401
-0.823936819399534
-0.841295324490563
-0.858917872361799
-0.87654437865256
-0.893908180220345
-0.910741369293374
-0.92678009613797
-0.941769746138095
-0.955469899794263
-0.967658988289371
-0.978138562868031
-0.98673710323827
-0.993313298412588
-0.99775874272138
-1
