1
0.991971652275236
0.975987604768399
0.952192332688805
0.920800507664968
0.882094577589605
0.836421588090806
0.784189286204587
0.725861555904112
0.661953243534518
0.593024438794843
0.519674283596586
0.442534386822136
0.362261927629785
0.279532533445394
0.195033021100116
0.109454090692019
0.0234830616576032
-0.0622032607553364
-0.14694550289411
-0.23010834187534
-0.311086749101439
-0.389311786384762
-0.464255889553758
-0.53543758184267
-0.602425567501027
-0.664842164781013
-0.722366046641909
-0.774734267017536
-0.821743560187607
-0.863250910538342
-0.899173399652827
-0.929487347101644
-0.954226770377444
-0.973481198008419
-0.987392877878004
-0.996153430064588
-1
-0.999210973346115
-0.994101318636243
-0.985017627367871
-0.972332923827169
-0.956441318450907
-0.937752578981398
-0.91668669305452
-0.893668494205106
-0.86912242061874
-0.843467472359452
-0.817112428327661
-0.790451378933093
-0.763859624495238
-0.737689982810818
-0.712269542262883
-0.687896889404907
-0.664839832255099
-0.643333632702783
-0.62357975358235
-0.605745118231441
-0.589961872835894
-0.57632763468658
-0.564906202737476
-0.555728700656943
-0.548795116991605
-0.544076202190095
-0.541515678125324
-0.541032712458966
-0.542524607746789
-0.545869653610365
-0.550930089607268
-0.557555126611331
-0.565583975546156
-0.574848834164313
-0.585177785184307
-0.596397562427996
-0.608336145572512
-0.620825148663007
-0.633701972537644
-0.646811696699332
-0.660008691830096
-0.673157939980362
-0.686136055372259
-0.698832004628591
-0.711147530974894
-0.72299729246191
-0.734308729426172
-0.745021681160304
-0.755087776023361
-0.764469622915919
-0.773139835116045
-0.781079919873662
-0.788279068857402
-0.7947328855177
-0.800442085663714
-0.805411207053811
-0.809647362587036
-0.813159069786074
-0.815955186722551
-0.818043981406531
-0.819432358007123
-0.820125259163229
