-1
-0.9948801236087
-0.984669634118341
-0.969426849259438
-0.949238725248863
-0.92422023723524
-0.894513561342935
-0.860287065172474
-0.82173411520656
-0.779071711082184
-0.732538958106255
-0.682395390701753
-0.628919160661534
-0.572405105146731
-0.513162710287008
-0.451513987012424
-0.387791276365284
-0.322335001999887
-0.255491387875551
-0.18761015928194
-0.119042245305683
-0.0501375006552295
0.0187575355898488
0.0873018272435362
0.155161957882535
0.222014161702299
0.287546253664911
0.351459445286746
0.413470033566026
0.47331095179928
0.530733172368427
0.58550695298286
0.637422919319381
0.686292978502438
0.731951059393085
0.774253677192736
0.813080321402191
0.848333667693416
0.87993961573699
0.907847156468638
0.932028073661057
0.952476485980443
0.969208236939565
0.982260141301079
0.991689097526911
0.99757107680431
1
0.999086514595374
0.994956684233947
0.987750603964498
0.97762095458805
0.964731509713946
0.949255609200701
0.93137461260341
0.911276346074617
0.889153555874135
0.865202381240829
0.839620858872264
0.812607470653438
0.784359745581693
0.755072926059662
0.724938707881061
0.694144062324574
0.662870147809028
0.631291317558275
0.599574228687099
0.567877057059937
0.536348821202366
0.505128817471082
0.474346167620882
0.444119478856341
0.414556615430193
0.38575457985813
0.357799500868752
0.33076672430472
0.304721002343494
0.279716775619189
0.255798542106205
0.233001305975013
0.211351099054381
0.190865567035697
0.171554612136027
0.153421083598928
0.136461507156752
0.120666844405495
0.106023272952897
0.0925129781915179
0.0801149476193614
0.0688057587793325
0.0585603521126903
0.0493527803178158
0.041156926170473
0.0339471811914938
0.0276990780382458
0.0223898700427647
0.0179990519172528
0.0145088162916629
0.011904441432973
0.010174606216055
0.00931162916604067
