0.328665031799256
0.329163656056851
0.330155333778593
0.331628835943227
0.333567103915012
0.335947000993155
0.338738997042175
0.341906799382894
0.345406945869663
0.349188378474156
0.353192017683895
0.357350359556527
0.361587118308792
0.365816937831774
0.369945195490454
0.373867920975456
0.37747185182818
0.380634645567888
0.383225266132053
0.38510455963068
0.386126031252729
0.386136831598486
0.384978956804508
0.382490662643753
0.378508088395156
0.372867081761881
0.36540521155709
0.355963950354467
0.344391004902577
0.330542767912214
0.314286860926673
0.295504734455693
0.274094288469291
0.249972473776136
0.223077832813757
0.193372937007186
0.160846677151823
0.125516363277927
0.0874295911798717
0.0466658342530297
0.00333772147284583
-0.0424080347398968
-0.0903900934227072
-0.140392351144858
-0.192164242793867
-0.245421495217244
-0.299847345988124
-0.355094233296708
-0.410785956396921
-0.466520299253685
-0.521872103139836
-0.57639676702624
-0.629634147799313
-0.681112825732821
-0.73035469434036
-0.776879827843296
-0.820211574104051
-0.859881816088082
-0.895436340814284
-0.926440251408241
-0.952483355351334
-0.973185460375278
-0.988201508728315
-0.997226480764814
-1
-0.996310573927029
-0.985999408001936
-0.968963734235877
-0.945159600752591
-0.914604074417503
-0.877376815156032
-0.833620987773
-0.783543484872305
-0.727414442756185
-0.665566040848015
-0.598390584116623
-0.526337877063069
-0.449911906938943
-0.369666862872976
-0.286202526364702
-0.200159077036596
-0.112211365500016
-0.0230627125710373
0.0665616992367104
0.155921770112126
0.244269686382181
0.330857302049831
0.414943614440662
0.495802247968397
0.572728859132722
0.645048376085063
0.71212198744356
0.773353797495764
0.828197068469727
0.876159975138888
0.916810802596517
0.949782524520765
0.974776706567833
0.991566687582855
1
