1
0.997519697573137
0.992613706808085
0.985390147855904
0.976008450717904
0.964676110194176
0.9516444501822
0.937203473376546
0.921675888999046
0.905410426202939
0.888774553988948
0.87214673962041
0.855908386436357
0.840435598480395
0.826090923373138
0.813215226281972
0.802119846651458
0.793079185561543
0.786323865232454
0.782034593390734
0.780336854086837
0.781296533286382
0.784916572355639
0.791134725670623
0.799822480270685
0.810785176048058
0.823763344730643
0.838435265206874
0.854420711898454
0.871285852252554
0.888549229341143
0.905688746355672
0.922149551791583
0.937352707632465
0.950704508148205
0.961606304268056
0.969464678098852
0.97370180421626
0.973765829009742
0.969141096715626
0.959358050890319
0.944002642975878
0.922725085267151
0.895247793933306
0.861372378663128
0.820985548837613
0.774063821690254
0.720676935463435
0.660989889844146
0.595263556670319
0.523853825722498
0.447209273016993
0.365867362044447
0.280449211491449
0.191652985779056
0.100245986889989
0.00705554708335088
-0.0870411581266012
-0.181128239241945
-0.274263010671513
-0.365488529692369
-0.453846577479258
-0.538390894400271
-0.618200475789238
-0.692392731340489
-0.760136311196187
-0.820663404731156
-0.873281323959075
-0.917383192314643
-0.952457571191185
-0.978096870870564
-0.994004409169284
-1
-0.996023974835161
-0.982139562452486
-0.958533576007733
-0.925515381065094
-0.883514143350518
-0.833074380299314
-0.774849865563591
-0.709595960146268
-0.638160467363356
-0.561473131044891
-0.480533916926882
-0.39640023574527
-0.310173282831421
-0.222983682773671
-0.135976638735477
-0.0502967941334939
0.0329269805522485
0.112596661123272
0.187659789674873
0.257123632167483
0.320068571924755
0.375660547892021
0.42316235979393
0.461943678279891
0.491489616505776
0.511407740098452
0.521433414782397
