-1
-0.989354118293992
-0.96818222206039
-0.936722519512885
-0.895328528804058
-0.844464584045308
-0.784699940776866
-0.716701562573998
-0.641225688633809
-0.559108298886748
-0.471254608175805
-0.378627734127629
-0.28223669431556
-0.183123897028807
-0.08235229629242
0.0190076143568365
0.119890793492549
0.219250454162274
0.316070506030675
0.409377472475454
0.498251726285597
0.581837898294069
0.659354325998697
0.730101423788622
0.793468872574977
0.848941544176262
0.896104094463928
0.934644178749657
0.964354262899094
0.985132023887308
0.996979353666795
1
0.994395897022826
0.980462256472654
0.958581507469353
0.929216188235555
0.892900906961776
0.850233500968078
0.801865533222056
0.748492273010034
0.690842313025644
0.629666978273831
0.565729682961296
0.499795389965456
0.432620323588036
0.364942080186625
0.297470273051696
0.230877837703506
0.165793111797806
0.102792790253048
0.0423958412693664
-0.0149415471546633
-0.0688299375277432
-0.11894949483114
-0.165051702809539
-0.20695994511302
-0.244568969426329
-0.277843269809657
-0.306814438777213
-0.331577555907302
-0.352286693779508
-0.369149634562349
-0.382421901444418
-0.392400218157542
-0.399415516955835
-0.403825620495592
-0.406007726046933
-0.406350821331964
-0.405248160033593
-0.40308992169503
-0.400256175407204
-0.397110259465624
-0.393992680205927
-0.391215622661736
-0.389058153717923
-0.387762185266565
-0.387529250739858
-0.38851813353598
-0.390843370522984
-0.394574638260845
-0.399737014083292
-0.40631208898737
-0.414239894641465
-0.423421592982948
-0.433722864061428
-0.444977916201205
-0.456994032394208
-0.469556558254867
-0.482434230006832
-0.49538473593435
-0.508160401594299
-0.520513887891668
-0.532203791882849
-0.543000042865508
-0.55268899088717
-0.561078091171419
-0.568000096005759
-0.573316675215356
-0.576921397293641
-0.5787420153827
