1
0.999817159822473
0.999421731856043
0.998754855102159
0.997729812385503
0.996233888262101
0.99413079465828
0.99126362114571
0.987458257349936
0.982527226459783
0.976273861296436
0.968496748040633
0.958994357612622
0.947569780940007
0.934035481999209
0.918217981619821
0.899962385616799
0.879136672858116
0.855635662356385
0.82938458333921
0.800342178429449
0.768503277456038
0.73390078790146
0.696607057438018
0.656734574260417
0.614435981821577
0.569903395946098
0.5233670239469
0.475093097115718
0.425381139605489
0.374560608081168
0.322986947398174
0.27103711779432
0.219104658481511
0.167594360940113
0.116916632509243
0.0674816369054843
0.0196933029853987
-0.0260567036902934
-0.0693949501920297
-0.109972049955355
-0.147468225762479
-0.181598529710244
-0.212117632296656
-0.238824098594268
-0.261564076673675
-0.28023433188827
-0.294784570205633
-0.305219004326785
-0.311597127710677
-0.314033673642972
-0.312697748969275
-0.30781114485957
-0.299645839783387
-0.288520722553123
-0.274797575635921
-0.258876370747085
-0.241189939831864
-0.222198094740052
-0.202381278034604
-0.182233835302874
-0.162257005926888
-0.142951734407279
-0.124811407936465
-0.108314627916217
-0.0939181234735029
-0.0820499137322971
-0.0731028226597231
-0.0674284457594527
-0.0653316617961834
-0.0670657751886377
-0.0728283658142774
-0.0827579128574201
-0.096931248153618
-0.115361882403935
-0.13799923483452
-0.164728783552721
-0.195373140202639
-0.229694038758005
-0.267395214618197
-0.308126136803238
-0.351486543180515
-0.397031716497378
-0.444278427727086
-0.492711463034777
-0.541790641693424
-0.590958224666722
-0.639646607445796
-0.687286186175867
-0.733313283210455
-0.777178017031589
-0.818352001996442
-0.856335765609048
-0.89066577493924
-0.920920969362979
-0.94672870389692
-0.967770015940087
-0.983784138089251
-0.994572190714302
-1
