0.192074653727571
0.198374107234129
0.210877398605655
0.229394663077803
0.253644499629966
0.283257990162757
0.317783965690906
0.356695441895445
0.399397129194396
0.445233906742364
0.493500135693749
0.543449674873773
0.594306451878779
0.64527543472339
0.695553843584021
0.744342439036783
0.790856722497065
0.834337886344095
0.874063355424918
0.909356768209661
0.93959725470857
0.964227879221566
0.982763128901207
0.994795343768476
1
0.998139775754351
0.989067347254468
0.972726882008456
0.949154215637458
0.91847571848648
0.880905877720484
0.836743639655778
0.786367575356123
0.730229949756914
0.66884979050929
0.602805067119859
0.532724103586536
0.45927635840997
0.383162714437398
0.30510542734867
0.22583788563459
0.14609433659393
0.0665997321725964
-0.0119401545915274
-0.0888481971127344
-0.163484828947642
-0.235256275426554
-0.303621986575233
-0.368101167956758
-0.42827832085442
-0.483807719280441
-0.534416768374284
-0.579908206576262
-0.620161132244339
-0.655130853835604
-0.684847581108421
-0.709413992729609
-0.729001732913263
-0.743846906006312
-0.754244653018913
-0.760542907743801
-0.763135442109733
-0.76245432058919
-0.758961891678141
-0.75314245056646
-0.745493711035888
-0.736518226307595
-0.726714897998428
-0.716570709554873
-0.706552815572795
-0.697101111370006
-0.688621398181251
-0.681479248545672
-0.675994664038002
-0.672437603664582
-0.671024446233651
-0.671915434064279
-0.675213128781993
-0.680961892933582
-0.689148394016552
-0.699703110538761
-0.712502803176358
-0.727373898250712
-0.744096715853015
-0.762410461247922
-0.782018885904305
-0.802596513827747
-0.823795319975145
-0.845251740556648
-0.866593890082905
-0.887448857171476
-0.907449950426556
-0.926243767157029
-0.943496961270407
-0.958902592311362
-0.972185945206385
-0.983109719702274
-0.991478499587331
-0.997142424374922
-1
