0.7073216643361
0.710979636503597
0.718213439329433
0.728860104040311
0.742678442681979
0.759352909544248
0.778498655971776
0.799667700077186
0.822356115565971
0.846012128064881
0.870044993262544
0.89383451904166
0.916741083794238
0.938115995419539
0.957312030227576
0.973693988190105
0.986649100738197
0.995597129603307
1
0.999370818677202
0.993282136906976
0.981373330185491
0.96335698010648
0.939024159318643
0.908248537453503
0.870989244143789
0.827292444459622
0.777291601971193
0.721206424891835
0.65934051104945
0.59207772746094
0.519877379732482
0.443268245076031
0.362841560131396
0.27924307074427
0.193164265127048
0.105332924201142
0.0165031331968324
-0.0725550933874789
-0.161066415712065
-0.248260840458918
-0.333384298989054
-0.415708971969668
-0.494543204941108
-0.569240865993341
-0.639210005717533
-0.70392069074563
-0.762911895310954
-0.815797350146778
-0.86227026445122
-0.902106854325587
-0.935168629760033
-0.961403411600607
-0.980845069680523
-0.993611993125261
-0.999904323434825
-1
-0.994249685925028
-0.983070659122302
-0.966939769349699
-0.946385575934019
-0.921979793147499
-0.894328180390209
-0.864061022324141
-0.831823349784131
-0.79826505557286
-0.764031060085947
-0.729751680101814
-0.696033350041085
-0.663449838621609
-0.632534095215004
-0.603770849490886
-0.577590075291196
-0.554361415314695
-0.534389647343214
-0.517911255662291
-0.505092153294046
-0.496026581959178
-0.490737197617279
-0.489176330305332
-0.491228388108749
-0.496713356758749
-0.505391328846383
-0.516967980255263
-0.531100896402358
-0.547406637476733
-0.565468420291812
-0.584844284800031
-0.605075605909753
-0.625695806108561
-0.646239121613762
-0.666249274381341
-0.685287904311974
-0.702942620361655
-0.718834535922206
-0.732625162673616
-0.744022547981662
-0.752786553643513
-0.758733188164653
-0.761737920549424
