1
0.994932613287736
0.984864322405576
0.96992705186291
0.950316103490192
0.926287100470351
0.8981519885199
0.866274157648418
0.831062761876367
0.792966327016348
0.752465747920132
0.710066786284081
0.66629218803505
0.621673545361836
0.576743032517548
0.532025146531396
0.488028583902038
0.445238382199393
0.404108451311419
0.365054612902596
0.328448258599027
0.294610727608397
0.263808493076169
0.236249233652838
0.212078852703342
0.191379492551086
0.174168575353213
0.160398885900737
0.14995969508493
0.142678906231963
0.138326190243145
0.136617059745852
0.137217817509701
0.139751300450753
0.143803327854522
0.148929751197834
0.154663993318924
0.160524956827727
0.166025175689518
0.170679079950003
0.174011241662654
0.175564470260718
0.174907627885273
0.171643039502326
0.165413378949059
0.155907920243492
0.142868053444602
0.126091975905144
0.105438482735427
0.0808297944890322
0.0522533752673431
0.0197627103797531
-0.0165229708609783
-0.0564200249426627
-0.0996827576252405
-0.146006785765188
-0.195033346336787
-0.246354486445269
-0.29951905410816
-0.354039396814607
-0.409398663560417
-0.465058596378344
-0.520467689492708
-0.575069588250304
-0.628311596011395
-0.679653155289419
-0.728574169637064
-0.774583035088037
-0.817224254342978
-0.85608551326733
-0.890804107549348
-0.921072617418894
-0.946643739995258
-0.967334201932426
-0.983027689357968
-0.99367674743243
-0.999303617949423
-1
-0.995925735577692
-0.987306438838127
-0.974430104284854
-0.957642745170605
-0.937343128628901
-0.913976688245062
-0.88802870771498
-0.860016880720721
-0.830483361993154
-0.799986432578328
-0.769091908449077
-0.738364425709503
-0.708358737662433
-0.67961115891611
-0.652631289497096
-0.627894147645648
-0.605832833664299
-0.586831838968479
-0.57122110447811
-0.559270920847909
-0.551187749943638
-0.547111032636924
