-0.362717142854486
-0.364556149390137
-0.368166363096989
-0.373413460267675
-0.38009912161799
-0.387964772586771
-0.396696472706048
-0.405930872333018
-0.415262137109239
-0.424249724194749
-0.432426879879865
-0.43930971583947
-0.444406711264341
-0.447228480545412
-0.447297641224294
-0.444158614639792
-0.437387192135906
-0.426599702848584
-0.41146162490969
-0.391695490307897
-0.367087944496895
-0.337495834971424
-0.302851218234751
-0.263165191617461
-0.218530475007429
-0.16912268741989
-0.115200284159455
-0.057103141771618
0.00475020029130202
0.0698666107022723
0.137683698149999
0.207576331746122
0.278864258184203
0.35082070585256
0.42268184975043
0.493656996648816
0.562939337707081
0.629717105903375
0.693184968323221
0.752555478698094
0.807070413674791
0.856011817163456
0.89871258075048
0.934566394521088
0.963036911621346
0.983665981365017
0.996080819482008
1
0.995238171003953
0.981709415854097
0.959429202061389
0.92851488159885
0.889184728630902
0.841755523123581
0.786638711204206
0.724335195118311
0.655428826839281
0.580578699488395
0.500510349403489
0.416005998658166
0.327893982812446
0.237037521432447
0.144322999248407
0.0506479335620473
-0.0430911914585469
-0.136011040727938
-0.227253312172252
-0.315996209807763
-0.401465333351278
-0.4829438206417
-0.559781590598027
-0.631403548257459
-0.697316629414898
-0.757115580274292
-0.810487387045657
-0.857214291275671
-0.897175348560102
-0.930346510812643
-0.956799235105837
-0.976697644899506
-0.99029429187467
-0.997924588246479
-1
-0.997000110656169
-0.989463682632278
-0.977978858738795
-0.963172659610004
-0.945699943692063
-0.926232004639153
-0.905444986467097
-0.884008299497874
-0.862573219955181
-0.841761853042956
-0.822156633502239
-0.80429052908786
-0.788638101268321
-0.775607563903739
-0.765533964909245
-0.758673598210599
-0.755199733921596
