0.854077564936208
0.839659119761318
0.811046102087278
0.768682794039948
0.713227014615909
0.645539944650582
0.566672807593055
0.477850613230185
0.380453217147319
0.275993990405829
0.166096431007292
0.0524690806215131
-0.0631208637171173
-0.178874833101885
-0.292990641854957
-0.403690283535953
-0.509247336758162
-0.608013556042074
-0.698444235890896
-0.779121955647937
-0.848778338184864
-0.906313486671154
-0.950812800097182
-0.981560909293573
-0.998052520262035
-1
-0.987337590903724
-0.960222192473307
-0.919030702592944
-0.864353964281303
-0.796987416660175
-0.717918600147116
-0.628311714737776
-0.52948947594221
-0.422912554763064
-0.310156925399841
-0.192889476551523
-0.0728422687696842
0.0482141591260778
0.16849801733573
0.286243601166008
0.399728310012937
0.507298929011449
0.607396765381002
0.698581250134765
0.779551640540816
0.849166489131737
0.906460580669946
0.950659078724511
0.981188667762864
0.997685524207357
1
0.988197954067748
0.962558719867028
0.923569750077429
0.87191803167736
0.8084784152479
0.734299050619102
0.650584166137349
0.558674470184371
0.460025490470364
0.356184198478212
0.248764292756301
0.139420535134547
0.0298225480571026
-0.0783715111301236
-0.183540982041889
-0.284128027910546
-0.378661857723538
-0.465781462873271
-0.544256511703727
-0.613006075305634
-0.671114893014038
-0.717846925737088
-0.752655988859804
-0.775193303326207
-0.785311852861484
-0.783067486367848
-0.768716756501821
-0.742711537491338
-0.705690516552526
-0.65846770300443
-0.602018146567114
-0.537461100613863
-0.466040906630546
-0.38910591217445
-0.308085765651414
-0.224467456754235
-0.139770491025
-0.0555216004107116
0.0267706013340057
0.105640609089048
0.179690259427304
0.247611815574551
0.30820953230173
0.360419353457605
0.403326425063367
0.436180142157931
0.458406487340569
0.469617462572147
