-0.0718283794098682
-0.0655477988354174
-0.0530591188842922
-0.0345064862461554
-0.0101040915021785
0.0198662388743014
0.055058207989191
0.0950649334876454
0.139423505454202
0.18762016274121
0.239096025953713
0.293253318854297
0.349462004363191
0.407066756686222
0.465394187462047
0.523760241222865
0.581477673937747
0.637863527968316
0.692246517411816
0.743974239520916
0.792420130642957
0.836990088870107
0.877128690279106
0.912324931196023
0.942117435267401
0.966099071164208
0.983920934390199
0.995295654805735
1
0.997876753433263
0.98883585520825
0.972854802297026
0.949978313929286
0.920317276524389
0.884046990911941
0.841404752529067
0.792686802708578
0.738244695991642
0.678481134531174
0.613845326028942
0.544827926212342
0.471955630560486
0.395785482800687
0.316898969595562
0.235895971820967
0.153388642901716
0.069995283844273
-0.0136657170858218
-0.0969818146067662
-0.179352044429309
-0.260192510863341
-0.338941570473588
-0.415064663409791
-0.488058749679969
-0.557456313657758
-0.622828906422893
-0.68379020203234
-0.739998550412683
-0.791159016157207
-0.837024899011592
-0.877398738151504
-0.912132808410249
-0.941129122327788
-0.964338957193781
-0.981761931085234
-0.993444656200974
-0.999479001527423
-1
-0.995183437829169
-0.985243165527542
-0.970428171402842
-0.951019458879339
-0.927326768995984
-0.899685188830571
-0.868451685452074
-0.834001603351996
-0.796725161201168
-0.757023981277758
-0.715307682077024
-0.671990561508775
-0.627488394782235
-0.582215367638812
-0.536581162089873
-0.490988208316411
-0.445829112955454
-0.401484270695477
-0.358319662986875
-0.31668484479472
-0.276911117724718
-0.239309885576902
-0.204171186455688
-0.171762394011134
-0.142327079218728
-0.116084023328624
-0.093226372227116
-0.0739209224417323
-0.0583075293672429
-0.0464986289665453
-0.0385788651740614
-0.0346048164603709
