0.732105717024276
0.722303079595595
0.702828689804623
0.673942548913675
0.636030261521804
0.589597828116315
0.535264816229533
0.47375600612026
0.405891628222398
0.332576329214024
0.254787021174082
0.173559783655981
0.0899760013972275
0.0051479306176192
-0.0797961057079721
-0.163726688684918
-0.245528233954131
-0.32411367668344
-0.398438710360183
-0.467515385870334
-0.530424887324368
-0.586329313662494
-0.634482310046604
-0.674238410192646
-0.705060969853097
-0.726528592335079
-0.738339968922649
-0.740317080031153
-0.7324067265128
-0.714680384404099
-0.687332400202783
-0.650676567132681
-0.605141145456255
-0.551262411396199
-0.489676839317846
-0.421112040214512
-0.346376595967171
-0.266348943087713
-0.18196547150621
-0.0942080132687462
-0.00409090265524903
0.0873522068711137
0.179081582344827
0.270064522712711
0.359288161445918
0.445771786800479
0.528578515662449
0.606826168728088
0.679697208711094
0.746447619104517
0.806414618493728
0.859023124234967
0.903790899179215
0.940332335716943
0.96836085242124
0.987689899645949
0.998232591265127
1
0.993098173160887
0.977723943842432
0.95415962937926
0.922766723950108
0.883978705393824
0.838293087385326
0.786262856962943
0.728487443886979
0.665603372367813
0.598274747294555
0.527183726226603
0.45302112512373
0.376477300167869
0.298233440190419
0.218953394316643
0.13927614765944
0.0598090444532731
-0.0188781568444327
-0.0962583279812885
-0.171851063270836
-0.245225785788319
-0.316003851095857
-0.383859649977432
-0.448520729145189
-0.50976696576391
-0.567428847650936
-0.621384925881787
-0.671558520025231
-0.717913768128233
-0.760451123681745
-0.799202409964237
-0.834225548256639
-0.865599080360451
-0.893416607577761
-0.917781267812853
-0.938800369752736
-0.956580298238177
-0.971221798043886
-0.982815734476688
-0.99143941863679
-0.997153573061328
-1
