1
0.992863247928742
0.978669167523964
0.95757549902659
0.929816101243207
0.895697695715096
0.855595601577886
0.80994852472526
0.759252478943856
0.704053929549591
0.644942261531328
0.582541684121022
0.517502691909399
0.4504932089886
0.382189547032289
0.313267310653717
0.24439238377853
0.176212129128222
0.109346929260618
0.0443821920147629
-0.0181390642512356
-0.0777229394414832
-0.133930599131994
-0.186383357442484
-0.234766825663913
-0.278834071420683
-0.318407748430997
-0.353381172774827
-0.383718337739981
-0.409452875542088
-0.430685990252663
-0.447583401872843
-0.460371356418217
-0.469331770902627
-0.474796595010958
-0.477141482835244
-0.476778878138927
-0.474150625057944
-0.469720222818206
-0.463964847848115
-0.457367269523187
-0.450407786658825
-0.443556310759392
-0.437264718960473
-0.431959594620972
-0.428035466716441
-0.425848650667412
-0.425711783145547
-0.427889131899666
-0.432592748918473
-0.439979521501021
-0.45014916125952
-0.463143155963429
-0.478944693689336
-0.497479553212409
-0.518617939207901
-0.542177225867547
-0.567925558211262
-0.595586246913958
-0.624842880081385
-0.655345064290532
-0.686714697532147
-0.718552668604639
-0.750445871133994
-0.781974415829783
-0.81271892190048
-0.84226776777965
-0.87022418246538
-0.896213061824946
-0.919887399111829
-0.940934225599773
-0.959079965548019
-0.97409511953646
-0.985798201388382
-0.994058866249995
-0.99880018071964
-1
-0.997691431656718
-0.991962380471191
-0.982954183834478
-0.970859361903115
-0.955918521089415
-0.938416463158805
-0.918677565036086
-0.897060506176246
-0.873952430846597
-0.84976264172836
-0.824915928733931
-0.799845642732221
-0.774986627887578
-0.750768128485285
-0.727606786405472
-0.705899843814658
-0.686018662197513
-0.668302663607612
-0.653053793061016
-0.6405315924434
-0.630948966289223
-0.624468708481926
-0.621200846500506
