-1
-0.989601264447151
-0.968927709939915
-0.938225434393382
-0.897859272283947
-0.848307691642615
-0.790156108649903
-0.724088719156753
-0.650878968409869
-0.5713788003613
-0.486506845885149
-0.397235724736037
-0.304578648929615
-0.209575525211128
-0.113278761254366
-0.016738984097438
0.0790091199812724
0.172960637419557
0.264153730038697
0.351682215944395
0.434707247728734
0.512467921302676
0.584290665443765
0.649597281129152
0.707911520643005
0.758864118973759
0.802196213799859
0.83776111503354
0.865524410068348
0.885562416168119
0.898059016452693
0.903300940293337
0.901671572254473
0.893643395650522
0.879769196992514
0.860672175771361
0.837035119888301
0.809588820359813
0.779099909496057
0.746358314423952
0.712164522489109
0.677316856663079
0.642598957589944
0.60876766436356
0.576541478615794
0.546589786145087
0.519522997295985
0.495883751827548
0.476139316333383
0.460675282683721
0.449790654765301
0.443694388336743
0.442503425453429
0.446242241017911
0.454843894957846
0.468152559703441
0.485927469405504
0.507848215068269
0.533521288816637
0.562487761202168
0.594231958076037
0.628190988388594
0.663764961546975
0.700327722867848
0.737237928352882
0.77385027559665
0.809526706170674
0.843647396326522
0.875621357291534
0.904896473712292
0.930968818808035
0.953391097359845
0.971780082572939
0.985822929862403
0.995282269448651
1
0.999899727095318
0.994987812650365
0.985353024295496
0.971164796641118
0.952670139050993
0.93018924659769
0.904109891944964
0.874880695651375
0.843003390501964
0.809024211661536
0.773524558446166
0.737111085106965
0.700405387028475
0.664033455022024
0.628615073844608
0.594753341644584
0.563024484721296
0.533968136827856
0.508078244331282
0.485794748003283
0.467496179221397
0.453493293126605
0.444023844058569
0.439248589653839
