0.863354896943941
0.858682227827354
0.849366153620301
0.83546514518441
0.817066763057901
0.794287474849852
0.767272399160565
0.736194965676993
0.701256479060844
0.662685572570346
0.620737536090092
0.575693502433653
0.52785947546894
0.477565183824305
0.425162744681626
0.371025123457321
0.315544377008393
0.259129670361802
0.202205059824137
0.145207038646073
0.0885818451437534
0.0327825372585391
-0.0217341580996655
-0.0745112080065924
-0.125094831154004
-0.1730382277899
-0.217905454903961
-0.25927541503404
-0.296745922740481
-0.329937808787348
-0.358499018471289
-0.382108657433091
-0.400480935751582
-0.413368959224218
-0.420568315544619
-0.42192040264544
-0.417315446825051
-0.406695159446245
-0.390054982999366
-0.367445880162385
-0.33897562315416
-0.304809545138532
-0.265170720656183
-0.220339547985353
-0.170652712895916
-0.116501520386106
-0.0583295885888953
0.00337009299293345
0.0680587305241807
0.135155899354652
0.2040442967955
0.274075038592144
0.344573455401764
0.414845337788947
0.48418357091578
0.551875093339985
0.61720810825842
0.67947947024728
0.738002166149264
0.792112805325249
0.841179032094657
0.884606771892104
0.921847222510373
0.952403502808293
0.975836873446935
0.9917724475727
0.999904313868038
1
0.991904211157238
0.975541786005365
0.950919820921736
0.918128922692808
0.87734355985667
0.828821493425637
0.772902278694805
0.710004841090577
0.640624140391121
0.565326949007666
0.484746781199024
0.399578020950361
0.310569306631974
0.218516240321251
0.124253498684193
0.028646430444605
-0.0674177673973904
-0.163039196404202
-0.257314623563357
-0.349346961565283
-0.438254753635009
-0.523181553165713
-0.603305088893876
-0.677846108232822
-0.746076794626932
-0.807328659367597
-0.860999814170473
-0.906561537880506
-0.943564058858782
-0.971641483810057
-0.990515813914313
-1
