1
0.994152174848611
0.982512242356604
0.965191051085393
0.942353412872006
0.91421636814826
0.881046903665471
0.843159148398449
0.800911079250201
0.754700773640736
0.70496225107401
0.652160950276399
0.596788892435045
0.539359584389253
0.480402718304966
0.420458726361845
0.360073250284022
0.299791586137541
0.240153164697366
0.18168612686112
0.124902052070983
0.0702908955235448
0.0183161871323292
-0.0305894582005976
-0.0760284734015862
-0.117642073974552
-0.155113558404098
-0.188171143180312
-0.216590306958025
-0.240195624136197
-0.258862074070104
-0.272515818135747
-0.281134442877643
-0.2847466734145
-0.283431567080418
-0.277317202873552
-0.266578887604643
-0.251436904623998
-0.232153835602423
-0.209031490000078
-0.182407480534888
-0.152651486123251
-0.120161246382472
-0.085358333835913
-0.0486837514356289
-0.0105934039083391
0.0284465082583436
0.0679641236311395
0.107486535700318
0.146544343394211
0.184676091666367
0.221432559879585
0.256380858427378
0.28910829712307
0.319225992300281
0.346372183253372
0.370215232548057
0.390456288795121
0.406831594647651
0.419114426998936
0.427116660569391
0.430689950224193
0.429726531408663
0.424159641979424
0.413963572403121
0.399153354752954
0.379784104122837
0.355950028971567
0.327783129482062
0.295451605256293
0.259157995553473
0.219137076811367
0.17565354336785
0.128999498126922
0.0794917804002109
0.0274691583160369
-0.0267105869577281
-0.0826736583610769
-0.14003329533253
-0.198392856235198
-0.257348906729405
-0.316494291289978
-0.375421166488627
-0.43372397618668
-0.491002350378432
-0.546863911059285
-0.600926970135807
-0.652823106019366
-0.702199607125708
-0.748721772017886
-0.792075057360043
-0.831967066179592
-0.868129370153249
-0.900319160730631
-0.928320724883219
-0.951946742116321
-0.971039400110475
-0.985471326973224
-0.995146338592325
-1
