1
0.994478817840994
0.983475140041233
0.967065942863343
0.945365703873329
0.918525231972824
0.886730130933367
0.850198916134838
0.809180808601826
0.763953234479265
0.714819061734839
0.662103609069266
0.606151464712153
0.547323154943644
0.485991703781514
0.422539126289176
0.357352898380173
0.290822445816219
0.223335694324404
0.155275721409493
0.087017548532359
0.0189251098967689
-0.0486515688270469
-0.115378951866476
-0.180942308562309
-0.245047740268884
-0.307423901106492
-0.367823399269694
-0.426023870262992
-0.481828718164683
-0.535067525740212
-0.585596138867705
-0.633296435232157
-0.678075791525256
-0.719866267392974
-0.758623528045391
-0.794325530730827
-0.826971003133497
-0.856577744141863
-0.883180779322334
-0.906830404796579
-0.927590154045422
-0.945534722441413
-0.960747884047462
-0.973320434420795
-0.983348191848206
-0.990930087636668
-0.996166373826388
-0.999156974022166
-1
-0.998790453391706
-0.995619128137381
-0.990571725584465
-0.983728190165807
-0.975162269572342
-0.964941299314038
-0.953126207600578
-0.939771732634343
-0.924926840753623
-0.9086353304514
-0.890936604177684
-0.871866587059721
-0.851458769286583
-0.829745346938768
-0.80675843452816
-0.782531321470456
-0.757099744154523
-0.730503145206648
-0.702785891970003
-0.673998427120377
-0.644198325700394
-0.613451234650417
-0.58183167311285
-0.549423674348512
-0.51632125298478
-0.482628684465444
-0.44846058693803
-0.413941799338434
-0.379207053055769
-0.344400438221284
-0.309674669302955
-0.275190158241092
-0.24111390677104
-0.207618232790175
-0.174879348584851
-0.143075811390016
-0.112386869066083
-0.082990725606594
-0.0550627527046893
-0.0287736746818111
-0.00428775470122378
0.0182389896579589
0.0386605137055023
0.0568423888400258
0.0726633358870166
0.0860166244721787
0.0968113163824984
0.104973333288602
0.110446331949019
0.11319237304408
