1
0.996157131449831
0.988502116632636
0.977096124334383
0.96203022079445
0.943424552386443
0.921427267470559
0.896213187232322
0.867982237605536
0.836957656549012
0.803383992986927
0.767524915613001
0.729660851481572
0.690086475848558
0.649108076068033
0.607040813483679
0.564205908168436
0.52092777205206
0.477531116429122
0.434338060055146
0.391665264014699
0.349821119282619
0.30910301240116
0.269794693966459
0.232163773664497
0.196459364428743
0.162909896919989
0.131721123966426
0.103074332863412
0.0771247815338685
0.0540003725094365
0.0338005765283336
0.0165956152782649
0.00242591046256946
-0.00869819604337219
-0.0167964486285903
-0.0219184111257631
-0.0241429293442232
-0.0235773280007999
-0.0203563494756981
-0.0146408441324548
-0.00661622416084495
0.00350930499028745
0.0155067195456176
0.0291283408268288
0.0441101676264841
0.0601743565040429
0.0770318276792381
0.0943849731035924
0.111930442407792
0.129361981758145
0.146373300214683
0.162660937969918
0.177927110861942
0.191882505797677
0.204249002188818
0.214762295189365
0.223174397423076
0.229255996992838
0.232798650861606
0.233616794174115
0.231549547736321
0.226462307670642
0.218248103203049
0.206828710595585
0.192155513396525
0.174210101420965
0.153004603177188
0.12858174879861
0.101014662906647
0.0704063891960185
0.0368891508800568
0.000623353439278773
-0.038203661638098
-0.0793791012692164
-0.122666430421055
-0.167807292112217
-0.214523621078379
-0.262519932735806
-0.311485767567279
-0.361098269719002
-0.411024877446814
-0.460926102094755
-0.510458371536454
-0.559276913466068
-0.607038653594772
-0.653405103693507
-0.698045214523537
-0.740638169011952
-0.780876091556693
-0.818466650080021
-0.853135528384139
-0.884628747489539
-0.912714815945887
-0.937186690585411
-0.957863530827013
-0.974592231421743
-0.987248720441372
-0.995739011335333
-1
