1
0.998077925098635
0.994220138049019
0.988399747489363
0.980577367372637
0.970702239137557
0.958713696565068
0.944542947094644
0.928115137635817
0.909351667697289
0.8881727080548
0.864499879266149
0.838259041182706
0.809383142254628
0.777815075922166
0.743510490754516
0.706440501253268
0.666594247377952
0.623981252860586
0.578633535224474
0.530607424066343
0.479985048543803
0.426875460063705
0.371415361811984
0.313769422912935
0.254130161558505
0.192717388301977
0.129777207756478
0.0655805840646062
0.000421482597235956
-0.0653853927164582
-0.131507240341148
-0.197596147965704
-0.26329238695986
-0.328227970921863
-0.392030430149155
-0.454326749958563
-0.514747417668885
-0.572930520789677
-0.628525837574779
-0.681198860623198
-0.730634694654393
-0.776541770946594
-0.818655323187587
-0.856740572615462
-0.890595574276289
-0.920053680937843
-0.944985586602319
-0.965300917574547
-0.980949345573728
-0.991921204326209
-0.998247598337324
-1
-0.997289338741379
-0.990264593419225
-0.979110906540951
-0.9640472459752
-0.945323646548636
-0.92321807016406
-0.898032928742699
-0.870091319294836
-0.839733024680472
-0.807310337068513
-0.773183763684724
-0.737717676114481
-0.701275965169291
-0.664217763123848
-0.62689329398546
-0.589639910387039
-0.552778372730104
-0.516609422390875
-0.481410696199272
-0.447434024078626
-0.414903145775499
-0.384011876106544
-0.354922741203614
-0.327766100957307
-0.302639765355688
-0.279609104805888
-0.258707646929748
-0.23993814485884
-0.223274094835241
-0.208661674064416
-0.19602206337247
-0.18525411339097
-0.176237307819425
-0.168834972878431
-0.162897678434559
-0.158266773507414
-0.154777997002793
-0.152265103582287
-0.150563444592957
-0.149513444940288
-0.148963918677942
-0.148775168878719
-0.148821820998583
-0.148995343391893
-0.149206213811073
-0.149385696546421
-0.149487201239847
