1
0.989865190647059
0.96972664005503
0.939844547773677
0.900604401174707
0.852511283922435
0.796182423909275
0.73233809503507
0.66179101242719
0.585434383742878
0.50422879970841
0.41918816471246
0.331364882809757
0.241834525680573
0.151680216759229
0.0619769697730768
-0.0262237797380508
-0.111909214725952
-0.194119520586849
-0.271961395143966
-0.344620480964274
-0.411372533384107
-0.471593157566606
-0.524765970425829
-0.570489067973853
-0.608479705189885
-0.638577123457506
-0.660743489529517
-0.675062939406017
-0.681738749989773
-0.681088690452117
-0.673538633448209
-0.659614533221957
-0.639932902818475
-0.615189945683517
-0.586149517516047
-0.553630112032598
-0.518491079025008
-0.481618294519528
-0.443909510800608
-0.406259618426477
-0.369546053072615
-0.334614577087325
-0.302265659082335
-0.273241664819121
-0.248215059251664
-0.227777803064266
-0.212432107663557
-0.202582690656069
-0.198530649716046
-0.200469046805836
-0.208480267364917
-0.222535190766825
-0.242494179504038
-0.268109865655434
-0.299031684675732
-0.334812078871473
-0.374914266529756
-0.418721447959955
-0.465547297083459
-0.514647567017524
-0.565232620663038
-0.616480682895136
-0.66755159979474
-0.717600882621359
-0.765793810031482
-0.8113193614554
-0.853403757563789
-0.891323390332186
-0.924416935238911
-0.952096451447484
-0.973857292213827
-0.98928666695875
-0.998070718150105
-1
-0.994973271620024
-0.982999544283005
-0.964198350383647
-0.938798230127937
-0.907133460460369
-0.869639078806582
-0.826844281421016
-0.779364302053086
-0.727890900869776
-0.673181615713553
-0.616047947481292
-0.557342668370467
-0.497946455684843
-0.438754064603123
-0.38066026062127
-0.324545736167928
-0.271263236103379
-0.221624113443663
-0.176385529757667
-0.136238504376467
-0.10179700299617
-0.0735882396639463
-0.0520443467765876
-0.0374955459000893
-0.0301649282848159
