0.24570622816466
0.247130480397154
0.249979635054875
0.254254846877493
0.259957486854165
0.267088717211553
0.275648938465812
0.285637120008252
0.297050028188969
0.309881368117911
0.324120857379145
0.339753251517221
0.356757342474781
0.375104952114133
0.394759943524547
0.415677272989839
0.437802105262391
0.46106901416153
0.485401289494251
0.510710369899193
0.536895419461226
0.563843063860809
0.591427299441535
0.619509585938212
0.647939130748064
0.67655336959447
0.705178645274575
0.733631082949611
0.761717657182134
0.789237442700167
0.815983037727049
0.841742145709049
0.866299298449986
0.889437701070137
0.910941176888992
0.930596188327117
0.948193908266103
0.963532315026254
0.97641828324271
0.98666964245902
0.994117175223409
0.998606526870774
1
0.998178207901579
0.993041562838418
0.984511577110432
0.97253195721197
0.957069474086108
0.93811459545152
0.915681869382165
0.889810051709321
0.860561973338755
0.82802414717968
0.792306118011952
0.753539562218441
0.711877147825515
0.667491168672293
0.620571969716724
0.571326183434493
0.519974799929608
0.466751095711994
0.411898448071033
0.355668063553975
0.298316650219485
0.240104064060923
0.18129096026948
0.122136479829056
0.0628960013050543
0.00381898661700775
-0.0548530519138238
-0.112888437853562
-0.170067047171211
-0.22618183448893
-0.281040151494754
-0.334464843120985
-0.386295110474461
-0.436387133043665
-0.484614446347902
-0.530868074879554
-0.575056423865317
-0.617104936979752
-0.656955530629062
-0.694565818731207
-0.729908144999489
-0.762968442543219
-0.79374494308797
-0.822246760251146
-0.848492373053395
-0.872508037176306
-0.894326152371542
-0.913983614872788
-0.931520183653099
-0.946976888907106
-0.960394510227696
-0.971812150604918
-0.981265930622319
-0.98878782509036
-0.994404661871743
-0.998137299858565
-1
