0.869883991448198
0.862852499754593
0.84887477994198
0.828120302269405
0.800840643681381
0.76736637207241
0.728102955400451
0.683525748887987
0.63417412546851
0.580644825658198
0.523584613006704
0.463682330072157
0.401660457355477
0.338266283718288
0.274262801418039
0.210419441964884
0.147502770501786
0.0862672563181675
0.0274462354374982
-0.0282568219983161
-0.0801766315367621
-0.127693899535829
-0.170242519177742
-0.207316071626814
-0.23847355634002
-0.263344285237383
-0.281631886923002
-0.293117379250482
-0.297661281074583
-0.295204746845541
-0.285769720602076
-0.26945811872295
-0.246450063326727
-0.217001200292812
-0.181439147349215
-0.140159128379801
-0.0936188599045307
-0.0423327644531996
0.0131344068238846
0.0721744535791526
0.134143013920919
0.19836716278224
0.264153221179157
0.330794675630231
0.397580107509493
0.463801033978145
0.528759565337776
0.591775788101815
0.652194788706898
0.709393239480423
0.762785476128452
0.811829004480842
0.856029383388971
0.894944440368318
0.928187786660411
0.955431608699802
0.976408723354092
0.990913894602873
0.998804419382268
1
0.994481929683601
0.982291626334682
0.963528557310041
0.938347604934893
0.906955928389113
0.869609382524856
0.82660855802156
0.77829451002832
0.725044244068386
0.667266028488728
0.605394602150002
0.539886344406747
0.471214471778947
0.399864322134164
0.32632878276833
0.251103913589636
0.174684810781053
0.0975617499589645
0.0202166410812381
-0.0568801796847441
-0.133272803115002
-0.208522234293432
-0.282208510478378
-0.353932452627636
-0.423317060252187
-0.490008565321148
-0.553677166431057
-0.6140174692935
-0.670748663710681
-0.723614470538024
-0.772382894629819
-0.816845821398279
-0.856818495373763
-0.892138919036641
-0.922667209217401
-0.948284946565255
-0.968894551015435
-0.984418712904817
-0.994799905470097
-1
