-0.969409486128002
-0.970566523358659
-0.972809127466089
-0.975995757122122
-0.979917575077216
-0.984302551859372
-0.988820828535334
-0.993091247525221
-0.996688940516986
-0.999153844387598
-1
-0.998725475071166
-0.99482274122168
-0.987789327004429
-0.977138563307975
-0.962410235131032
-0.943180954372157
-0.919074071968221
-0.889768954392516
-0.855009459086604
-0.814611455700639
-0.768469254862406
-0.716560823351974
-0.658951683755464
-0.595797417603741
-0.527344713337233
-0.453930923820828
-0.375982122189892
-0.294009669155214
-0.208605329141219
-0.120434996388984
-0.030231115041185
0.0612161011286423
0.15306852362555
0.244450894925503
0.334462385167519
0.422188746607736
0.506714881837678
0.587137633883809
0.662578601429891
0.73219678062479
0.79520083629452
0.85086080985724
0.898519078782684
0.937600392933706
0.967620826420816
0.988195499489624
0.999044943203583
1
0.991005175272359
0.972120378624562
0.943521017987491
0.905496435002793
0.858446695569151
0.802877774813193
0.739395200592833
0.668696243574379
0.59156076456913
0.508840850812809
0.421449391889423
0.330347762738034
0.236532795369511
0.14102323233314
0.0448458634257489
-0.0509784475096841
-0.145448636683102
-0.237597007404164
-0.326502286408341
-0.411301973233397
-0.491203796905086
-0.565496107568816
-0.633557046769086
-0.694862358585195
-0.74899172449603
-0.795633527350781
-0.834587973818937
-0.865768529811096
-0.889201649213136
-0.905024802459425
-0.913482837579728
-0.914922731983594
-0.909786817996886
-0.898604588652337
-0.881983212093844
-0.860596902841715
-0.835175315772809
-0.806491143720452
-0.775347111858453
-0.742562571309386
-0.708959900563605
-0.6753509262149
-0.642523574164357
-0.611228958819522
-0.582169110976374
-0.555985535121527
-0.533248773985019
-0.514449142509151
-0.49998877521872
-0.490175110564043
-0.485215913476856
