-1
-0.998574701463539
-0.995707229340957
-0.991364342559418
-0.985497442100704
-0.978044058353936
-0.968929788510732
-0.958070645824676
-0.945375774278589
-0.930750474737956
-0.914099482148975
-0.895330427881801
-0.874357417022374
-0.851104647359177
-0.825509995053237
-0.797528491557477
-0.767135617279933
-0.734330339756088
-0.699137827678027
-0.661611776969329
-0.621836291120202
-0.579927265112895
-0.536033230359533
-0.490335627013011
-0.443048479651342
-0.394417462519256
-0.34471835107025
-0.294254867312739
-0.243355937246024
-0.192372389294629
-0.141673132933436
-0.0916408664659417
-0.0426673720057458
0.00485153604089716
0.0505213354313057
0.0939543137747461
0.134775194828695
0.172626785183974
0.207175550920937
0.238117033067209
0.265181011410784
0.288136328425189
0.306795288726301
0.321017554560298
0.330713464252919
0.335846708243253
0.336436306171536
0.332557838361117
0.32434389578419
0.311983724067786
0.295722049107271
0.275857084225442
0.252737731355348
0.226760001239207
0.198362689928023
0.168022360742569
0.136247692127204
0.103573262312282
0.0705528512286904
0.0377523485326212
0.00574236375987014
-0.0249093595852852
-0.0536456198925044
-0.079927414391918
-0.103241467176278
-0.123107518791838
-0.139085270041793
-0.150780876426652
-0.157852895011957
-0.160017592396245
-0.157053530758532
-0.148805358579743
-0.135186743421007
-0.116182395948981
-0.0918491470539645
-0.0623160532257576
-0.0277835191395898
0.0114785595437052
0.0551336160514551
0.102782163982041
0.153966435742928
0.208175850268919
0.264853240089938
0.323401756512975
0.383192361501759
0.443571805936304
0.503870986450242
0.563413567093273
0.621524747743045
0.677540058565099
0.730814058935539
0.780728820117301
0.826702073609379
0.868194911434974
0.904718930639268
0.935842721845489
0.96119761076062
0.980482571898803
0.993468245350477
1
