-0.955862171141113
-0.940906480095286
-0.911224257858862
-0.867270300348626
-0.809718046551654
-0.739449224677082
-0.657540297846149
-0.565245919268766
-0.46397965313365
-0.355292259722327
-0.240847880886401
-0.122398494416556
-0.00175703247717796
0.119230420231581
0.238712918909318
0.354863004691073
0.465904666765422
0.570140489343572
0.665977565239566
0.751951777311788
0.826750074696454
0.889230402229884
0.938438978212864
0.973624657139644
0.994250159544893
1
0.990784995749062
0.966743291708647
0.92823789173043
0.875850740294538
0.810373452315379
0.732794840664985
0.644285440540963
0.546179276154982
0.439953157671571
0.327203834225759
0.209623361603816
0.0889730702770699
-0.0329434594831863
-0.154307994033465
-0.273315384915594
-0.3882010188232
-0.497267553689421
-0.598910527687758
-0.691642446465937
-0.774114978609351
-0.845138919760296
-0.903701621515852
-0.948981621622856
-0.980360256441377
-0.997430084453967
-1
-0.988096968616228
-0.961964368541952
-0.922056976261714
-0.869032686570186
-0.803741108725485
-0.727209229005667
-0.640624375633841
-0.545314763874869
-0.442727936476773
-0.334407446949774
-0.221968159942569
-0.107070563774808
0.00860549530311316
0.123387239546732
0.235635127893395
0.343768352175142
0.446289259464643
0.541806316795543
0.629055258694311
0.706918087814979
0.774439634000009
0.830841416737141
0.875532599608492
0.90811787223677
0.928402144675226
0.936391990374719
0.932293825977453
0.916508868403407
0.889624961181928
0.852405411919382
0.805775030391657
0.750803601252505
0.688687066050226
0.620726725501532
0.548306804209485
0.472870745738808
0.395896625771704
0.318872084649178
0.24326918774545
0.170519622716647
0.10199063670478
0.0389621041630774
-0.0173949026991714
-0.0660376934737292
-0.106069371909608
-0.136753799113035
-0.157527865390669
-0.168010872161435
