0.286383973383587
0.278423039489429
0.26263404726501
0.239280702166428
0.208753479461691
0.171563611786212
0.128335216203394
0.0797956810487979
0.0267644593922283
-0.0298595597540892
-0.0891119096948518
-0.149977422302103
-0.211405895344956
-0.272328312042167
-0.331673365708843
-0.388384037893521
-0.44143397778984
-0.48984343396414
-0.532694496512405
-0.569145418534204
-0.598443800117202
-0.619938435638621
-0.633089645833832
-0.637477939434416
-0.632810874874385
-0.618928020203685
-0.595803938502732
-0.563549156308076
-0.522409103368574
-0.47276104297684
-0.415109042683903
-0.350077064934391
-0.27840028559689
-0.20091477507248
-0.118545701234061
-0.0322942355045648
0.0567766374123284
0.147557189570454
0.238906670326993
0.329669439021537
0.418691266003371
0.504835556587478
0.586999254676648
0.664128188691165
0.73523163199624
0.799395863051586
0.855796526813847
0.903709618237136
0.942520930729227
0.971733836779275
0.990975294289423
1
0.99869264035566
0.987068219761018
0.96527047595368
0.933568421712734
0.892351080860466
0.842120514055904
0.78348325579249
0.717140307897201
0.643875856316296
0.564544896733979
0.480059970318688
0.391377223390338
0.299482013864934
0.205374292830252
0.110053991463775
0.0145066417059363
-0.0803105463100187
-0.173481935996362
-0.264145843427924
-0.35150585748592
-0.43484093300881
-0.513514109854444
-0.586979733950495
-0.654789081453489
-0.716594313643481
-0.772150717722328
-0.821317216813489
-0.864055160727089
-0.900425437001174
-0.930583968910177
-0.954775693109551
-0.973327133946207
-0.986637713819644
-0.995169958973008
-0.999438777410085
-1
-0.997438387020911
-0.992355310233127
-0.985356324941136
-0.977038847339071
-0.967980149728332
-0.958725879999661
-0.949779302191171
-0.94159144212953
-0.934552306346317
-0.928983323896387
-0.925131139695211
-0.923162864881858
