0.746135573597517
0.749564502409955
0.756340100148943
0.766299179673343
0.77920027120949
0.794727538008386
0.812495902394904
0.832057302820465
0.852907985013524
0.874496714304914
0.896233781935262
0.917500665849718
0.937660196340832
0.956067069069841
0.972078542599969
0.985065154695094
0.994421291316332
0.999575444491344
1
0.995220403039945
0.984823559592947
0.968465342957902
0.94587708866532
0.916870976526343
0.881344215654677
0.839281966666112
0.790758954621851
0.735939746337949
0.675077686122226
0.608512504505406
0.536666634787164
0.460040291907217
0.379205386972329
0.294798368432212
0.207512097128956
0.118086876997022
0.0273007758413071
-0.0640406188228997
-0.155114855581856
-0.245093527376531
-0.333153269526736
-0.418486683909485
-0.500313027250517
-0.577888505555329
-0.650516023196015
-0.717554243975838
-0.778425832471856
-0.832624756930626
-0.879722549755674
-0.919373437943115
-0.95131827343493
-0.975387211989539
-0.991501108522769
-0.999671616644794
-1
-0.992674682695673
-0.97796758527499
-0.956229311051257
-0.927883264888888
-0.89341880242502
-0.853383522028928
-0.808374824275353
-0.759030874172745
-0.706021109680571
-0.650036446048428
-0.591779329127352
-0.531953791991942
-0.471255667960719
-0.410363109440331
-0.349927556013438
-0.290565286944156
-0.23284968292804
-0.177304309637413
-0.124396921610063
-0.0745344695288063
-0.028059177193805
0.0147542632294955
0.053700347509962
0.0886432558170374
0.119516196856529
0.146319625847065
0.169118380662193
0.188037797812357
0.203258886209028
0.215012651581152
0.223573677765146
0.229253082652648
0.232390976173089
0.233348555160818
0.232499975193038
0.230224142405544
0.226896568855771
0.22288143320255
0.218523984342889
0.214143419259115
0.210026357792174
0.206421026510732
0.203532251465183
0.201517345604183
0.200482961218901
