1
0.995010697712005
0.985069046538624
0.970248588944103
0.950658731934231
0.926443670628137
0.897780972197307
0.864879836296296
0.82797905175477
0.787344672696443
0.743267440354461
0.696059979626885
0.646053801826158
0.593596147093862
0.539046701553364
0.482774225439859
0.425153129167981
0.366560034565289
0.307370358315485
0.247954954024095
0.188676848253227
0.129888104388515
0.0719268463231058
0.01511447169868
-0.0402469181356589
-0.0938768471624249
-0.145518531582455
-0.19494066674692
-0.241938919848545
-0.286337117723147
-0.327988122822316
-0.366774394151507
-0.4026082336765
-0.435431722337581
-0.465216353329108
-0.491962373658757
-0.515697848154904
-0.53647746300503
-0.554381088549133
-0.569512123390832
-0.581995643900445
-0.591976384849271
-0.599616578218016
-0.605093678155561
-0.608598000623024
-0.610330306443686
-0.610499356298247
-0.609319465668547
-0.607008086857402
-0.603783444018284
-0.599862245640711
-0.595457497183716
-0.590776434561805
-0.586018596999507
-0.581374055417706
-0.577021810034938
-0.573128368298009
-0.569846511637124
-0.567314256909574
-0.565654015790135
-0.564971952821818
-0.565357540391253
-0.566883306570588
-0.569604769600902
-0.573560550806314
-0.578772655945241
-0.585246913443537
-0.592973556627898
-0.601927935996731
-0.612071346735561
-0.623351956106573
-0.635705815014517
-0.649057937967635
-0.663323435802119
-0.678408685908361
-0.69421252526997
-0.710627452382597
-0.727540825036921
-0.74483604200483
-0.762393697834176
-0.780092701209177
-0.797811348643402
-0.815428346613288
-0.832823776585671
-0.84987999871711
-0.866482491281612
-0.882520624093991
-0.897888365318244
-0.912484922065974
-0.926215316083902
-0.938990896589672
-0.950729792932525
-0.961357310224166
-0.970806271402993
-0.979017309362623
-0.985939112797579
-0.991528629302381
-0.995751229015312
-0.998580831737805
-1
