0.753436111959382
0.742174822274257
0.719803487119865
0.686622367108801
0.643076317740652
0.58974824192762
0.52735051682553
0.456714526224554
0.378778458696889
0.294573558150542
0.205209036988305
0.111855882354011
0.0157298026497013
-0.0819264256303168
-0.179860941877705
-0.276830842637099
-0.371620006227525
-0.463056430618059
-0.550028822473762
-0.631502187357581
-0.706532187005426
-0.77427804913281
-0.834013838074153
-0.88513792034023
-0.927180487499799
-0.959809029203359
-0.982831681192918
-0.99619840627941
-1
-0.994464946462802
-0.979954183218084
-0.956953866342158
-0.926066257777843
-0.887998885862866
-0.843552156445005
-0.793605615619208
-0.739103085560761
-0.681036911854289
-0.62043157387043
-0.558326918919979
-0.495761285980768
-0.433754785672506
-0.373292999841669
-0.315311356670873
-0.260680425768518
-0.210192362411272
-0.164548711250686
-0.124349757658343
-0.0900855898253456
-0.0621290071508414
-0.0407303807895832
-0.0260145409511561
-0.0179797331494778
-0.0164986526035787
-0.0213215329114204
-0.0320812324804177
-0.048300230516553
-0.0693994141480778
-0.094708509965868
-0.123477987345494
-0.154892237783112
-0.188083814490863
-0.222148499970203
-0.256160956470911
-0.289190705347896
-0.320318176483792
-0.34865056822466
-0.373337261685867
-0.393584540766591
-0.408669380641601
-0.417952082692325
-0.420887552551015
-0.41703503986148
-0.406066183156266
-0.387771230516874
-0.362063335985507
-0.32898086256661
-0.288687654602462
-0.241471274820898
-0.187739233917586
-0.128013272632662
-0.0629217874020359
0.00680947968694334
0.0803683381978313
0.156868460140967
0.235362907953919
0.314858663952674
0.3943319295815
0.472743950530015
0.549057115419095
0.622251071414068
0.691338599872123
0.75538099897344
0.813502728159861
0.864905080984662
0.908878668473599
0.944814514063605
0.972213583318879
0.990694596571688
1
