1
0.990589528676884
0.971870588074916
0.944045832900229
0.907415891150541
0.862375393255326
0.80940776675208
0.749078871197461
0.682029564567194
0.608967307588349
0.530656926045959
0.447910662911006
0.361577661974188
0.272533032395386
0.181666649080148
0.0898718469939284
-0.00196583162087394
-0.0929796796580608
-0.182332503545668
-0.26922679006532
-0.352914222272878
-0.432704415474898
-0.507972756359604
-0.578167242205274
-0.642814232378606
-0.70152304085419
-0.753989315979325
-0.799997171907247
-0.839420054747947
-0.872220345254801
-0.898447718491754
-0.918236299127551
-0.931800668505575
-0.939430796177321
-0.941485983917062
-0.938387924127139
-0.930612986792941
-0.918683859575382
-0.903160674086881
-0.884631757765808
-0.86370415495822
-0.840994062782564
-0.81711732707584
-0.792680141216145
-0.768270085938798
-0.744447641497183
-0.721738294782794
-0.700625353459806
-0.681543566963464
-0.664873640559265
-0.650937713783532
-0.63999585872582
-0.632243637024165
-0.627810737390302
-0.626760698234231
-0.629091702788508
-0.634738417312154
-0.643574826745166
-0.655418006839528
-0.670032757548355
-0.687137009530332
-0.706407904218291
-0.727488438180635
-0.749994554616132
-0.773522558880889
-0.79765673103359
-0.82197700655151
-0.846066596631928
-0.869519421834415
-0.891947237188954
-0.912986333210635
-0.932303705410408
-0.949602594731137
-0.964627312700045
-0.977167277780294
-0.987060203212683
-0.994194391333028
-0.998510104688109
-1
-0.998708626886575
-0.994731008975541
-0.988210340393584
-0.979334845321728
-0.96833386214426
-0.955473226458065
-0.941050038646931
-0.925386911678064
-0.908825803087086
-0.891721541651914
-0.874435163912839
-0.857327178404816
-0.840750876188968
-0.825045804996993
-0.810531521060394
-0.797501727544281
-0.786218901532069
-0.776909502831711
-0.769759847642678
-0.764912718507759
-0.762464769169259
