0.342767044994683
0.336481387873129
0.323968042080285
0.305342426451962
0.280776378804728
0.250496620595867
0.214782731644834
0.173964653373341
0.128419743308401
0.0785694076664152
0.0248753426588257
-0.0321645813047621
-0.0920207551243943
-0.154136545970686
-0.217933248950433
-0.282815230636265
-0.348175217944491
-0.413399684601985
-0.477874286641996
-0.540989298016661
-0.602144997512639
-0.660756958703617
-0.71626119566278
-0.768119118579209
-0.8158222552598
-0.858896696734041
-0.896907227790707
-0.929461106237414
-0.956211457957147
-0.976860258408609
-0.991160875045122
-0.998920149173361
-1
-0.994318537981496
-0.981850679058898
-0.962628255883978
-0.93673962668341
-0.904328786922252
-0.865593993375505
-0.820785914556557
-0.7702053256449
-0.714200370065154
-0.653163413659688
-0.587527520934816
-0.517762586115056
-0.444371154683554
-0.367883973694676
-0.288855311395663
-0.207858088570003
-0.125478865501399
-0.0423127295431193
0.0410418710440086
0.123988301053975
0.205936874309965
0.286309906411312
0.364546639961098
0.440107999317435
0.512481133619326
0.581183708900994
0.645767912506102
0.705824135721757
0.760984303545652
0.810924823749915
0.855369130881812
0.89408980451256
0.926910244877639
0.953705893010777
0.974404986523877
0.988988846290877
0.997491693418971
1
0.996651381192948
0.987633040160631
0.973179781236535
0.953571610398944
0.929130945648413
0.900219463192398
0.867234608410564
0.830605803381234
0.790790385271476
0.748269312110501
0.703542674361497
0.657125052266293
0.609540760149067
0.561319019721095
0.512989104922841
0.465075500970004
0.418093120036893
0.372542615417218
0.328905835055308
0.287641454049135
0.249180824102225
0.213924075959159
0.182236508615853
0.154445296570725
0.130836543597608
0.111652708499654
0.0970904250707254
0.0872987350741701
0.0823777494766424
