0.349558486584152
0.350202427193854
0.351513106746684
0.353535407480678
0.356334881172371
0.359995663559112
0.364617759999505
0.370313757790963
0.377205032546215
0.385417526811834
0.395077188496395
0.406305164492288
0.4192128509782
0.433896906162744
0.450434333588176
0.468877744503619
0.489250906220206
0.511544679790085
0.535713444855364
0.561672102172516
0.589293735245223
0.618408001836797
0.648800314052543
0.680211852378308
0.712340444751337
0.744842326659494
0.777334782665186
0.809399653892342
0.840587680165683
0.870423629920833
0.898412155978412
0.924044301055023
0.946804563718107
0.966178423613158
0.981660214415438
0.992761224275277
0.999017896701706
1
0.995318630649471
0.984633915450451
0.96766227892065
0.944183146282607
0.914044958421359
0.877170383335075
0.833560618746788
0.783298692555036
0.726551681506415
0.663571783676301
0.594696196822171
0.520345772181214
0.441022431556225
0.357305354292105
0.269845959700443
0.179361729346927
0.0866289320793592
-0.00752566754953199
-0.10223402000506
-0.196596807617654
-0.289694140467893
-0.380596791890418
-0.468377823785063
-0.552124443651844
-0.630949929264919
-0.70400545328455
-0.770491638955232
-0.829669679394616
-0.880871856845906
-0.923511304611722
-0.957090863137431
-0.981210892757111
-0.995575918809962
-1
-0.994410727796903
-0.978851783122298
-0.953483996270708
-0.918584876693897
-0.874546600631342
-0.821872466285795
-0.761171848002035
-0.693153702387109
-0.618618700192211
-0.538450077747966
-0.453603320506317
-0.365094808510184
-0.273989569124607
-0.181388295882947
-0.0884138036208475
0.00380290098746383
0.0941367479525212
0.181482742214435
0.264769921159589
0.342974942563286
0.415135118416669
0.48036071704698
0.537846365443517
0.586881395625738
0.626858993067026
0.657284021415876
0.677779415803507
0.688091056633673
