-1
-0.988293294545151
-0.965043986222981
-0.93057778370365
-0.885377047550149
-0.830073455375348
-0.765438400382416
-0.692371272543302
-0.611885804549759
-0.525094694698042
-0.433192745571809
-0.337438780350114
-0.239136617429658
-0.139615398518122
-0.0402095752028387
0.0577611359266439
0.153011519300337
0.24431004186183
0.330497153770562
0.410502426085385
0.483360261646319
0.548223937930788
0.604377766979649
0.651247187152259
0.688406634011393
0.71558507254578
0.73266910966118
0.739703643832605
0.73689004741383
0.724581915738935
0.703278455217501
0.673615619522394
0.636355138117966
0.592371614225568
0.542637899357794
0.488208978302525
0.4302046214842
0.369791080613004
0.308162118156914
0.246519671209932
0.186054455627534
0.127926816777444
0.0732481289063358
0.0230630360228148
-0.0216671865090426
-0.0600798885640265
-0.0914246811274637
-0.115075238470317
-0.1305390829245
-0.137465200696045
-0.135649371655853
-0.125037132365221
-0.105724329151968
-0.0779552562592909
-0.0421184123399939
0.00126005374025451
0.0515251002902166
0.107903611064137
0.169517099582331
0.23539609493096
0.304495977993865
0.375714014268202
0.447907310648336
0.519911409123242
0.590559220447284
0.65869999566656
0.723218032992201
0.783050821911947
0.837206335549811
0.8847791959743
0.924965455199706
0.957075756734924
0.980546668358626
0.994950005928155
1
0.995558191345126
0.981635977539031
0.958394770122208
0.926143759770787
0.885335324888656
0.836558156430328
0.780528207996457
0.718077614737884
0.650141756814055
0.577744672567993
0.501983052738032
0.424009069512608
0.345012312693478
0.266201119373392
0.188783593133332
0.11394861367088
0.0428471379081463
-0.0234259110064762
-0.0838488797195164
-0.137489472513055
-0.183519435969123
-0.221227607709601
-0.2500311223975
-0.269484597395431
-0.279287152500077
