1
0.99074308493639
0.972319394458901
0.944908219854691
0.908776040079446
0.864273605783156
0.811832106859236
0.751958470151657
0.685229844442394
0.612287339572917
0.533829095401234
0.450602764145257
0.36339749641312
0.273035526786228
0.180363459132313
0.0862433548324666
-0.00845627122510273
-0.102869441715542
-0.196141590874812
-0.287438219644169
-0.375953233823321
-0.460916871961608
-0.541603135735148
-0.617336642637158
-0.687498828844096
-0.7515334389951
-0.808951249208961
-0.859333979825233
-0.902337364951027
-0.937693356774996
-0.965211453624611
-0.984779151741717
-0.996361531585836
-1
-0.995810219651491
-0.983979266658978
-0.964762066117255
-0.938477163221647
-0.905501894779583
-0.866267031994394
-0.821250970448882
-0.770973547152464
-0.715989567311128
-0.656882125116149
-0.594255803325014
-0.528729835741851
-0.460931314927354
-0.391488524627298
-0.321024472566815
-0.25015069449046
-0.179461394723969
-0.109527982191264
-0.040894053847478
0.0259291299991402
0.0904666418862934
0.152283326480806
0.210986662807355
0.266229037602377
0.31770942618782
0.365174485252656
0.408419069588749
0.447286192046507
0.481666452658857
0.511496968943593
0.536759844760418
0.557480219708359
0.573723944853952
0.585594933546408
0.593232238183043
0.596806905031008
0.596518659598182
0.592592474599336
0.585275071318553
0.574831403173159
0.561541167596989
0.545695389050785
0.527593112112791
0.507538239288482
0.485836543495743
0.462792880226076
0.438708619250924
0.413879310533637
0.388592593819116
0.363126356299646
0.337747137887485
0.312708779046921
0.288251301928684
0.26460001177665
0.241964802300528
0.220539645977696
0.200502248100448
0.182013841847715
0.165219100746907
0.150246144603365
0.137206615301859
0.126195799804129
0.117292779145037
0.110560584223179
0.106046341635817
0.10378139565981
