1
0.99626018158618
0.988813522221325
0.977725473462993
0.96309296269684
0.945042916769214
0.92373033236622
0.899335925622427
0.872063400538009
0.842136382219741
0.809795066631462
0.77529264334812
0.738891551673235
0.700859633337003
0.661466246791907
0.620978408833005
0.57965702887674
0.537753299739385
0.495505306186247
0.453134908915258
0.41084495705074
0.36881687672802
0.327208677035568
0.286153407550339
0.245758094068038
0.206103171017256
0.167242420587353
0.129203419933032
0.0919884890862701
0.0555761235525141
0.0199228871361805
-0.0150342675294545
-0.049375290845977
-0.0831939875542027
-0.116594680733468
-0.149688647109509
-0.182590386703264
-0.215413793252905
-0.248268294160907
-0.281255029912219
-0.31446314295214
-0.347966244894964
-0.381819128667479
-0.416054788803991
-0.450681808648996
-0.485682167754689
-0.5210095163646
-0.556587956648262
-0.592311362405558
-0.628043260415825
-0.663617287598678
-0.698838228821997
-0.733483630684412
-0.767305977065645
-0.800035402830045
-0.831382912937418
-0.861044065508016
-0.888703069246787
-0.914037238188956
-0.93672174010784
-0.956434569237247
-0.972861669301837
-0.985702129300477
-0.994673372114344
-0.99951625485946
-1
-0.995926877592105
-0.98713656162675
-0.973510087253491
-0.95497334064478
-0.931500019334802
-0.903114007951825
-0.869891122257242
-0.831960183191631
-0.789503392079233
-0.742755988117369
-0.692005179627934
-0.637588351119043
-0.579890558837217
-0.519341338023115
-0.456410855357064
-0.391605449937631
-0.325462615426437
-0.258545484572343
-0.191436885065503
-0.124733042446363
-0.0590370115003241
0.00504807788451633
0.0669258711042904
0.126013644150167
0.181749071814943
0.233596817396559
0.281054854460356
0.323660434488855
0.360995618776344
0.392692298651296
0.418436634950742
0.437972855527772
0.451106358331987
0.45770607713455
