1
0.993096369942658
0.979357606058749
0.958919767259612
0.931984622166745
0.898816904760949
0.859740720163476
0.815135154887391
0.765429157876338
0.711095769593755
0.652645786167994
0.590620953986497
0.525586797035165
0.458125184590481
0.3888267505103
0.318283277278836
0.247080158114098
0.175789048841078
0.10496081789818
0.0351188978317949
-0.0332468649752449
-0.0996857736959313
-0.163791178389588
-0.225204638763583
-0.28361929557825
-0.33878240648443
-0.390497015320169
-0.438622737581167
-0.483075658702731
-0.523827355729888
-0.560903066687686
-0.594379045279305
-0.624379151226337
-0.65107073842417
-0.674659913929875
-0.695386250460486
-0.71351704340503
-0.729341210214227
-0.743162935320822
-0.755295167379199
-0.7660530775398
-0.775747587663218
-0.784679075829806
-0.79313136323942
-0.801366081676255
-0.80961751421508
-0.818087993872385
-0.826943935586775
-0.836312566396713
-0.846279407138309
-0.856886546595782
-0.868131735999901
-0.879968318293078
-0.892305992878458
-0.905012402862603
-0.917915518305377
-0.930806775921398
-0.943444923242866
-0.95556050365188
-0.966860908106162
-0.977035909984152
-0.985763591413659
-0.992716562851231
-0.997568372652731
-1
-0.99970632287827
-0.996402452861852
-0.989829830261542
-0.979761976688783
-0.966009807244518
-0.94842641126435
-0.926911218740569
-0.901413479067292
-0.871934989467374
-0.838532022190386
-0.801316412134763
-0.760455779746367
-0.716172877671614
-0.668744063481309
-0.618496914612529
-0.565807015282067
-0.511093958290905
-0.454816617156697
-0.397467755682389
-0.339568052708835
-0.281659629239202
-0.224299173213142
-0.168050763820582
-0.113478502273346
-0.0611390593170058
-0.0115742514114006
0.0346962425913224
0.0771819142870271
0.115428101656402
0.149022206901408
0.177599361791198
0.200847454410019
0.218511440829012
0.230396876049696
0.236372610420168
