0.678844372134534
0.680544216491629
0.683929681353137
0.688972325290329
0.695629503771629
0.703844395624072
0.713546047050948
0.724649440408925
0.737055596399562
0.750651719558846
0.765311397899161
0.780894868241018
0.797249359142465
0.814209523374004
0.831597971584288
0.849225918151686
0.866893949220825
0.884392921590371
0.90150499946414
0.918004834124772
0.933660889366221
0.948236913063193
0.961493552602326
0.973190109096392
0.983086422397975
0.990944875974983
0.996532507761555
0.999623210210128
1
0.997457335260319
0.991803455795272
0.982862719707995
0.970477908055632
0.954512467774896
0.93485266213418
0.911409597427471
0.884121094553215
0.852953374536867
0.817902527970483
0.778995739759757
0.736292242483603
0.689883974070607
0.639895918359291
0.586486110405656
0.529845292095152
0.470196207662597
0.40779253307194
0.342917437801052
0.275881782353028
0.207021959708228
0.13669739387092
0.0652877135787715
-0.00681037594064771
-0.0791864956380292
-0.151420237806829
-0.223085017729999
-0.29375209209016
-0.362994701163427
-0.430392289056751
-0.495534754039938
-0.558026679409878
-0.617491494341697
-0.673575513856552
-0.725951807386443
-0.774323846451108
-0.818428883679371
-0.858041017795726
-0.892973902231478
-0.923083058677227
-0.948267761129945
-0.968472460753979
-0.983687727113884
-0.993950686983065
-0.999344947914378
-1
-0.996090095666175
-0.987832613858823
-0.975485921490924
-0.959346751453645
-0.939747122752116
-0.917050834326964
-0.891649569780259
-0.863958655459557
-0.834412519091562
-0.803459900329262
-0.771558868122034
-0.739171702684591
-0.706759701983728
-0.674777974047886
-0.643670277009552
-0.61386396860164
-0.585765125843747
-0.559753893881652
-0.536180120402988
-0.515359328774256
-0.497569079069738
-0.4830457615418
-0.471981861873903
-0.464523731830071
-0.460769892742361
