-0.282984322296381
-0.273806901443052
-0.255585784800728
-0.228586393298212
-0.193201816836752
-0.149946852227815
-0.0994501985175611
-0.0424449308403693
0.0202425993679967
0.0877052655936201
0.158968875022983
0.233006872353908
0.308755810800659
0.385131350705246
0.46104453816585
0.535418111964838
0.607202586886437
0.67539186525911
0.739038136179819
0.797265833255344
0.849284436649469
0.894399923517943
0.932024692256896
0.961685810048507
0.983031459580991
0.995835489133039
1
0.995555936031897
0.98266167136764
0.96159962379341
0.932770952033772
0.896688425216805
0.853967581269649
0.805316317651177
0.75152308219641
0.693443853551199
0.631988119376289
0.568104075905087
0.502763284309463
0.436945027478405
0.371620615119997
0.307737885492908
0.246206148556372
0.187881807955532
0.133554888151459
0.0839366783396998
0.0396486868119255
0.00121307838813345
-0.0309552561841709
-0.0565548760260697
-0.0754021162543145
-0.0874334990206083
-0.0927061944959735
-0.0913965278095866
-0.0837965589632533
-0.0703087933000475
-0.0514391097261561
-0.0277880221013287
-4.0415580560671e-05
0.0310460762078151
0.0646538658041846
0.0999191725601298
0.135946528257699
0.171823794989015
0.206637454580977
0.239487924669859
0.269504656233528
0.295860770977919
0.317787004390562
0.334584731398561
0.345637866223788
0.35042344598096
0.348520728529394
0.339618658733642
0.323521583236919
0.300153121692716
0.2695581316931
0.231902734912845
0.187472402777219
0.136668130770483
0.0800007608443076
0.0180835407802744
-0.0483769626567645
-0.118591453809898
-0.191699834641811
-0.266784279628402
-0.342883252762372
-0.419006245429997
-0.494149002464779
-0.567308995908298
-0.637500902043829
-0.70377183717469
-0.76521611139769
-0.820989267212376
-0.870321181088681
-0.912528020909945
-0.94702287028099
-0.973324851755564
-0.991066604760518
-1
