0.712024074935131
0.716263372788563
0.72463086005304
0.736906287653024
0.752764169176485
0.771779555534084
0.793435586082243
0.817132692061185
0.842199300942039
0.867903865451773
0.893468019050411
0.918080640826197
0.940912597454922
0.961131918287626
0.977919151975094
0.990482649434169
0.99807351847139
1
0.995641024447391
0.984458719517506
0.966009656750429
0.939954644053582
0.906066894254786
0.864238425385744
0.814484576439247
0.756946552310628
0.691891943058244
0.619713195000069
0.540924043989079
0.456153953956502
0.366140635957463
0.271720753985195
0.173818953242097
0.0734353738975588
-0.0283681618146537
-0.130483079401683
-0.231769870427786
-0.331074555888753
-0.427245539949406
-0.519150592110641
-0.605693692760498
-0.685831478135225
-0.758589025962397
-0.82307473240382
-0.878494044221286
-0.924161827150546
-0.959513172025912
-0.984112463931607
-0.997660566198247
-1
-0.991118031188822
-0.971147608343557
-0.940366129307328
-0.899192047214222
-0.848179360636148
-0.788010065484159
-0.719484678155776
-0.643510969628856
-0.561091078286334
-0.473307194770739
-0.381306034708674
-0.286282334355481
-0.189461619783267
-0.0920825119222326
0.004621162622515
0.099438181643303
0.191197385800547
0.278784518095213
0.361158186215729
0.43736470293584
0.506551576874573
0.567979446630844
0.621032275253331
0.665225648829403
0.700213052258536
0.725790026560114
0.741896144865318
0.748614778046683
0.746170655219042
0.734925258566788
0.715370125579739
0.688118164287545
0.653893117961946
0.613517344523784
0.567898102096889
0.518012555383099
0.464891737427226
0.409603717585513
0.353236238850688
0.29687909592671
0.241606529456588
0.188459911523072
0.138430992967641
0.0924459742783237
0.0513506489176427
0.0158968511987458
-0.0132695795686069
-0.0356191306321441
-0.0507470816486387
-0.058379972578004
