1
0.996478311718382
0.989490123055316
0.979144882816637
0.965604461756673
0.949080431482048
0.929830505355596
0.90815419915011
0.884387781889724
0.85889859887953
0.832078859176569
0.804338988533328
0.776100656007649
0.747789587865291
0.71982828601567
0.692628769958697
0.666585461052244
0.64206832583684
0.61941639120834
0.598931738471957
0.580874075832267
0.565455979791349
0.552838885384079
0.543129893342394
0.53637944933596
0.532579936590172
0.531665208652852
0.533511074098821
0.537936729764314
0.544707123932217
0.553536215985424
0.564091084646163
0.575996823253235
0.588842147814479
0.60218563201135
0.615562473111113
0.628491684023608
0.640483599663955
0.651047580464247
0.659699792402841
0.665970941346725
0.669413839858241
0.669610686899046
0.666179945038368
0.658782705775836
0.64712844132929
0.630980050595071
0.610158117816956
0.584544314631303
0.554083889400503
0.518787201897308
0.4787302762371
0.434054360241062
0.38496449491029
0.331727113155528
0.274666702116062
0.214161578075097
0.150638836906327
0.0845685559476261
0.0164573349879524
-0.0531587255136667
-0.123721501948365
-0.194658666542584
-0.265391728068027
-0.33534417093777
-0.403949567676898
-0.47065954003653
-0.534951446251532
-0.596335676091137
-0.654362441354652
-0.708627957228823
-0.758779919328763
-0.80452219214444
-0.845618636839807
-0.881896019710884
-0.913245956894028
-0.939625865902753
-0.961058910026611
-0.977632937306667
-0.989498431463682
-0.996865507551681
-1
-0.999218704857503
-0.994883851241657
-0.987396889015392
-0.977191690377601
-0.964727272191137
-0.950480153341658
-0.934936467104223
-0.918583952302431
-0.90190394891724
-0.885363523709402
-0.869407849361798
-0.854452956657701
-0.84087897335027
-0.829023955738746
-0.819178409667506
-0.81158058685046
-0.806412630264747
-0.803797629044307
