0.070085874535764
0.079359833500092
0.0977309772884642
0.124848741188651
0.160194688474654
0.203091267576627
0.252713265230241
0.308101769006394
0.368180411648106
0.431773632318219
0.497626656788762
0.564426870312688
0.630826233867185
0.695464377017341
0.756991989102864
0.814094124988017
0.865513042328295
0.910070194190413
0.946687013810407
0.974404147086597
0.992398812784966
1
0.996701246697371
0.982170781623463
0.956258853891025
0.919002119473426
0.87062500094819
0.811537985374674
0.742332874397883
0.663775049756434
0.576792865554245
0.482464325163122
0.382001244712932
0.276731146091168
0.168077159556758
0.0575362488755284
-0.0533439002226918
-0.162988964935215
-0.269822663495782
-0.372291635579535
-0.468890129479073
-0.558184102199499
-0.63883434655316
-0.70961827341367
-0.769449997302701
-0.817398399126089
-0.852702870753147
-0.874786481765887
-0.883266348539094
-0.877961029225951
-0.858894814538317
-0.82629883269979
-0.78060893685219
-0.722460393727271
-0.652679442759618
-0.572271844219562
-0.482408582606215
-0.38440893670652
-0.279721169680852
-0.169901130613012
-0.0565890925564502
0.0585148193170164
0.173676232763028
0.287152772755532
0.397220539957847
0.502200413510145
0.600483769872879
0.690557217457028
0.77102596103647
0.840635430262235
0.898290832673929
0.943074323030974
0.974259517081978
0.991323118493573
0.993953471942118
0.982055902645295
0.955754752141395
0.915392071141142
0.861522981985243
0.79490777483431
0.716500852390634
0.627436686912044
0.529012999760867
0.422671417008415
0.309975894009323
0.192589236752685
0.0722480776402645
-0.0492633123333182
-0.170139974601009
-0.288583564618342
-0.402829585567016
-0.511174136345151
-0.611999763144598
-0.703800017409039
-0.785202342624715
-0.854988937915228
-0.912115277398974
-0.955726000242192
-0.985167926744471
-1
