0.58483903276826
0.585436625360005
0.586641522626085
0.588472809957764
0.590958275227357
0.594133419230461
0.598040167093309
0.60272530636944
0.608238683130693
0.614631192392265
0.621952603611326
0.630249265685068
0.639561738780562
0.649922402401798
0.661353090299104
0.673862803127613
0.687445549154398
0.70207836180338
0.717719540433301
0.734307157502101
0.75175787123017
0.769966078098387
0.788803434079891
0.808118767494342
0.827738399886741
0.847466884475247
0.86708816459589
0.88636714731378
0.9050516800905
0.922874911217147
0.93955800776231
0.95481319816189
0.968347100405733
0.979864291161099
0.989071066212715
0.995679338381677
0.999410615687205
1
0.997200144853693
0.990785110466749
0.980554054401175
0.966334697650567
0.947986508296636
0.925403548172839
0.898516932183087
0.867296854984857
0.831754145587549
0.791941316953845
0.74795308482766
0.699926337640493
0.648039547353332
0.592511619351841
0.533600187901537
0.471599372057255
0.406837015176885
0.33967143918354
0.27048775232693
0.19969375629257
0.127715504982773
0.0549925730411811
-0.0180269028814378
-0.0908913431003727
-0.163150934039928
-0.234362855454061
-0.3040964526748
-0.371938280967879
-0.437496950297333
-0.500407701104655
-0.560336645065773
-0.616984609156246
-0.670090526671864
-0.719434325043296
-0.764839267261214
-0.806173711391234
-0.843352260894278
-0.876336287156269
-0.905133814642905
-0.929798768296499
-0.950429592045039
-0.967167256459947
-0.980192682540385
-0.989723617183375
-0.996011003990369
-0.99933490053905
-1
-0.998330820897902
-0.994666633814871
-0.989356197831952
-0.982752382441095
-0.975206752487352
-0.967064194389706
-0.958657661425783
-0.950303114255371
-0.942294730121758
-0.934900450347504
-0.92835793088724
-0.922870954885756
-0.918606359500061
-0.915691521778235
-0.914212440256161
