0.404241059389739
0.407609476374997
0.414245997575492
0.423951893862123
0.436433780293834
0.451309176779688
0.468113774136395
0.486310281674568
0.505298705328949
0.524427880704266
0.543008063644864
0.560324362411974
0.575650780574448
0.588264628536936
0.597461054432515
0.602567442019095
0.602957424298771
0.598064266817346
0.587393383921186
0.570533764507838
0.547168100799098
0.51708143412342
0.480168155295303
0.436437223547812
0.386015496690519
0.329149095770088
0.266202759514134
0.197657176726998
0.124104318049305
0.0462408215553531
-0.035140480991349
-0.119160779298267
-0.20486709383447
-0.29124550483329
-0.37723560212678
-0.461745935544567
-0.54367022765309
-0.621904096386468
-0.695362024870848
-0.762994309649928
-0.823803716695272
-0.8768615770777
-0.921323060963937
-0.956441379595421
-0.981580679946774
-0.996227415627626
-1
-0.992656573093636
-0.974100742321391
-0.944385187787921
-0.903713055670537
-0.852437097223081
-0.791056545879937
-0.720211760171234
-0.640676695148074
-0.553349299207383
-0.459239966058931
-0.359458202571496
-0.255197701877671
-0.147720036949481
-0.0383372124650039
0.071606668196321
0.180754348875374
0.287754696551958
0.391282017711521
0.490055123437759
0.582855853839972
0.668546779238711
0.74608780674011
0.814551436268594
0.873136429572968
0.92117967888277
0.95816608842248
0.983736311489264
0.997692217817333
1
0.990790863298286
0.970359279686594
0.939158823909992
0.897795646084967
0.84701967139844
0.787713652191503
0.720880230616266
0.647627200616048
0.569151185725453
0.486719973685331
0.401653769735577
0.315305647359003
0.229041487935885
0.144219709029982
0.0621710847296724
-0.0158210394503627
-0.0885398401322736
-0.154853131191861
-0.21373022796434
-0.264257306685805
-0.305651027811663
-0.337270217888581
-0.358625433835309
-0.369386265364505
