0.211371581141477
0.21580079769485
0.224610247240887
0.237702493795691
0.254932704883685
0.276110219658827
0.301000610514791
0.329328213630693
0.360779098365715
0.395004440273875
0.431624257825113
0.47023146875048
0.510396218330067
0.551670428956965
0.593592517975123
0.635692229130713
0.67749552201324
0.718529463602675
0.758327066480978
0.796432019399814
0.832403257700933
0.865819323532623
0.896282468857085
0.923422457854174
0.946900029443807
0.966409985213261
0.981683872981776
0.992492241493884
0.998646447231759
1
0.996449439686693
0.987934742365009
0.974439259593398
0.955989200325022
0.932652670176431
0.904538287863974
0.871793403330597
0.834601946398407
0.79318193864233
0.747782704543648
0.698681820812678
0.646181845039135
0.590606866516862
0.532298923185184
0.471614329129336
0.408919956992878
0.344589518989741
0.278999888984327
0.212527506364548
0.145544900200985
0.0784173695083927
0.0114998523517125
-0.0548659868793392
-0.120354426408133
-0.184658090534822
-0.247490070036764
-0.308585746116396
-0.367704308746313
-0.424629964477441
-0.479172832909072
-0.53116953501161
-0.580483480290058
-0.627004863328925
-0.670650383522618
-0.711362704730435
-0.749109674169083
-0.783883322041791
-0.815698665181939
-0.844592339348046
-0.870621085740475
-0.8938601178196
-0.914401394598767
-0.932351826277967
-0.94783143739656
-0.960971511642475
-0.971912741092679
-0.980803401011694
-0.987797569441651
-0.99305340872181
-0.99673152382305
-0.998993410020248
-1
-0.99991031806
-0.998880246645272
-0.99706140812981
-0.994600162531155
-0.991636719778487
-0.988304363275945
-0.984728779841999
-0.981027489687447
-0.977309368938524
-0.973674256331399
-0.970212635108167
-0.96700538083431
-0.964123565829974
-0.961628311152815
-0.959570677573894
-0.957991587730017
-0.956921772591598
-0.956381736525559
