1
0.99627432566072
0.988868308480667
0.97787201613598
0.96341906993193
0.94568489109827
0.924884399749911
0.901269197746171
0.875124273650494
0.846764274419638
0.816529394246497
0.784780936062746
0.75189660550583
0.718265600610249
0.684283563048901
0.650347458392639
0.61685045355499
0.584176859337642
0.552697204798124
0.522763508045231
0.49470480506431
0.468822994330763
0.445389050345065
0.424639653886516
0.406774280815982
0.391952784749146
0.38029350196768
0.371871899638609
0.36671978087891
0.364825052542505
0.366132053931162
0.370542437049552
0.377916581645997
0.388075521208548
0.400803349420037
0.415850070408014
0.43293485054012
0.451749624587501
0.471963004872918
0.493224438589474
0.515168555861891
0.537419649353708
0.55959622531674
0.58131556593655
0.602198243639673
0.621872529672175
0.639978641700029
0.656172778373245
0.670130892680411
0.681552160431252
0.690162105266137
0.695715347119861
0.697997946973217
0.696829326915605
0.692063750918096
0.683591358179859
0.671338747362867
0.65526911637247
0.635381968480358
0.611712401431164
0.58433000164013
0.553337370599356
0.518868315094889
0.481085736736198
0.440179259563453
0.396362637087035
0.349870981999989
0.300957862971063
0.249892313368993
0.196955796494623
0.14243917092481
0.0866396979303261
0.0298581306589731
-0.0276040780753481
-0.0854474159285389
-0.143376769444641
-0.201103675322738
-0.258348343611208
-0.31484143664254
-0.370325592393392
-0.424556685877138
-0.477304827063972
-0.528355098592866
-0.577508041109077
-0.624579898354141
-0.669402638081107
-0.711823768402305
-0.751705972243552
-0.788926585129947
-0.823376943526027
-0.854961632368927
-0.883597661249675
-0.909213598907883
-0.931748695312689
-0.951152019622344
-0.967381640771098
-0.980403875359737
-0.990192624969231
-0.996728822027767
-1
