0.754660622269015
0.756243691076751
0.759391281487827
0.764066462572204
0.770214245119202
0.777762066038862
0.786620427242298
0.796683683100786
0.80783096921909
0.819927263966395
0.832824573000924
0.846363225913579
0.860373273112611
0.8746759701849
0.8890853362083
0.903409771860758
0.91745372268109
0.931019372487613
0.943908351757001
0.955923445707879
0.966870286921522
0.97655901756371
0.984805906644054
0.99143490825725
0.996279147388611
0.999182320626678
1
0.998600829133885
0.994867601995375
0.988698215649481
0.98000648967472
0.968722846168518
0.954794845599879
0.938187575124516
0.91888388735274
0.896884488939296
0.872207879733518
0.844890144574583
0.814984601127482
0.782561308418433
0.747706441932333
0.71052154226872
0.671122645406727
0.629639303594715
0.586213506748863
0.540998515010064
0.494157613764501
0.445862802975735
0.3962934331017
0.345634800176778
0.294076712826027
0.241812044046218
0.189035280537843
0.135941082206496
0.0827228641744089
0.0295714132582887
-0.0233264496166949
-0.0757891501783579
-0.127641574525459
-0.178716206332996
-0.22885417889729
-0.277906234257952
-0.32573358257237
-0.372208655901161
-0.417215751580688
-0.460651561401287
-0.502425583867821
-0.542460417882832
-0.580691937252623
-0.617069346463924
-0.651555119204694
-0.684124822098666
-0.714766827081753
-0.743481916761946
-0.770282787966244
-0.795193459482282
-0.818248590743204
-0.839492718877183
-0.858979422143669
-0.876770418303547
-0.892934606917122
-0.907547064930171
-0.920688005192841
-0.932441707758119
-0.942895433925966
-0.952138333036308
-0.960260351970255
-0.967351157195533
-0.973499078991529
-0.978790087214086
-0.983306807613394
-0.987127587303435
-0.990325617502393
-0.992968121124461
-0.995115612208985
-0.996821233527855
-0.99813017802137
-0.999079198981827
-0.999696213138186
-1
