0.111603077521865
0.118110009963209
0.131031185552785
0.150182467332446
0.175290736570449
0.205997548440188
0.241863926401825
0.282376228339076
0.32695300261588
0.374952738522141
0.425682403272374
0.478406646983343
0.532357548040408
0.586744764095466
0.640765948722211
0.693617290558405
0.744504030630612
0.792650814494935
0.837311738816876
0.877779957003596
0.913396715411821
0.943559700375444
0.967730586692892
0.98544169012544
0.996301639701775
1
0.996310788868553
0.985094852022183
0.966301072368934
0.93996640854428
0.906214773702552
0.865254781899059
0.817376405149826
0.762946599250053
0.702403970450297
0.636252567929988
0.565054898489346
0.489424269842576
0.410016577201168
0.327521654375792
0.242654315315773
0.156145214792286
0.0687316577902666
-0.0188515138907237
-0.105880832280854
-0.191652790365378
-0.275491991445388
-0.3567587546281
-0.434856079961716
-0.509235887670271
-0.579404458023141
-0.644927011395171
-0.70543138182708
-0.760610751662492
-0.810225429392278
-0.854103667450862
-0.892141531155753
-0.924301844038573
-0.950612248268737
-0.971162431516968
-0.986100583256316
-0.995629153982295
-1
-0.999509004145474
-0.994490268976637
-0.98530998350615
-0.972360067402465
-0.956051697730592
-0.936808822743431
-0.915061764997467
-0.891241012209909
-0.86577128888
-0.839065994871571
-0.811522089025669
-0.783515486589715
-0.755397028979642
-0.727489073314621
-0.700082737473117
-0.673435824315381
-0.647771436407565
-0.623277280274635
-0.600105647110054
-0.578374045181283
-0.558166448085217
-0.539535112708712
-0.522502911404163
-0.507066114649593
-0.493197553458002
-0.480850085141994
-0.469960281813283
-0.460452258264819
-0.452241554682446
-0.44523898997369
-0.439354403367833
-0.434500205292554
-0.430594663301453
-0.427564854923597
-0.425349226618026
-0.423899706410059
-0.423183327110905
