0.982008623178425
0.982512248713471
0.983496623439048
0.984916327875533
0.98670406106788
0.988771621247422
0.991011191497539
0.993296912080804
0.99548671701072
0.997424408706056
0.998941941204758
0.999861879486451
1
0.999167995550793
0.997176246298836
0.993836617772963
0.988965246529498
0.982385274378201
0.973929492958304
0.963442861858436
0.950784865413736
0.935831675750891
0.918478092549475
0.898639233301169
0.876251951526515
0.851275964395941
0.823694675437311
0.793515682432553
0.76077096514437
0.725516752102901
0.687833070253082
0.64782298574851
0.605611548510844
0.561344457291444
0.51518646581433
0.467319554090883
0.417940892127139
0.367260625949604
0.31549951811812
0.262886476643997
0.209656007466084
0.156045626342009
0.102293266180208
0.0486347154723867
-0.00469887740429664
-0.0574834006427225
-0.109504044723906
-0.160557408228142
-0.210453417303744
-0.259017035455093
-0.306089743721415
-0.351530774984528
-0.395218090009323
-0.437049086823396
-0.47694103911918
-0.514831263449439
-0.55067701902177
-0.584455147817866
-0.616161466509023
-0.645809925154282
-0.673431550899275
-0.699073197794904
-0.722796126383422
-0.744674438819802
-0.764793396979495
-0.783247652228179
-0.800139416280629
-0.815576602847845
-0.829670969565282
-0.842536289019121
-0.854286576558505
-0.865034401022685
-0.8748893025536
-0.883956339342637
-0.892334782517418
-0.900116975457171
-0.907387370684605
-0.914221754172454
-0.920686663480545
-0.926839002662397
-0.932725853407496
-0.93838447847444
-0.943842510177792
-0.949118313571839
-0.95422151107868
-0.959153652682995
-0.963909013503826
-0.96847549859129
-0.972835633214187
-0.976967615726924
-0.980846409348508
-0.984444848862396
-0.98773473835677
-0.990687916665464
-0.993277268128803
-0.995477657651929
-0.997266770770479
-0.998625841507774
-0.999540253186653
-1
