0.637690603259645
0.637732129652404
0.637835158069398
0.638039097410463
0.638401715547012
0.638997553770159
0.639915860554007
0.64125808456705
0.64313497553585
0.645663349393629
0.648962580994938
0.653150893425138
0.658341517477302
0.664638798126475
0.672134326740766
0.68090317829129
0.691000331942967
0.702457351132883
0.715279395603612
0.729442632909198
0.744892110727523
0.76154014399145
0.779265262508652
0.797911755510297
0.817289839601093
0.837176466039786
0.857316772332887
0.87742617195545
0.897193064806372
0.916282139948552
0.934338231462132
0.950990678032869
0.965858127381557
0.978553717977995
0.988690562825163
0.995887453581604
0.999774698030417
1
0.99623428837179
0.98817740082797
0.975563528528284
0.958166329966005
0.935803625820768
0.908341591657976
0.875698371754706
0.837847045071328
0.794817883325941
0.746699851134684
0.693641309106534
0.63584989246228
0.573591550006633
0.507188740932289
0.437017799779822
0.363505492718089
0.287124800945122
0.208389979240321
0.127850949330649
0.0460870985805706
-0.0362994355977615
-0.118690906452267
-0.200461427055984
-0.280984665162602
-0.359641656377481
-0.435828625241842
-0.508964702440073
-0.578499426625893
-0.643919921330517
-0.704757641047408
-0.760594585840138
-0.811068890623851
-0.855879703533937
-0.894791277402129
-0.927636209173514
-0.95431777396178
-0.974811313181624
-0.989164649629477
-0.997497516308066
-1
-0.996930014878247
-0.988609835583102
-0.975421732983018
-0.957802769062175
-0.936238819840387
-0.91125790674101
-0.883422927204067
-0.853323884435248
-0.821569723846385
-0.788779889859998
-0.755575721223346
-0.722571805734326
-0.690367416276494
-0.659538149273882
-0.630627884115387
-0.604141177797154
-0.580536203050003
-0.560218330642852
-0.543534447492292
-0.530768091794845
-0.52213547478492
-0.517782446078691
