1
0.998704408066006
0.996125518199649
0.992287777180248
0.987227503676246
0.980992470793064
0.973641356665137
0.965243069154706
0.955875952106382
0.945626881909196
0.934590264322106
0.92286694261156
0.910563029018547
0.897788672407115
0.884656775637686
0.871281676749205
0.857777808418944
0.844258350393712
0.830833889649731
0.817611102940353
0.804691476133123
0.792170074324222
0.780134376154359
0.76866318504311
0.757825629217119
0.747680261441793
0.738274268287649
0.729642797584113
0.72180841144894
0.714780670945305
0.708555857026083
0.703116830991748
0.698433036230571
0.694460641543603
0.691142824898122
0.688410195017625
0.686181346819217
0.684363545364914
0.68285353171582
0.68153844288002
0.680296836938195
0.678999813425804
0.677512218156517
0.675693920896079
0.67340115364541
0.670487896771313
0.666807299835922
0.662213123723897
0.656561190549526
0.649710827843189
0.641526293665396
0.631878169572852
0.620644708759432
0.607713127209068
0.592980826319842
0.576356536180501
0.557761369492835
0.537129777025798
0.514410396449357
0.48956678741677
0.462578046831973
0.433439299342655
0.402162059227865
0.368774460990381
0.333321357107531
0.29586428252888
0.256481286625207
0.215266634380559
0.172330379669211
0.127797814463595
0.0818087987703802
0.034516976983241
-0.0139111128334042
-0.0632970294599237
-0.113451510885521
-0.164175639966428
-0.215262084299923
-0.266496400792982
-0.31765839504304
-0.368523525368522
-0.418864341127475
-0.468451944842372
-0.517057467605881
-0.564453547273403
-0.610415799050636
-0.65472426825476
-0.697164855262521
-0.737530702953552
-0.77562353730868
-0.811254952226632
-0.844247630074184
-0.874436489980347
-0.901669756420434
-0.925809941206822
-0.946734732605982
-0.964337785932138
-0.978529410623053
-0.989237149479515
-0.996406246443748
-1
