-0.00424393865413453
-0.0033118955378213
-0.00142382264841734
0.00146756605178777
0.00543149466650128
0.0105571162564373
0.0169508947364245
0.0247334284634975
0.0340357772090603
0.0449953641482184
0.0577515331972207
0.0724408493321269
0.0891922352980432
0.108122042263457
0.129329154410402
0.15289022812882
0.178855165382244
0.207242917941262
0.23803771458004
0.2711857970676
0.30659274295552
0.344121443889835
0.383590797604269
0.424775160053871
0.467404591511569
0.5111659170806
0.5557046081918
0.600627477484839
0.645506165251024
0.68988138157893
0.733267854727924
0.775159923288239
0.81503769758996
0.852373704804894
0.886639922435984
0.917315096580883
0.943892234639068
0.965886157130484
0.982840990106078
0.994337478326088
1
0.999503166431416
0.992577894369538
0.979016845183361
0.958679133062033
0.931494214193
0.897464880139201
0.856669291263046
0.809261999841043
0.755473927271308
0.69561127527312
0.630053366975841
0.559249430047334
0.483714350266997
0.404023439951555
0.320806281140821
0.234739718200134
0.146540088260309
0.0569547904731922
-0.0332466937933967
-0.123282208146794
-0.212366626276544
-0.299721719600473
-0.38458604816022
-0.466224733633145
-0.543938973596561
-0.617075158572989
-0.685033457879861
-0.747275746849727
-0.803332756491677
-0.852810337014797
-0.895394738684519
-0.930856827060618
-0.959055164574714
-0.979937906427757
-0.993543475688281
-1
-0.999523510201589
-0.992414919154801
-0.979055816899148
-0.959903135633647
-0.935482754705711
-0.906382131510855
-0.873242058735057
-0.836747661481977
-0.797618759318505
-0.756599727966646
-0.714449003116727
-0.671928374514664
-0.629792221993494
-0.588776846418434
-0.549590047570107
-0.512901097811195
-0.479331255010106
-0.449444950706838
-0.423741780008906
-0.40264940833687
-0.386517497066208
-0.375612735527364
-0.37011505094377
