-0.473017213303178
-0.474196077794694
-0.476520588557801
-0.479924768569177
-0.484310794886578
-0.489550353183536
-0.495486416405329
-0.501935424540016
-0.508689837327983
-0.515521026938545
-0.522182473286038
-0.528413220797711
-0.533941552131814
-0.538488831619229
-0.541773469100364
-0.543514953376447
-0.543437903707855
-0.541276087679176
-0.536776354309819
-0.529702432509296
-0.519838546838036
-0.506992805009242
-0.491000314618214
-0.471725990168296
-0.44906701552589
-0.422954931423129
-0.393357322472936
-0.360279083299896
-0.323763248750689
-0.283891378656634
-0.240783493203335
-0.194597560543638
-0.145528543795807
-0.0938070199266802
-0.039697388159833
0.0165043095942103
0.0744729292761666
0.13385709506263
0.194282364812311
0.255354652618202
0.316663867866343
0.377787728112721
0.438295701574416
0.497753034100286
0.555724815142923
0.611780037491541
0.66549560633125
0.716460254546233
0.764278323053966
0.808573367309146
0.84899155390772
0.88520481440605
0.91691372699603
0.94385010048808
0.965779239091824
0.982501870688206
0.993855725595096
0.999716757179284
1
0.994660065423518
0.983691278768158
0.96712746597072
0.945041401459948
0.917543932335418
0.884782797042491
0.846941159472346
0.804235881773894
0.756915561121235
0.705258357222846
0.64956963847999
0.590179475402206
0.527440010173714
0.461722731149223
0.393415680560114
0.322920622856755
0.250650199929528
0.177025097974062
0.102471249032875
0.0274170882970337
-0.0477091138693576
-0.122481828467666
-0.196480738583028
-0.269293092267775
-0.340515927936994
-0.409758164935738
-0.476642554160582
-0.540807485715011
-0.601908652515289
-0.659620570511714
-0.713637957725128
-0.763676975600694
-0.809476337236152
-0.850798287841211
-0.887429463325465
-0.919181633196334
-0.945892333984015
-0.967425399210019
-0.983671391497498
-0.994547941807315
-1
