1
0.997873601852306
0.993613578159229
0.987205732766572
0.978629413272779
0.967858267939041
0.954861232996964
0.939603732047085
0.922049065243008
0.902159962329117
0.879900270405554
0.855236744586406
0.828140907541707
0.798590942308523
0.766573581749121
0.732085957643625
0.695137372639138
0.655750959135454
0.613965190657445
0.569835213324347
0.523433967645046
0.474853074005825
0.424203458823715
0.371615702358102
0.317240093541954
0.261246381842683
0.203823221017154
0.145177304608056
0.0855321980599291
0.0251268773314757
-0.0357860112342068
-0.0969421503274404
-0.158067786500347
-0.218882172446172
-0.279100185096264
-0.338435084697111
-0.39660137734849
-0.45331774137096
-0.50830997636317
-0.561313932933991
-0.612078380868521
-0.660367773917517
-0.705964870483494
-0.748673171199839
-0.788319136738047
-0.824754152098921
-0.857856207103425
-0.887531266746304
-0.913714309451212
-0.936370016003678
-0.955493096965549
-0.971108251614782
-0.98326975682696
-0.992060689737031
-0.997591793407572
-1
-0.999446631015511
-0.996115298964372
-0.990209539260454
-0.981950205153239
-0.971572662038818
-0.959323820478935
-0.945459049655701
-0.930239014760805
-0.913926482933449
-0.896783142802226
-0.87906648244499
-0.861026769659769
-0.842904176852407
-0.824926090616212
-0.807304643239125
-0.790234499967903
-0.773890931938408
-0.75842820030633
-0.743978272350695
-0.730649885246436
-0.718527967890414
-0.70767342569929
-0.6981232877621
-0.68989121021061
-0.682968324251975
-0.677324412074614
-0.672909388870579
-0.669655064592924
-0.66747715485628
-0.666277506658257
-0.665946501406133
-0.666365595127122
-0.667409953761548
-0.668951140117203
-0.670859808420364
-0.673008362444242
-0.67527353392813
-0.677538839408751
-0.6796968756471
-0.681651416517225
-0.683319277486019
-0.684631917604191
-0.685536753188977
-0.685998162042432
