1
0.99354659743483
0.980729378080625
0.96172609220563
0.936799834735804
0.90629487197533
0.870631181640346
0.830297793553932
0.785845037548518
0.737875822622513
0.68703608692198
0.634004571417924
0.579482081012771
0.524180405062256
0.46881107480882
0.414074137901123
0.360647129977561
0.309174420221706
0.26025710190185
0.214443590277964
0.172221079033082
0.134007992739931
0.100147557023112
0.0709025902733025
0.0464516012948821
0.0268862564307548
0.0122102578385914
0.00233965203836695
-0.00289543502985912
-0.00374766304276519
-0.000547991473459186
0.00630008635191159
0.0163274980038752
0.0290076250374591
0.0437652865355056
0.0599865298259201
0.0770290719545619
0.0942332248319933
0.110933128954127
0.126468115354168
0.140194013062571
0.151494219874175
0.159790357642417
0.164552339588874
0.165307686136553
0.161649937407823
0.153246024591732
0.139842478661112
0.121270373152538
0.097448917625816
0.0683876396816705
0.0341871157019706
-0.00496176656462954
-0.0487800071795808
-0.0969041253491469
-0.148891170522996
-0.204225038857435
-0.262323999771195
-0.322549317912374
-0.384214838217614
-0.446597386159725
-0.50894782199617
-0.570502577061107
-0.630495492060943
-0.688169772069109
-0.742789870556653
-0.793653115382695
-0.84010089319771
-0.881529215131612
-0.917398495850937
-0.947242389934203
-0.970675543848962
-0.987400138396627
-0.997211115064516
-1
-0.99575726098351
-0.984573155487572
-0.966637051313539
-0.942235225030499
-0.911747167130789
-0.875640446092774
-0.834464206039457
-0.78884139404832
-0.739459833068317
-0.687062274521591
-0.632435580725482
-0.576399201011844
-0.519793116629116
-0.463465438010829
-0.40825984364749
-0.355003052516771
-0.304492521765246
-0.257484558095621
-0.214683025145396
-0.176728820140599
-0.144190281410723
-0.11755467413931
-0.0972208852193387
-0.0834934395400616
-0.0765779297405312
