0.418149141408594
0.406755083014534
0.384147491774163
0.350684651740666
0.306897114094371
0.253479566176647
0.191280186407485
0.121287649329467
0.0446159812371918
-0.0375125000503386
-0.123785898250516
-0.212822816110281
-0.303193488036717
-0.39344164248226
-0.482106757668112
-0.567746368419414
-0.648958081386828
-0.724400960745947
-0.792815956520035
-0.853045062802829
-0.904048913127135
-0.944922544717005
-0.974909091991049
-0.993411202002397
-1
-0.994421471420007
-0.976600166768126
-0.94664017740591
-0.904823372556451
-0.851604930237326
-0.787606236649305
-0.713605269146538
-0.630524616655387
-0.539417327692413
-0.441450809393875
-0.337889030693864
-0.230073308516524
-0.119401977183107
-0.00730925784983183
0.104756343565204
0.215353775012935
0.323070977295186
0.426545891189192
0.524486609686303
0.615690366525159
0.69906107120607
0.7736251241715
0.838545273450959
0.893132305356878
0.936854396283476
0.969343989756255
0.990402102018108
1
0.998278236869512
0.985543071827161
0.962260341775292
0.929046892273505
0.886659713193397
0.835982960098144
0.778013075042174
0.71384224970277
0.64464049906438
0.571636634885114
0.496098444559653
0.419312392502972
0.342563167641987
0.267113401924452
0.194183880924481
0.124934558712113
0.0604466753105168
0.00170625651698586
-0.0504107470846588
-0.0951514520707519
-0.131896965806316
-0.160171076153214
-0.179646577893135
-0.190149144720209
-0.191658695248906
-0.18430824181264
-0.168380251254288
-0.144300586787462
-0.112630138702266
-0.0740542885863575
-0.0293703862452543
0.0205265499124505
0.0746596701093543
0.131987404864725
0.191421567890696
0.251846151582109
0.312136505844163
0.371178585366053
0.427887949881492
0.481228206463128
0.530228592401404
0.574000411563952
0.611752056086132
0.642802368501048
0.666592126603467
0.682693464019499
0.690817073130001
