0.74870701192321
0.74105108927956
0.725849993003935
0.703323638669384
0.673797966573926
0.63770028630135
0.595553175496704
0.547967021693908
0.495631315724677
0.439304823307947
0.37980477759838
0.317995249521215
0.254774864431226
0.19106404283384
0.127791949462919
0.0658833388286884
0.00624548637900624
-0.0502446073520566
-0.102752556769669
-0.150498299805733
-0.192767009259163
-0.228919053304348
-0.258398866039197
-0.280742605407696
-0.295584494049051
-0.302661758316618
-0.301818101573515
-0.293005669589846
-0.276285488108614
-0.25182637507648
-0.21990235231272
-0.180888603179684
-0.135256043794133
-0.0835645951679785
-0.0264552620945844
0.0353588586686975
0.101102503574419
0.169948950823039
0.2410313519595
0.313454518384801
0.386306989380889
0.458673205633761
0.529645612294373
0.598336518322478
0.663889544156304
0.725490497543134
0.782377527516225
0.833850418840335
0.879278903566548
0.918109882402823
0.949873466159499
0.974187766286922
0.99076238318653
0.999400561235535
1
0.992552331600126
0.97714129431624
0.953939651973169
0.92320492711559
0.885274033206082
0.840556906780791
0.789529254450153
0.732724541628579
0.670725359743803
0.604154316275286
0.533664597199813
0.459930354217767
0.383637069471074
0.305472048358623
0.226115186560734
0.146230150592982
0.0664561022493255
-0.0125999136728705
-0.0903698117540945
-0.166330446201267
-0.240008652443434
-0.310985290352814
-0.378898246965205
-0.443444374672967
-0.504380359166163
-0.561522529600759
-0.614745641277879
-0.663980678234164
-0.709211739291489
-0.750472086033517
-0.787839444626656
-0.821430665168879
-0.851395852145262
-0.877912087438889
-0.901176873069056
-0.921401424320156
-0.93880394513617
-0.953603016577007
-0.96601122579165
-0.976229157424138
-0.984439861733073
-0.990803904109378
-0.995455089288518
-0.998496940569749
-1
