-0.324165281432768
-0.317306432369126
-0.303697054775594
-0.283551996556857
-0.257189076042672
-0.225023819544037
-0.187562579660341
-0.145394147157097
-0.0991799939816879
-0.0496433075091626
0.00244300395337804
0.0562691373502151
0.111001841858044
0.165798265351865
0.219819972205773
0.272246901140435
0.322291032444158
0.369209538257194
0.412317197653263
0.450997869853271
0.48471483388155
0.513019821088098
0.535560587924196
0.552086899840151
0.562454822798957
0.566629246259455
0.56468459014013
0.556803677771356
0.543274786707083
0.52448691901738
0.50092336184268
0.473153637089434
0.441823965731697
0.407646396824002
0.371386773627809
0.333851728843844
0.295874917505141
0.258302709347568
0.221979572215305
0.187733384112838
0.156360913775787
0.128613708053621
0.105184618992378
0.086695194350094
0.0736841425068484
0.0665970665377298
0.0657776428483234
0.0714603975268557
0.0837652087897403
0.102693636973681
0.128127154878296
0.159827321337354
0.197437910164388
0.240488975563642
0.288402804210397
0.340501673974404
0.396017310166134
0.454101902690537
0.513840522035717
0.574264749011951
0.63436731295994
0.693117516092467
0.749477207999031
0.802417064352907
0.850932917682928
0.894061885816326
0.930898045311701
0.960607402867611
0.982441927235535
0.995752417448323
1
0.994766067727423
0.979760496244529
0.954827999513692
0.919952514112686
0.875259531540431
0.82101632904163
0.757630081439255
0.685643868849663
0.605730627416367
0.518685121834488
0.425414048957247
0.326924410703105
0.224310321366703
0.11873843885826
0.0114322309725241
-0.0963446938189644
-0.203305946639274
-0.308160153918197
-0.409628925600487
-0.506464729590666
-0.597468406923475
-0.681506066954688
-0.757525110660626
-0.824569142785239
-0.881791549890013
-0.928467541096638
-0.964004471164246
-0.987950291162832
-1
