1
0.99038820137494
0.971281860929037
0.942913809956354
0.905629115046049
0.859880132482468
0.806220030977253
0.745294880578735
0.67783442720179
0.604641691976025
0.526581552217543
0.44456847601884
0.35955359498961
0.27251130937664
0.184425626496157
0.0962764370259594
0.00902593417484643
-0.0763946219308923
-0.159097598084442
-0.238250952289192
-0.313089292392655
-0.38292386729696
-0.447151345782034
-0.505261256974864
-0.556841987392095
-0.601585251946417
-0.639288979988474
-0.669858581985594
-0.693306587433946
-0.709750669672453
-0.719410098025024
-0.722600681757934
-0.719728293328366
-0.711281079962598
-0.697820492405088
-0.679971277417931
-0.658410596011755
-0.633856442218915
-0.607055547283439
-0.578770961288694
-0.54976950836831
-0.520809312691162
-0.492627590368227
-0.465928897337342
-0.44137401522859
-0.419569646331799
-0.401059075256236
-0.386313938910096
-0.375727228290757
-0.369607625556626
-0.368175258267482
-0.371558929876356
-0.379794861894489
-0.392826959007048
-0.410508584173272
-0.432605806783403
-0.458802063644325
-0.488704150292786
-0.521849439239497
-0.557714202556764
-0.595722899036551
-0.635258271232911
-0.675672085293731
-0.716296336773223
-0.75645473874676
-0.79547430462661
-0.832696837157026
-0.867490137158467
-0.899258750654143
-0.927454080961288
-0.951583703032381
-0.97121973061246
-0.986006102421403
-0.995664671321093
-1
-0.998902787786824
-0.992351875451487
-0.980414797909146
-0.963246878241551
-0.941088880014069
-0.914263258119396
-0.883169070949258
-0.848275638223217
-0.810115048946239
-0.769273642403174
-0.726382601536051
-0.682107812227795
-0.637139153709338
-0.592179394331108
-0.547932873152464
-0.505094151106791
-0.464336815844865
-0.426302621741529
-0.391591141014561
-0.360750093540326
-0.334266511894171
-0.312558884572904
-0.295970404491026
-0.284763431936659
-0.279115261515307
