-1
-0.992694212852095
-0.978146213522115
-0.95648242604874
-0.927890681240008
-0.892618076790532
-0.850968167733607
-0.80329752383189
-0.750011698684122
-0.691560662868979
-0.628433760255472
-0.561154252587825
-0.490273522519543
-0.416365009357521
-0.340017954828293
-0.261831038155711
-0.18240598061906
-0.102341199535381
-0.0222255902883376
0.0573674873671801
0.135885945920211
0.212804361235545
0.287628955108307
0.359902112282586
0.429206381843239
0.495167920386827
0.557459342391339
0.615801951615852
0.66996733604644
0.719778317736156
0.765109257736161
0.805885725054348
0.842083547081378
0.873727267071576
0.900888041942439
0.923681020755361
0.942262250663932
0.95682516277886
0.967596695225675
0.974833114602017
0.978815600028389
0.979845655997278
0.978240421243077
0.97432794087694
0.968442468069373
0.960919859646398
0.952093127134391
0.942288201099178
0.931819962144609
0.920988586743358
0.910076250257471
0.899344223165696
0.889030389753614
0.879347211450974
0.870480149731971
0.862586556143707
0.855795029711028
0.850205234795515
0.84588816557251
0.842886836736833
0.841217373952938
0.840870472017514
0.841813183781385
0.843990998651368
0.847330166017912
0.851740216274737
0.857116630242826
0.86334360679973
0.870296878349413
0.877846524436965
0.885859735292395
0.894203479341187
0.90274703169722
0.911364324295128
0.919936082553588
0.92835171820823
0.936510953125521
0.944325154413323
0.951718366881674
0.958628034777574
0.965005410617939
0.970815654773387
0.976037635112776
0.980663441408268
0.984697634232962
0.988156252674024
0.991065609258432
0.993460903980034
0.995384692169897
0.996885243122985
0.9980148278508
0.998827975052195
0.999379734376268
0.999723985298302
0.999911828460678
0.999990094176774
1
0.999975985876094
0.999944751488688
0.999924516048758
