0.63321983886515
0.634660345293546
0.637508748966572
0.641700484477223
0.647140324241897
0.653704290087107
0.661242147560774
0.669580437478182
0.678525989316191
0.687869852121062
0.69739157074952
0.706863728656091
0.716056673187808
0.724743335543764
0.732704055270996
0.739731318444126
0.745634319532422
0.750243259386466
0.753413295743282
0.755028068093612
0.755002725593383
0.753286394825007
0.749864033493026
0.744757626423088
0.738026691356251
0.729768073810415
0.720115022524062
0.709235549502121
0.69733009124256
0.684628500125653
0.671386406987992
0.657881007376863
0.644406334692747
0.631268093194529
0.618778132494317
0.60724865255427
0.596986234184064
0.588285794514094
0.581424569799379
0.576656229131176
0.574205222162441
0.574261461781916
0.576975438819199
0.582453860376772
0.5907558963379
0.601890110090871
0.615812139663255
0.63242318442036
0.651569340415431
0.673041814568494
0.696578034294062
0.721863655204733
0.748535455306088
0.776185089891075
0.804363667364045
0.832587092697941
0.860342112369996
0.887092982639475
0.912288672121157
0.935370499950489
0.955780102592531
0.972967615657602
0.986399952069584
0.995569054680227
1
0.999258830160508
0.992959992543863
0.980773270690601
0.96243009608057
0.937729138093669
0.906541078794984
0.868812490021963
0.8245687424262
0.773915889464126
0.717041483645672
0.65421429742798
0.585782936760071
0.512173351212194
0.433885260622659
0.351487534025495
0.265612572045753
0.176949758732515
0.0862380627179558
-0.00574211956811554
-0.0981777743320312
-0.190232620087952
-0.281056873652669
-0.369797302787474
-0.455607430900434
-0.537657756242517
-0.615145847032888
-0.687306174953938
-0.753419552456603
-0.812822044272749
-0.864913230375948
-0.909163706268303
-0.945121716775718
-0.972418831358536
-0.990774582117033
-1
