0.672559364418843
0.665534486859432
0.651554609872245
0.630758575708732
0.603352376228342
0.569606464702106
0.529852233637578
0.484477710610052
0.433922535563436
0.378672293545751
0.319252286207748
0.256220833475145
0.19016220348225
0.121679274025575
0.0513860323826314
-0.0200999777098069
-0.0921651528399862
-0.164207162773268
-0.235642014703516
-0.305910748854563
-0.374485671520503
-0.440876039192007
-0.504633116274691
-0.565354538924491
-0.622687928545778
-0.676333710346976
-0.726047104839378
-0.771639273101519
-0.812977609811154
-0.849985191263226
-0.882639398638698
-0.910969749462102
-0.935054982287868
-0.955019450998607
-0.971028895506802
-0.983285664963727
-0.992023477652393
-0.997501808451255
-1
-0.999811197399269
-0.997236208378045
-0.992577391336546
-0.986132672515371
-0.978189790775492
-0.969020864146247
-0.958877366481866
-0.947985595356899
-0.936542703844775
-0.924713359199037
-0.912627080848982
-0.900376298701143
-0.888015160688647
-0.875559106024923
-0.862985207896456
-0.85023327657428
-0.837207701339449
-0.823779997404252
-0.809792012363069
-0.795059735809833
-0.779377645786259
-0.762523516834874
-0.744263606764394
-0.724358132913848
-0.702566943826006
-0.67865528888735
-0.652399586713704
-0.623593092885641
-0.592051369068115
-0.557617458561178
-0.520166677874932
-0.479610939929107
-0.435902531850243
-0.389037278959502
-0.33905703627468
-0.286051459535724
-0.230159019234159
-0.171567233200668
-0.110512105789431
-0.0472767743944286
0.0178106232605368
0.0843798351017366
0.152022095875343
0.220294393887613
0.288724342923623
0.356815589119593
0.424053673826088
0.489912265996409
0.553859671485894
0.615365521951748
0.673907542874836
0.728978298635354
0.780091812589636
0.826789961716108
0.868648548599701
0.905282958256129
0.936353313486185
0.961569049998536
0.980692841328677
0.993543813473551
1
