-0.395090148118266
-0.38843340031277
-0.375194525556751
-0.355521692522018
-0.329634488350481
-0.29782076619286
-0.260432518765409
-0.21788084221729
-0.170630068742695
-0.119191159270532
-0.0641144590162527
-0.00598192850375256
0.0546010292952781
0.117014018928953
0.180630248644012
0.244825139833252
0.308984816867441
0.372514346590307
0.434845600987419
0.495444622774156
0.553818381785154
0.609520819958179
0.662158094231645
0.711392939633617
0.756948089025027
0.798608701145268
0.836223764552837
0.869706461503444
0.899033492501259
0.924243378929909
0.945433777553019
0.962757856508389
0.976419797452978
0.986669502507844
0.993796597379764
0.998123833295957
1
0.999792469866588
0.997879499074636
0.994642415637344
0.990457825861334
0.985689970464966
0.980683359132145
0.975755807749672
0.971191996043769
0.967237654896887
0.964094482421884
0.961915876057751
0.960803554715677
0.960805130555619
0.961912674540259
0.964062303739876
0.96713480170484
0.970957266346605
0.975305762941686
0.979908943363977
0.984452576722257
0.98858492148606
0.991922855165973
0.994058664898591
0.994567391076348
0.993014606639436
0.988964506965515
0.981988179578806
0.971671919248299
0.957625452517713
0.939489936336557
0.916945598237294
0.889718890389556
0.857589036786322
0.820393861674959
0.778034798002961
0.730480986940792
0.677772393283127
0.620021876502552
0.557416173204338
0.490215763459193
0.418753610712356
0.343432782413799
0.264722975912989
0.183155991240846
0.099320208893616
0.0138541463799102
-0.0725608181525983
-0.159208453659336
-0.245346302052094
-0.330214798913197
-0.413046757699983
-0.493077079950084
-0.569552549978816
-0.641741570705989
-0.70894369759269
-0.770498830206608
-0.825795925630703
-0.874281104714431
-0.915465030936306
-0.948929452267872
-0.974332808739278
-0.991414822216758
-1
