-1
-0.988186321184965
-0.96470331036723
-0.92983775476995
-0.884015095980427
-0.827793817378577
-0.761858083745717
-0.687008736189962
-0.604152768444532
-0.51429143166951
-0.418507133809528
-0.317949316055018
-0.213819502785562
-0.10735573234275
0.000183416067617514
0.1075349792175
0.213447728677594
0.316698031416232
0.416105236708381
0.510546381709054
0.598970018829637
0.680408981631647
0.753991922108327
0.818953470710774
0.874642891008166
0.920531123137943
0.956216133863239
0.981426515753995
0.996023303373138
1
0.993480833977167
0.97671728884483
0.950082975658274
0.914066938913796
0.86926550900062
0.816372833740876
0.756170239095744
0.689514584256752
0.617325788897747
0.540573720166521
0.460264633919953
0.377427368671779
0.293099491692508
0.208313594687384
0.124083931537125
0.0413935828183187
-0.0388176786303553
-0.115664659779646
-0.18832701103004
-0.256058352542489
-0.318194153430722
-0.374158274385699
-0.423468105823456
-0.465738255925764
-0.500682765626388
-0.52811585032783
-0.547951190560199
-0.560199815568537
-0.564966644603905
-0.562445770181234
-0.552914585460796
-0.536726873945185
-0.514304993626259
-0.486131299368224
-0.452738956513318
-0.414702305325111
-0.372626939863196
-0.327139666176483
-0.278878503318621
-0.22848288667911
-0.176584226580116
-0.123796966144938
-0.070710271269933
-0.0178804723331288
0.0341756377135631
0.084986560731606
0.134130835872161
0.18124071542911
0.226004741647572
0.268169211644896
0.307538537137636
0.343974524836874
0.377394621857867
0.407769187983668
0.435117872839826
0.459505190715082
0.481035398664412
0.499846794450274
0.516105559643686
0.529999279683956
0.541730276788366
0.551508893255206
0.559546861900512
0.56605089713748
0.571216634614945
0.575223039484489
0.578227393409063
0.580360958539244
0.58172540307807
0.582390057972345
