-0.54411024071707
-0.53361451062563
-0.512767205410919
-0.481854595335772
-0.441301016744522
-0.391662873120234
-0.333620774990658
-0.267969934684844
-0.19560895760574
-0.117527195198606
-0.0347908458052092
0.0514719922171987
0.140087095638671
0.229850488513359
0.319545171823063
0.407957966416282
0.493896224068292
0.576204164193819
0.653778600091368
0.725583828483155
0.790665469379103
0.848163059727702
0.897321223662805
0.937499264111369
0.968179044750928
0.98897105742127
0.999618597697969
1
0.990128912887625
0.970152624660354
0.940348478535953
0.901118445134409
0.852981947271532
0.796567057770982
0.732600214741906
0.661894620184535
0.58533750655746
0.503876471789455
0.418505095912983
0.330248061853388
0.240146008796706
0.149240348904048
0.0585582769209059
-0.0309018025197262
-0.118184213291048
-0.202389106740326
-0.282684530698224
-0.35831729544838
-0.428622483603521
-0.493031473113223
-0.551078366799636
-0.602404747493958
-0.646762704618914
-0.684016105505777
-0.71414011241479
-0.737218973708963
-0.753442144481938
-0.763098817741115
-0.766570971595897
-0.764325060420592
-0.756902498305232
-0.744909100964199
-0.729003667371413
-0.709885894505924
-0.688283827545305
-0.66494105350918
-0.64060384865735
-0.616008488865714
-0.591868927771888
-0.568865039787839
-0.547631614257228
-0.528748273278433
-0.512730469254309
-0.500021699343364
-0.490987052988429
-0.485908185935544
-0.48497979000203
-0.488307602704327
-0.495907975123462
-0.507708990487788
-0.523553100308802
-0.543201219931504
-0.566338201458682
-0.592579579563497
-0.621479465076987
-0.652539442756484
-0.685218313602301
-0.718942508747566
-0.753116991510282
-0.787136456830461
-0.820396633131236
-0.852305490702543
-0.882294163017608
-0.909827392911767
-0.934413324183928
-0.955612470776509
-0.973045710055363
-0.986401163607662
-0.995439848122539
-1
