-1
-0.994379507937221
-0.983161238646702
-0.966390756263054
-0.944136737040369
-0.916491348439437
-0.883570726673318
-0.845515529562744
-0.802491536710832
-0.754690264769531
-0.702329562034425
-0.645654143853627
-0.584936028439833
-0.520474831685865
-0.452597879540262
-0.381660097420294
-0.308043638026833
-0.232157211762455
-0.154435087706677
-0.0753357377184648
0.00465989835231939
0.085050542240338
0.165317110787831
0.244925655339929
0.323330701321846
0.39997897444509
0.474313492017894
0.545777989896309
0.613821647851519
0.677904068690268
0.737500459490334
0.79210695693798
0.841246033107895
0.884471913226869
0.921375933117009
0.951591761215197
0.974800408389597
0.990734948280813
0.999184871625968
1
0.993093887631635
0.978446644402804
0.95610711878072
0.926194386202238
0.888898496251921
0.844480440751676
0.793271314497013
0.735670650703458
0.672143924123637
0.60321922610634
0.529483127429871
0.451575756382613
0.370185131109165
0.286040796514589
0.199906826847008
0.112574265289088
0.0248530813173911
-0.0624362649199246
-0.148471554545288
-0.232437735350117
-0.313535932906061
-0.39099243618278
-0.46406754449459
-0.532064162171898
-0.594336028503211
-0.650295473227709
-0.69942059216182
-0.741261743377363
-0.775447271651953
-0.801688377600666
-0.819783057866093
-0.829619053866732
-0.831175758737824
-0.824525045084432
-0.809830989830269
-0.787348486602013
-0.757420750543641
-0.72047573500819
-0.677021494021896
-0.627640538554195
-0.572983248255462
-0.513760413247677
-0.450734992584664
-0.384713186963161
-0.316534933002759
-0.247063934777001
-0.177177355144154
-0.107755294688808
-0.0396701896620764
0.026223737860928
0.0891008443369299
0.148174112093426
0.202704751633701
0.25201123613718
0.295477652297851
0.33256126013455
0.362799164363389
0.385814011211117
0.401318637016385
0.409119608444301
