-0.496280250338301
-0.494920605320157
-0.492178796220187
-0.488010388121824
-0.482350225665747
-0.475114198820444
-0.466201546711979
-0.455497657289656
-0.442877311388789
-0.428208311397883
-0.411355427386067
-0.392184587322385
-0.370567233027789
-0.346384759829817
-0.31953295560382
-0.289926354025528
-0.257502417446819
-0.222225466835265
-0.184090279660311
-0.14312528141353
-0.0993952625438508
-0.0530035598760371
-0.00409364994769967
0.0471498889857813
0.100501079415996
0.155692933903167
0.212418542426965
0.270332857439664
0.329055164697721
0.388172216440898
0.447241992258714
0.505798042216118
0.563354356680696
0.619410697970144
0.673458320576188
0.724985999460137
0.773486279879198
0.818461857495729
0.859431994227354
0.89593887347549
0.927553798061398
0.953883135416483
0.974573917307102
0.989319005589392
0.997861741128651
1
0.995589589309988
0.984546924320203
0.966850938873322
0.942544192262719
0.91173314747879
0.874587608027392
0.831339313059088
0.782279703177955
0.727756881819098
0.668171809299195
0.603973778363126
0.535655231087446
0.463745987184055
0.388806962913022
0.311423467816078
0.232198173192984
0.151743851552998
0.0706759900954457
-0.0103946164575138
-0.0908691876772271
-0.170168088828907
-0.247737669325057
-0.323056709801492
-0.395642384994315
-0.46505565663148
-0.530906018910013
-0.592855528685071
-0.650622063105542
-0.703981758933041
-0.752770600001907
-0.796885132031367
-0.836282297092814
-0.870978393264553
-0.901047178171066
-0.926617148001349
-0.947868036032955
-0.965026586463658
-0.978361670289227
-0.988178819894963
-0.994814267796531
-0.99862858243644
-1
-0.999317555764466
-0.996974121465899
-0.993359456513133
-0.988853380575065
-0.983819173119732
-0.978597301920025
-0.973499577415047
-0.968803823205977
-0.964749144971363
-0.961531870831307
-0.95930222581452
-0.958161791745548
