-1
-0.993281768260944
-0.979895966567536
-0.959943436852994
-0.933574243352532
-0.900986249329456
-0.862423244377127
-0.818172643317693
-0.768562782470244
-0.713959843487238
-0.654764439003752
-0.591407897959274
-0.52434829159249
-0.454066243738204
-0.381060571141667
-0.305843801025891
-0.228937614086528
-0.150868261438678
-0.0721620038009764
0.00665937961783869
0.0850829664499699
0.162608906564871
0.238754435818024
0.313057649354248
0.385080999015006
0.454414483130965
0.520678501044469
0.583526349044919
0.642646338953524
0.697763525300586
0.74864103183519
0.795080972930105
0.836924970230876
0.874054269585511
0.906389467820455
0.933889863243038
0.956552447797649
0.974410562534327
0.98753224142111
0.996018271508053
1
0.999636920892184
0.995114075449534
0.986639301956073
0.974440370820883
0.958762041304404
0.93986307583314
0.918013247117816
0.893490372102255
0.866577405175325
0.837559621109611
0.806721915885693
0.774346250961791
0.740709263700256
0.706080063612431
0.670718230881271
0.634872030317179
0.598776850547457
0.562653874883597
0.526708987002261
0.491131911361843
0.456095585201093
0.421755756070068
0.38825079616356
0.355701722295356
0.32421240819606
0.293869973960015
0.264745335925246
0.236893899055908
0.21035637301527
0.185159692569256
0.161318022740913
0.138833829234434
0.117698995048434
0.0978959648819897
0.0793988998795974
0.0621748264350115
0.0461847641480067
0.0313848195693309
0.0177272340422063
0.00516137571737629
-0.00636533235404591
-0.0169065542966952
-0.0265162580681038
-0.0352480093233506
-0.0431543434097569
-0.0502862148223219
-0.0566925219977967
-0.0624197040353938
-0.0675114048248966
-0.0720081991540791
-0.0759473746682151
-0.0793627630718299
-0.0822846136988996
-0.0847395025301546
-0.0867502698981053
-0.0883359804808233
-0.0895118997292352
-0.0902894815809486
-0.0906763631642772
