1
0.995422846015192
0.986294741092347
0.972667876597284
0.954620004963559
0.93225380429953
0.905696041361331
0.87509654144725
0.840626975715297
0.802479478247171
0.760865106857469
0.716012163157154
0.668164388708095
0.617579055235921
0.564524967789449
0.509280400436869
0.452130984565231
0.393367570096639
0.333284079951218
0.272175377875442
0.210335169319757
0.1480539543994
0.0856170511173353
0.0233027059812614
-0.0386196920771935
-0.0998912799561461
-0.160265257808665
-0.21950828428135
-0.277401719949028
-0.333742711144001
-0.38834510824529
-0.441040214387839
-0.491677362449859
-0.540124320055029
-0.58626752416236
-0.630012148588331
-0.671282009492916
-0.710019315444305
-0.746184270139119
-0.779754537180473
-0.810724577492051
-0.839104870961577
-0.864921034753067
-0.88821285139798
-0.909033220267276
-0.927447046338263
-0.9435300803035
-0.957367724027426
-0.969053815146186
-0.978689404235193
-0.986381537447719
-0.992242056868159
-0.996386430039048
-0.998932619226462
-1
-0.999708337638038
-0.998176828743671
-0.995523214289544
-0.99186296911818
-0.987308571726058
-0.981968856971429
-0.975948453184024
-0.969347304034537
-0.962260274457289
-0.954776838923395
-0.946980849445331
-0.938950379866591
-0.930757642259931
-0.92246897063048
-0.914144866599951
-0.905840101337483
-0.897603867701742
-0.889479976366414
-0.881507089614007
-0.873718986496226
-0.866144853166913
-0.858809592388128
-0.851734146482656
-0.844935828347524
-0.838428655542431
-0.832223682913551
-0.826329329695479
-0.820751697540827
-0.815494876446767
-0.810561236069546
-0.805951700431188
-0.801666004517302
-0.797702931732059
-0.794060531608037
-0.790736317557713
-0.787727444794306
-0.785030868837995
-0.782643485256273
-0.780562251462711
-0.778784291516478
-0.777306984926749
-0.77612804047404
-0.7752455560184
-0.77465806517692
-0.77436457162622
