1
0.992985025016806
0.979036371882372
0.958315505961905
0.931061821158989
0.89758932117792
0.858282270847922
0.813589881425635
0.764020107935573
0.710132649569482
0.652531255748992
0.591855450487421
0.528771796015505
0.463964823138009
0.398127760367493
0.331953196471301
0.266123811632257
0.201303310957461
0.138127690599437
0.0771969613363486
0.0190674471799983
-0.0357552324432346
-0.0868223990207152
-0.133747683938459
-0.176211457585084
-0.213964260395825
-0.246829192837362
-0.274703237100926
-0.297557499381946
-0.315436377832018
-0.328455677324834
-0.336799707836613
-0.340717418264995
-0.340517631670293
-0.33656346100537
-0.329265996208528
-0.31907736389127
-0.306483269606111
-0.291995139700911
-0.276141984954431
-0.25946211147125
-0.242494805650378
-0.225772119419277
-0.209810879362201
-0.195105038917629
-0.182118486552374
-0.171278414845711
-0.162969345868108
-0.157527897272308
-0.155238361307724
-0.156329155719212
-0.160970191410694
-0.16927118706746
-0.181280945871607
-0.196987594251136
-0.216319767514303
-0.23914871247364
-0.265291262989236
-0.294513630979088
-0.326535943062766
-0.361037441814015
-0.397662260769324
-0.43602567402174
-0.475720714546756
-0.516325050457767
-0.557408005242559
-0.598537606730596
-0.639287550095237
-0.679243962587373
-0.718011861880306
-0.755221205804192
-0.790532438759552
-0.823641449094856
-0.854283862061804
-0.88223860445112
-0.907330689471403
-0.929433183658322
-0.948468331374469
-0.964407826556384
-0.977272235555052
-0.987129588969155
-0.994093174059021
-0.998318572432403
-1
-0.999366017511317
-0.996674690118945
-0.992208283220002
-0.986267589147564
-0.979165985016988
-0.97122332608262
-0.962759781267344
-0.954089718057296
-0.94551574270177
-0.937322998648332
-0.929773821427863
-0.923102841864036
-0.917512621623291
-0.913169895875659
-0.91020248735768
-0.908696944589454
