1
0.994442900423497
0.983371251918757
0.966869839874056
0.945065054485883
0.918123950570644
0.886253002764473
0.849696563625435
0.808735034010803
0.763682756944847
0.714885648014431
0.662718577124412
0.607582518204983
0.549901485179898
0.490119274168237
0.428696033491624
0.3661046845815
0.302827218313334
0.239350892622412
0.176164358463353
0.113753742247041
0.0525987138075867
-0.00683143029820699
-0.0640816377922941
-0.118714895248723
-0.170315915364608
-0.218494686140646
-0.26288985151372
-0.303171893570276
-0.339046087320211
-0.37025520013356
-0.396581909340713
-0.417850913172386
-0.433930712166339
-0.444735040388768
-0.450223928300677
-0.45040438183134
-0.44533066518632
-0.435104178097084
-0.419872921590139
-0.399830549889483
-0.375215009737441
-0.346306772193057
-0.313426665808906
-0.276933323958696
-0.237220262949802
-0.194712611365671
-0.1498635148005
-0.103150243730078
-0.0550700356650214
-0.00613570591379053
0.0431289357986426
0.0921938229943031
0.140527482248908
0.187601951100126
0.232897718518472
0.275908641337373
0.31614678943043
0.353147172289594
0.386472300011506
0.415716532548346
0.440510172426544
0.460523257978299
0.475469016457307
0.485106939206357
0.489245444289023
0.487744095663766
0.480515352033565
0.467525822910194
0.448797014146464
0.424405550165221
0.394482865299396
0.359214361998461
0.318838039095965
0.273642598811093
0.223965046613445
0.170187803453197
0.112735355086911
0.0520704682520345
-0.0113099917983797
-0.0768796034517514
-0.144087247570761
-0.212362236356043
-0.28111966241676
-0.349765915569707
-0.41770431277292
-0.484340785058182
-0.549089564380763
-0.61137881296916
-0.67065613804124
-0.726393935656647
-0.778094508992726
-0.825294908448884
-0.867571443681678
-0.904543820922531
-0.935878862697483
-0.96129377131364
-0.980558902153609
-0.993500017875889
-1
