0.256338780923304
0.261831733345221
0.272736018227922
0.288889629213908
0.310052621516417
0.335910736264585
0.366080144936908
0.400113240210602
0.437505383327228
0.477702503257457
0.520109429772361
0.564098831201371
0.609020618355513
0.654211668963907
0.699005722123265
0.742743289769452
0.784781432085487
0.824503246062161
0.861326921088751
0.894714222397861
0.924178272310186
0.949290510377648
0.96968672653078
0.985072075993054
0.995225000799893
1
0.999329208749578
0.993222765250438
0.981767963535787
0.965127209172651
0.943534813727474
0.917292682036057
0.886764963644499
0.852371755971973
0.814581961534746
0.773905414731654
0.730884405018025
0.686084732610141
0.640086440020377
0.593474367612334
0.546828683909904
0.500715541555523
0.455678007589618
0.412227412151851
0.370835252858765
0.331925783100961
0.295869401469558
0.262976946641623
0.233494987531815
0.207602182583019
0.185406764974488
0.166945192542796
0.152181982623224
0.141010733121173
0.133256312213703
0.128678180459314
0.126974791053996
0.12778899679851
0.130714376307121
0.135302377344959
0.141070162161102
0.1475090284929
0.154093270730771
0.160289338696572
0.165565146713706
0.169399383208654
0.171290671019826
0.170766430901462
0.167391305360929
0.160775006883583
0.15057946367085
0.13652514710097
0.118396478042524
0.0960462237042876
0.0693988126609741
0.038452512800895
0.00328043492813235
-0.0359696566658225
-0.0790767264614708
-0.125749023713939
-0.175627774517495
-0.228291954245542
-0.283264067547751
-0.34001684709781
-0.397980767693623
-0.456552259347158
-0.515102491868619
-0.572986594325139
-0.629553165781961
-0.684153929024692
-0.736153376588976
-0.784938258426776
-0.829926762916529
-0.870577247640377
-0.906396383331514
-0.936946583528257
-0.961852603615001
-0.980807205908115
-0.993575802052311
-1
