-1
-0.989372565865311
-0.968250605827592
-0.936898058682966
-0.895706166311931
-0.845187951670727
-0.785970984126739
-0.718788539352135
-0.644469284699721
-0.563925642702669
-0.478141004736015
-0.388155983659112
-0.295053908171405
-0.199945772450109
-0.103954862236285
-0.00820128278384202
0.0862133850754918
0.178221077076721
0.266801668151309
0.350996617042586
0.429921636759494
0.5027782100056
0.568863786696547
0.627580521066315
0.678442428342897
0.721080865197915
0.755248263766602
0.780820075598504
0.797794909024953
0.806292870699062
0.806552149058316
0.798923903765024
0.783865550393483
0.761932553370496
0.733768862077223
0.700096144754197
0.661701992121073
0.619427277170713
0.574152869209094
0.526785908719798
0.478245854915036
0.429450519825259
0.381302301458733
0.334674823965295
0.290400184949726
0.24925699923453
0.211959414651294
0.179147259070358
0.151377459127414
0.129116850276001
0.112736475221783
0.102507443838939
0.0985984027127194
0.101074636891108
0.109898800666917
0.12493324865538
0.145943913482858
0.172605652449936
0.204508962950525
0.241167945567786
0.282029374950146
0.326482722084784
0.37387095768275
0.423501955278252
0.474660304488798
0.52661933979944
0.578653188290829
0.630048640944527
0.680116656497098
0.728203314194452
0.773700042088832
0.816052960546137
0.854771196170934
0.889434039151242
0.919696836780298
0.945295537302864
0.966049820908763
0.981864778286229
0.992731121268536
0.998723934368076
1
0.996793753565332
0.989411946914827
0.978227119690744
0.963669997308054
0.946220951581587
0.926400674956618
0.90476023172027
0.881870659264056
0.858312299282431
0.834664042623628
0.811492672301032
0.789342486918565
0.768725381504481
0.750111554574924
0.733920999299677
0.720515923099994
0.710194224096957
0.703184134810693
0.699640123682899
