1
0.996850944238604
0.990580916880893
0.981245805330654
0.968928741264799
0.953739269371696
0.935812252330485
0.915306523270195
0.892403299528069
0.867304373958237
0.840230102298796
0.811417207163648
0.781116421063401
0.749589992458207
0.717109080188233
0.683951062701105
0.650396789289778
0.616727801061603
0.583223549575955
0.55015864101291
0.517800133371585
0.48640491354962
0.456217180233652
0.427466057346233
0.40036336136212
0.375101544143276
0.351851831066905
0.330762572156099
0.311957821691706
0.295536159412039
0.281569763920409
0.270103746346553
0.261155749674762
0.254715816487284
0.250746525204447
0.249183392260978
0.24993553506826
0.252886588101049
0.257895862039527
0.26479973361686
0.273413251690449
0.283531943091579
0.294933800030711
0.307381429259573
0.320624341829303
0.334401361146544
0.348443126124195
0.362474665555756
0.376218019414171
0.389394882587824
0.401729246615143
0.412950015260157
0.42279357027691
0.431006264431431
0.437346819774415
0.441588610272653
0.443521809197517
0.442955383118379
0.439718915939907
0.433664248136704
0.424666918157281
0.412627394872511
0.397472091911591
0.379154156741284
0.357654029382231
0.332979767700129
0.305167138240974
0.274279473580466
0.240407299111149
0.203667734081048
0.164203673509767
0.122182759328896
0.0777961507110234
0.031257105055176
-0.0172006175231511
-0.0673245120996424
-0.118845234036165
-0.171478635082021
-0.224927913474603
-0.278885860353952
-0.333037184274876
-0.387060895216626
-0.440632729252152
-0.493427594943842
-0.545122022576957
-0.595396597521055
-0.643938359318661
-0.690443148533256
-0.734617883939208
-0.776182753297757
-0.814873301728547
-0.850442402548181
-0.882662096398397
-0.911325285519037
-0.936247271127573
-0.957267123039628
-0.974248871896331
-0.987082515646745
-0.995684833259514
-1
