0.14143731637822
0.138804409973387
0.133588404707218
0.125888187199768
0.115850276599211
0.103666680571255
0.0895720843787711
0.0738404130914478
0.0567808158689462
0.0387331294516351
0.020062885351839
0.00115593165934791
-0.0175872542344208
-0.0357574814056387
-0.0529429059564112
-0.0687351507519808
-0.0827353980555947
-0.0945603693505732
-0.103848108439629
-0.110263486911697
-0.11350335521867
-0.113301267843835
-0.109431717289757
-0.101713818770707
-0.090014395454887
-0.0742504227448226
-0.054390799280625
-0.0304574219631809
-0.00252555217975425
0.0292765295732837
0.0647685734842511
0.103720097625578
0.145852786033549
0.190843512076545
0.238327943031602
0.2879046739997
0.339139832309395
0.39157208748302
0.444717996752363
0.498077612078626
0.551140271705512
0.603390497488386
0.654313918612901
0.703403142842332
0.750163498095296
0.794118569919063
0.834815464236038
0.871829729534785
0.904769878370026
0.933281454533597
0.957050599453844
0.975807079158214
0.989326741368992
0.997433380865089
1
0.99694946008187
0.988254528061104
0.973937331501468
0.954068243004234
0.928764222990044
0.89818665690684
0.862538729421318
0.82206238387462
0.777034920161999
0.727765288166815
0.674590136892098
0.617869681454785
0.557983451121056
0.495325981564953
0.43030251354171
0.363324758212769
0.294806786487437
0.22516109601674
0.154794904962052
0.0841067164498428
0.0134831918106313
-0.0567036356103479
-0.126098780979128
-0.19436634470803
-0.261191154383929
-0.326280008011912
-0.389362521739589
-0.450191592057494
-0.50854348897463
-0.564217602738323
-0.617035872205246
-0.666841927886889
-0.713499986910006
-0.75689354058547
-0.796923877915736
-0.833508490154161
-0.866579402436245
-0.896081478525929
-0.921970743867093
-0.944212770424348
-0.962781164275301
-0.977656193630285
-0.988823590969241
-0.996273558375572
-1
