-0.761948548232626
-0.755030517095407
-0.74126633777586
-0.720798767451825
-0.693839435684422
-0.660665880471932
-0.621617668085148
-0.577091656733019
-0.527536477318391
-0.473446316596027
-0.415354098748201
-0.353824170577903
-0.289444603040955
-0.222819227577538
-0.154559529570062
-0.0852765231875858
-0.0155727318466079
0.0539656034745921
0.122775969753877
0.190326568751662
0.256122740187496
0.319712725528388
0.380692687377956
0.438710911519757
0.493471131877172
0.544734932795785
0.592323197907158
0.636116590158835
0.676055063150447
0.712136419452093
0.74441394685155
0.772993178237773
0.798027834844614
0.819715025626979
0.838289787413711
0.854019060987662
0.86719520721577
0.878129174646814
0.887143435494764
0.894564810542732
0.900717305177656
0.905915078471157
0.910455664960829
0.914613564593307
0.918634310231051
0.922729114294104
0.927070186629392
0.931786804723097
0.936962205069798
0.942631351080302
0.948779618561275
0.955342424761722
0.962205811493005
0.969207977136844
0.976141736709512
0.982757873799781
0.988769333388278
0.993856190523643
0.99767131680129
0.999846654772935
1
0.997742181619965
0.992684525165924
0.984446476082895
0.97266325900833
0.956993446486813
0.937126311397122
0.912788839979076
0.883752286921615
0.849838160445218
0.810923533583814
0.766945587817894
0.71790530667951
0.663870249764494
0.604976351549775
0.541428704307664
0.473501300003252
0.401535722112829
0.325938794560439
0.247179211182357
0.165783185041973
0.0823291722811397
-0.00255826023251915
-0.088215340648412
-0.173946676129862
-0.259033409073567
-0.342741830223626
-0.424332325802109
-0.503068530094981
-0.578226551207546
-0.649104135998292
-0.715029640543789
-0.775370674877869
-0.829542295151494
-0.877014622709955
-0.917319777785605
-0.95005802543223
-0.974903042830024
-0.991606229991426
-1
