0.162076561535887
0.167041830898325
0.176916304704095
0.191588413461421
0.210892198168579
0.234608968891741
0.262469490203503
0.294156671549261
0.329308735560244
0.367522832566515
0.408359065129834
0.451344882360923
0.495979800149779
0.541740400258103
0.588085558531506
0.634461850312288
0.680309079491838
0.72506587655018
0.76817531039738
0.809090458860493
0.847279883246943
0.8822329535515
0.913464972544254
0.940522049160309
0.962985674282469
0.980476955134656
0.9926604680507
0.99924769331051
1
0.994731153405818
0.983309322251671
0.965658568068482
0.941759804113097
0.911651216456245
0.875428145096016
0.833242428165064
0.785301217435386
0.731865278333069
0.673246792507858
0.609806685612447
0.541951507290655
0.470129894412307
0.394828652289431
0.316568491931491
0.235899464319141
0.153396135173394
0.0696525457520838
-0.0147229931955377
-0.0991132260504483
-0.182897346589446
-0.265456412762317
-0.346178733109063
-0.424465176656984
-0.499734359284538
-0.571427661103228
-0.639014031367888
-0.701994539753958
-0.759906635508964
-0.812328078963005
-0.858880513136174
-0.899232646674038
-0.933103023038931
-0.96026235474709
-0.980535405431459
-0.993802406588851
-1
-0.999121700954373
-0.991217881531942
-0.976395277256137
-0.954816024402439
-0.926696239093559
-0.89230415300539
-0.851957824020336
-0.806022443471388
-0.754907264698919
-0.699062180472928
-0.638973979399314
-0.575162313715444
-0.508175412876169
-0.438585579027752
-0.366984501857609
-0.293978431388693
-0.220183248057521
-0.146219469875355
-0.0727072366262278
-0.000261310908603041
0.0705138646131842
0.139029015107144
0.204714748980741
0.267026104418447
0.325446892182732
0.379493801557905
0.428720238282264
0.472719865483737
0.511129820990694
0.543633586915611
0.569963490086898
0.589902814715248
0.603287511606684
0.610007491256403
