-0.224141907270257
-0.22860812166799
-0.2374677430152
-0.250576150811225
-0.267718886622382
-0.288614582775539
-0.312918804387164
-0.340228751974125
-0.370088760129965
-0.40199651690739
-0.435409918777717
-0.46975446747861
-0.504431107832436
-0.538824399819099
-0.572310913898342
-0.604267735854334
-0.634080966313624
-0.661154100576998
-0.684916176493319
-0.704829581752865
-0.720397417130134
-0.731170318780933
-0.736752650594829
-0.736807986701739
-0.73106381439377
-0.719315398798503
-0.70142876246339
-0.677342745408317
-0.647070123992815
-0.610697779939205
-0.568385923864752
-0.520366390517171
-0.466940035394698
-0.408473274387299
-0.345393819331105
-0.278185672767272
-0.207383454596452
-0.133566141593961
-0.057350307789467
0.0206170405712822
0.0996659374460729
0.179111135883955
0.25825989106003
0.336419745201009
0.412906213664527
0.48705027436925
0.558205567060946
0.625755214461648
0.689118184085926
0.747755117304861
0.80117356096406
0.848932546374378
0.890646470639327
0.925988245900565
0.954691693005668
0.976553167161488
0.991432414162435
0.999252666609396
1
0.99372197852081
0.980525629662649
0.960574795279913
0.93408691430555
0.901329298913564
0.862614971405584
0.818298133421177
0.768769342186064
0.71445047039131
0.655789526932869
0.593255415147671
0.527332703392432
0.45851647987617
0.387307359646421
0.31420670662859
0.239712127728612
0.164313289345732
0.0884880993301604
0.0126992895943454
-0.0626085736117963
-0.137011633176386
-0.210108828270253
-0.281523523514243
-0.350904686744755
-0.417927629823033
-0.482294334320146
-0.543733390690758
-0.601999585614614
-0.656873177438786
-0.7081589040145
-0.755684770624692
-0.79930066809435
-0.838876872535363
-0.874302478489425
-0.905483816503681
-0.932342904429541
-0.954815979018509
-0.972852150760177
-0.98641222044266
-0.995467690705202
-1
