-0.538389234925689
-0.526269900996505
-0.502220061437576
-0.466614503661307
-0.420008279725557
-0.363128273716935
-0.296862159995864
-0.222244921198722
-0.140443132165651
-0.0527372500492834
0.0394978187663533
0.134813578114229
0.231709909427948
0.32865781193446
0.424122569006023
0.516586987843111
0.604574358918039
0.686670786310775
0.761546550135981
0.827976177532806
0.884856918924566
0.931225351135476
0.966271858085285
0.989352772713743
1
0.997927979872034
0.983037889840446
0.955419029700469
0.915347373964049
0.863281321137296
0.799854711872982
0.725867229737899
0.642272338195299
0.550162944797735
0.450755017938863
0.345369412296338
0.235412185840164
0.122353713574248
0.00770692068577161
-0.106995029764703
-0.220221252252679
-0.330465513044437
-0.436268122497514
-0.536237013345145
-0.629067686774271
-0.713561726882669
-0.788643607475678
-0.853375542759778
-0.906970164866332
-0.94880084579335
-0.978409518734554
-0.995511893280448
-1
-0.991942041796109
-0.971579571513339
-0.939322056900542
-0.895738934540883
-0.841549293123235
-0.777609362836463
-0.704898021154964
-0.6245005553302
-0.537590948044595
-0.445412974519471
-0.349260416564824
-0.250456711357098
-0.150334359950855
-0.0502144225715327
0.0486135754185573
0.144911011275466
0.237508504017076
0.325322940655587
0.407372927715018
0.482792432816661
0.55084241135955
0.61092024673299
0.662566868532984
0.705471451332154
0.739473636060498
0.764563256356832
0.780877592701795
0.788696217094954
0.788433529852018
0.780629127154022
0.765936172687813
0.745107978524186
0.718983028781429
0.688468704167938
0.654523985800218
0.618141432432745
0.580328736167744
0.542090167667509
0.504408222780384
0.468225778306704
0.434429055446415
0.403831675439817
0.377160073268209
0.355040512327607
0.337987916100326
0.326396702463281
0.320533772881471
