0.875035667764647
0.871631728094516
0.864811781859359
0.854552401958438
0.840820198974498
0.82357387956777
0.802766920031177
0.778350795842162
0.7502786953057
0.71850963395786
0.68301287650267
0.643772564873956
0.600792444706111
0.554100578189161
0.503753929065671
0.449842705455924
0.39249434829221
0.331877057384714
0.268202753474879
0.201729382965118
0.132762482219648
0.0616559302498489
-0.011188167961575
-0.0853205104982299
-0.160246567102764
-0.235429497910679
-0.310294015781824
-0.384231168324102
-0.456603998405077
-0.526754025009164
-0.594008470015457
-0.657688141130348
-0.71711586708347
-0.771625368541312
-0.82057043724434
-0.863334286839286
-0.899338931937455
-0.92805444722921
-0.94900795613558
-0.961792198554373
-0.966073529795799
-0.961599207797013
-0.948203833112229
-0.925814815911417
-0.894456756163988
-0.854254637175454
-0.805435748491226
-0.748330271657287
-0.683370481178761
-0.611088532966067
-0.532112833305693
-0.447163002624185
-0.357043469704163
-0.262635753228705
-0.164889508243077
-0.06481243500296
0.0365408335920676
0.138080732505221
0.238695503996435
0.337264513429361
0.432671967584201
0.523820852723309
0.609646903361354
0.689132409112559
0.761319666208796
0.82532388234674
0.88034534842932
0.925680698472744
0.960733089368508
0.985021145191646
0.998186526163211
1
0.990365912976516
0.96932497931005
0.937055330159487
0.893871787278393
0.840223350841902
0.776688915819962
0.703971256134323
0.622889340348331
0.534369066435522
0.439432525902081
0.339185928860445
0.234806341246859
0.12752740294871
0.0186242108908623
-0.0906024361103628
-0.198842223879593
-0.304791726798263
-0.407170810941219
-0.504738817181132
-0.596310307014874
-0.680770158952263
-0.757087811409624
-0.824330459060326
-0.881675023360669
-0.928418734300279
-0.963988179091386
-0.987946694246145
-1
