0.838196320544393
0.840625554357568
0.845419502217525
0.852450254891262
0.861528755660474
0.872408117048
0.88478795763023
0.898319687434814
0.912612654734391
0.927241052764787
0.941751472251099
0.955670974821919
0.968515553606213
0.979798840682016
0.989040916689857
0.995777075908976
0.999566400455939
1
0.996708778456536
0.989370596440573
0.977716707722297
0.961537359376661
0.940686458578793
0.91508522385595
0.884724754829443
0.849667471808343
0.810047394755057
0.76606924984154
0.718006410755454
0.666197700795229
0.611043100309529
0.552998421893019
0.492569032659876
0.430302718606877
0.36678180029587
0.302614621600831
0.238426543873998
0.174850586415084
0.112517860436736
0.0520479477022162
-0.00596062340110648
-0.0609396524275908
-0.112360143411406
-0.159740640340844
-0.20265488645381
-0.240738682330404
-0.27369582986515
-0.301303063136901
-0.323413882743089
-0.339961227084728
-0.350958932115587
-0.356501949921259
-0.356765315875872
-0.352001873731583
-0.342538787520162
-0.328772888279062
-0.311164922054278
-0.290232783087021
-0.266543832284
-0.240706415744391
-0.213360711036272
-0.185169039874556
-0.156805794674763
-0.128947132999254
-0.102260598067028
-0.0773948251947529
-0.0549694932433286
-0.0355656768682359
-0.0197167496592855
-0.00789998019044647
-0.000528952704662022
0.00205306821165152
-0.000421276134813908
-0.0081389905741851
-0.0212034882048052
-0.0396326159655266
-0.0633579776260738
-0.0922255682439391
-0.125997713950614
-0.164356290801118
-0.206907176662177
-0.253185871033892
-0.302664199595058
-0.354758003416135
-0.408835697459763
-0.464227569426453
-0.520235678415564
-0.576144203440768
-0.631230084713765
-0.684773795902719
-0.736070083358088
-0.784438508614621
-0.829233633321439
-0.869854691079953
-0.905754598401076
-0.936448167010122
-0.961519391876149
-0.980627703434801
-0.993513088292434
-1
