1
0.992387301850501
0.977270396835848
0.954864544631686
0.925488355074521
0.88955872926615
0.847584240931176
0.800157063902601
0.747943574880721
0.691673781823174
0.632129747140743
0.570133190994246
0.506532473155032
0.442189161894672
0.377964405048167
0.31470532164167
0.253231632237492
0.19432274242822
0.138705486765806
0.0870427299526899
0.0399230085150184
-0.0021486203621407
-0.0387583753695786
-0.0695900670901135
-0.0944298312125894
-0.113169201916591
-0.125806474907903
-0.13244633692179
-0.133297766243916
-0.128670236486352
-0.118968283058275
-0.104684518054672
-0.086391204232903
-0.064730521958539
-0.040403684107903
-0.0141590725776416
0.0132204140274939
0.0409305990345623
0.0681596404594307
0.0941017993179911
0.117971142045475
0.139014956213284
0.156526662881283
0.169858016523519
0.178430394400662
0.181744991353979
0.179391753044118
0.171056900386974
0.156528920039833
0.135702919916863
0.108583274485037
0.0752845116040424
0.0360304205012372
-0.00884861132354298
-0.0589199963339343
-0.113655016783383
-0.172436475911307
-0.234567814991464
-0.299283557192295
-0.365760917834642
-0.433132401746181
-0.50049919231574
-0.566945123802055
-0.631551018660418
-0.693409165276181
-0.751637708641314
-0.805394727229314
-0.853891773608481
-0.896406664121587
-0.93229531413398
-0.961002429741192
-0.982070884209765
-0.995149627532539
-1
-0.996500345272712
-0.984648844703341
-0.96456452219095
-0.936486397225248
-0.900770792551006
-0.857886831602744
-0.808410189077755
-0.753015185289243
-0.692465340843476
-0.627602532308782
-0.559334911511232
-0.488623770556546
-0.416469551333788
-0.343897211841165
-0.27194117197315
-0.201630068257604
-0.133971550322481
-0.0699373515498195
-0.0104488624430304
0.0436365722490559
0.0915384225266387
0.13256461231345
0.166121850107313
0.191724492417844
0.209001803787336
0.217703501796081
