1
0.995417890741834
0.986271467261967
0.972596328898758
0.954445895829973
0.93189142894071
0.905022047220895
0.873944735164138
0.838784331084228
0.799683485919003
0.756802580986904
0.710319592327961
0.660429888722075
0.607345950251541
0.551296994374276
0.492528496905758
0.431301596071187
0.367892368878978
0.302590970469915
0.235700628794601
0.16753648894121
0.0984243036459334
0.0286989689354886
-0.0412970935647762
-0.111215703415108
-0.180704830209104
-0.249410634639666
-0.3169796291415
-0.383060942743066
-0.447308672156862
-0.509384298703795
-0.568959148452927
-0.625716871006787
-0.67935591071638
-0.729591942806051
-0.776160245958706
-0.818817982383394
-0.857346356280418
-0.89155262194821
-0.921271913548511
-0.946368869762172
-0.966739028220342
-0.982309966670908
-0.993042170316754
-0.998929607612945
-1
-0.996314774539859
-0.987968692164169
-0.975089148190823
-0.957835145859637
-0.936395947823988
-0.910989414751962
-0.881860044376486
-0.849276728426811
-0.813530248811878
-0.774930538149114
-0.733803733181996
-0.690489052751508
-0.645335534729625
-0.598698668641569
-0.550936962557518
-0.502408484190345
-0.453467416966697
-0.40446067212544
-0.355724597628282
-0.307581823839112
-0.260338284545885
-0.214280449974584
-0.169672806000171
-0.126755610823047
-0.085742956987914
-0.0468211628182952
-0.0101475131740352
0.0241506350336471
0.0559763718542208
0.085263372022901
0.111975650600183
0.136106940787556
0.157679703214874
0.176743780931286
0.19337471910033
0.207671772932777
0.219755631622736
0.22976588992214
0.237858302439711
0.244201858732054
0.248975719722631
0.252366057901786
0.25456284509875
0.255756632353276
0.256135366537926
0.255881287888172
0.255167951491427
0.254157414081755
0.252997625206753
0.251820059007678
0.25073761952196
0.249842848624671
0.249206461525055
0.248876230184209
