-1
-0.995320679183262
-0.986011449315906
-0.972170355338603
-0.953942531201417
-0.93151791594641
-0.905128268236685
-0.875043529277758
-0.841567594999977
-0.805033568288499
-0.765798570795702
-0.724238201304304
-0.680740733603959
-0.635701151298782
-0.589515119802638
-0.542572996953608
-0.495253983166509
-0.447920509847971
-0.400912960955014
-0.354544817144917
-0.309098305027121
-0.264820625697344
-0.221920827143285
-0.180567374414426
-0.14088645981804
-0.102961083027756
-0.0668309180706718
-0.0324929709043151
9.69820780931663e-05
0.031022197547752
0.060402046633026
0.088388422513719
0.115161534209952
0.140925157311221
0.165901422032186
0.190325227348627
0.214438376917289
0.238483537896797
0.262698127567576
0.287308234726783
0.312522683166876
0.338527343118667
0.365479793364896
0.393504431849949
0.422688126094312
0.453076486664312
0.484670837469144
0.517425945902211
0.551248563977196
0.585996818814698
0.621480477311649
0.657462095784958
0.693659051043681
0.729746434937272
0.765360780179972
0.800104571390706
0.833551482036306
0.865252265537578
0.894741217394411
0.92154311499484
0.945180532962077
0.965181424610919
0.981086854454941
0.992458762827628
0.998887641626171
1
0.995465500502139
0.985003649785801
0.968389933317649
0.9454612907207
0.91612083715408
0.880341746457978
0.838170223489903
0.789727505980787
0.735210850154984
0.67489346907893
0.609123408007977
0.538321356658563
0.462977414106044
0.383646837657236
0.300944822331748
0.215540372273618
0.128149339278295
0.0395267164460318
-0.0495417134378078
-0.138248265022429
-0.225772654641823
-0.311291596441663
-0.393988560066272
-0.473063556430661
-0.547742816901756
-0.617288231993752
-0.681006418438563
-0.738257288187313
-0.788461999466934
-0.831110178362584
-0.865766309400354
-0.892075205118618
-0.909766477470328
-0.918657947902235
