0.912947144311118
0.906153474542126
0.892676264838965
0.872734036916795
0.846650255530367
0.814848222461244
0.777844392855339
0.736240218000942
0.690712641581732
0.642003397402547
0.590907275241153
0.538259537536474
0.484922682832771
0.431772762054837
0.379685460633904
0.329522163130259
0.282116217251287
0.238259611039994
0.198690270559287
0.164080175723448
0.13502447918273
0.112031797550415
0.0955158260189655
0.0857884068294354
0.0830541594584291
0.0874067561237053
0.0988269006625535
0.117182042406005
0.14222782976978
0.173611281329839
0.210875625567165
0.25346673466748
0.300741053148987
0.351974899047956
0.406374994276202
0.463090061903968
0.521223311808357
0.579845622613319
0.638009217339997
0.694761622846457
0.749159699074275
0.800283523395222
0.847249917971324
0.889225413960137
0.925438455517068
0.955190658720392
0.977866955577315
0.992944470921168
1
0.998715976568563
0.988884844980654
0.970411774762795
0.943315682039344
0.907728548565429
0.863893055592696
0.812158575927855
0.752975592935505
0.686888639487092
0.614527872587797
0.536599420268185
0.453874655982759
0.367178571923825
0.277377436086333
0.185365928401465
0.0920539586341351
-0.00164662709796193
-0.0948352434377926
-0.186635461182468
-0.27620740123496
-0.362759436164791
-0.44555902019759
-0.523942483026904
-0.597323639983124
-0.665201090526861
-0.727164098445045
-0.782896970173651
-0.832181871982074
-0.874900051942287
-0.911031458268483
-0.940652771341104
-0.963933892112992
-0.981132954231109
-0.992589950703566
-0.998719087925461
-1
-0.996967974235039
-0.990203354175995
-0.980320299310219
-0.967955090444554
-0.953754176562931
-0.9383621626091
-0.922409938056335
-0.906503143317898
-0.891211165067273
-0.87705684247459
-0.864507054372924
-0.85396434263994
-0.84575970985463
-0.84014670984357
-0.837296928379367
