0.550135253887355
0.53705847353566
0.511122076580354
0.472756918122115
0.422600654823355
0.36148754685346
0.290435113109083
0.210627851104174
0.123398279440895
0.03020560321473
-0.0673876595955012
-0.167740720345153
-0.269160833636375
-0.369930465779532
-0.468334887014415
-0.562689749866661
-0.651368216095058
-0.732827201680923
-0.805632323111789
-0.868481148601133
-0.920224384542624
-0.959884660001339
-0.986672609883105
-1
-0.999489683893506
-0.98498223125122
-0.956539120269941
-0.914442440548846
-0.859191108185644
-0.791493649826696
-0.712257666619889
-0.622576141481099
-0.523710802983199
-0.417072805723018
-0.304201029481355
-0.186738337193555
-0.0664061640976443
0.0550221630877856
0.175748957901476
0.293980124139272
0.407953084680781
0.515964249853388
0.616395593114903
0.707739915722019
0.788624402534801
0.857832097865794
0.914320962895053
0.957240214126247
0.985943685056355
1
0.99919939911242
0.983557106303209
0.953313186096599
0.908928890716743
0.851079553887657
0.780644142167269
0.698691627226786
0.60646439251155
0.505358934388801
0.396904160465784
0.282737625576792
0.164580078393987
0.0442087182020243
-0.076570418328505
-0.195950506849428
-0.312151981147946
-0.423450134764234
-0.528201845125235
-0.624871000741646
-0.712052232456946
-0.788492576463589
-0.853110729391197
-0.905013593711485
-0.943509854396841
-0.968120374541385
-0.978585247767942
-0.974867397911878
-0.957152670863314
-0.925846418705604
-0.88156663153932
-0.825133726756582
-0.757557158173415
-0.680019057508223
-0.593855167423105
-0.500533367985153
-0.401630136285009
-0.298805311472771
-0.19377556412423
-0.088286989213449
0.0159127442802536
0.117102247178228
0.213613827380739
0.303860037625364
0.38635893450847
0.459757649937428
0.522853902853832
0.574615111608281
0.614194805261959
0.640946074741844
0.654431851512685
