-1
-0.989672621190542
-0.969137004486847
-0.938629760096198
-0.898501649508799
-0.849212671186154
-0.791325624101233
-0.725498246207315
-0.652474046332153
-0.573071967579957
-0.488175037773021
-0.398718177508665
-0.305675348813911
-0.210046236959737
-0.1128426646027
-0.015074940954496
0.0822616509121119
0.178200028232515
0.271813949608151
0.362229937156668
0.448638305595803
0.530303138403115
0.606571067931248
0.6768787352686
0.740758826420621
0.797844603720564
0.84787287491003
0.890685366690017
0.926228494351072
0.954551543958492
0.975803308106914
0.990227240085163
0.998155214035739
1
0.996246582279195
0.987442467010294
0.974187139984409
0.957120848291751
0.936912889168579
0.914249596300245
0.889822217697912
0.864314880060038
0.838392832247035
0.812691155180473
0.787804117216739
0.764275342975038
0.74258894990114
0.723161790742637
0.706336921857389
0.692378397166992
0.681467465922618
0.67370022961672
0.669086789714315
0.667551893767924
0.668937063303444
0.673004163003669
0.679440347549552
0.687864300373206
0.697833657880232
0.708853493738767
0.72038572090746
0.731859254450458
0.742680766093997
0.752245852105359
0.759950429566754
0.765202172574338
0.767431799369404
0.766104023909957
0.760727990873923
0.750867021460085
0.736147508483961
0.716266812973745
0.691000030536284
0.660205513927368
0.623829058234059
0.581906676540366
0.534565916558914
0.482025692109835
0.424594627141348
0.362667933835134
0.296722869844247
0.227312842498116
0.155060249515764
0.0806481660499405
0.00481100641893795
-0.0716756946245999
-0.148006222049736
-0.223356171429807
-0.296894310906605
-0.367794628500371
-0.435248375890636
-0.498475919655511
-0.55673821382284
-0.609347713410082
-0.655678557318107
-0.69517586035901
-0.727363968158084
-0.751853544953426
-0.768347382664417
-0.776644839721159
