1
0.997151193864889
0.991448094620714
0.982880051079193
0.971431886922963
0.957084843358979
0.93981780647828
0.919608794680361
0.896436676164461
0.870283081651075
0.841134473259195
0.808984326902746
0.773835382746605
0.735701916229868
0.69461198095965
0.650609574427304
0.603756678010905
0.554135124099302
0.501848245385873
0.447022264402208
0.389807385147646
0.330378553161525
0.268935855510824
0.205704537845443
0.140934621816302
0.0749001126588544
0.00789779351163911
-0.0597543900438428
-0.127719344782285
-0.195643226657124
-0.263158195645746
-0.329885498233448
-0.395438841177824
-0.459428014730232
-0.521462718628682
-0.581156540000717
-0.638131028899077
-0.692019814598836
-0.742472704060986
-0.789159703149457
-0.83177490129702
-0.870040161356866
-0.903708558342198
-0.932567513622628
-0.956441574875836
-0.975194796634057
-0.988732681552871
-0.99700364848735
-1
-0.997758368948512
-0.990359631203186
-0.977928279211894
-0.960631258947336
-0.938676280617239
-0.912309621271758
-0.881813444983531
-0.847502673486894
-0.809721446930693
-0.768839220617268
-0.725246549169873
-0.679350614403025
-0.631570557187067
-0.582332676733864
-0.532065562932797
-0.481195228596864
-0.43014030871458
-0.379307393036561
-0.329086556563493
-0.279847149767788
-0.231933906712166
-0.185663424677455
-0.141321063545095
-0.0991583070760603
-0.0593906214779644
-0.0221958393563746
0.012286910585539
0.0439577157866169
0.0727558299442843
0.0986590652690951
0.121682639408665
0.141877497663923
0.159328138909978
0.174149981002145
0.186486308282006
0.196504849994161
0.204394043886243
0.210359043908897
0.214617534686983
0.217395418240192
0.218922440246748
0.219427823939391
0.21913597948533
0.218262355434176
0.217009496538404
0.215563368993944
0.214090009962897
0.212732553189453
0.211608676680541
0.210808511883046
0.210393046649153
