0.104575080521
0.110846156696553
0.123300120295397
0.1417618530627
0.165971806940097
0.195589706901056
0.230199401668115
0.269314789961491
0.312386733939515
0.358810856853247
0.407936108873884
0.459073973760892
0.511508179692553
0.564504770320082
0.6173223870405
0.669222610687047
0.719480210348917
0.767393148858671
0.812292198594174
0.853550027565603
0.890589624195936
0.922891939621912
0.950002638577796
0.971537863784613
0.987188934036125
0.996725912611761
1
0.996944722914017
0.987575909945574
0.971990462649074
0.95036394909059
0.922947064655252
0.890061021907735
0.852091947284003
0.809484377113569
0.762733958706383
0.712379473786412
0.658994311241438
0.60317752384114
0.545544609140504
0.486718158153463
0.427318516507641
0.367954601665216
0.309215016442645
0.251659593543547
0.195811498228167
0.14215000670574
0.0911040665088765
0.0430467321757417
-0.00170944476516244
-0.042916008011451
-0.0803911238270335
-0.11402101350574
-0.143760278422866
-0.169631122714964
-0.1917214960377
-0.210182195820801
-0.225222984701635
-0.237107794120382
-0.24614909916156
-0.252701562409888
-0.257155055657151
-0.259927177581184
-0.261455392877062
-0.262188923643932
-0.262580527041057
-0.263078294279505
-0.264117604902213
-0.266113367049585
-0.269452669069478
-0.274487960501162
-0.281530871266129
-0.290846766987278
-0.302650125911886
-0.317100809136816
-0.334301280951311
-0.35429482036538
-0.377064748535367
-0.40253468009721
-0.430569789641553
-0.460979067983323
-0.493518526758033
-0.527895294476592
-0.563772532736287
-0.600775088048626
-0.638495782915886
-0.67650223955588
-0.714344121200733
-0.751560669314288
-0.787688410487421
-0.822268904251938
-0.854856402639756
-0.885025294008527
-0.912377207427619
-0.936547659706149
-0.957212134851449
-0.974091495245575
-0.986956634963555
-0.995632298248461
-1
