0.866364104949167
0.868176424115149
0.871758265771483
0.877024654768389
0.883849664973807
0.892068238365679
0.901478569518015
0.911845021145957
0.922901528755646
0.934355445446513
0.94589177163991
0.95717770905076
0.967867473658082
0.977607298831841
0.986040557189423
0.992812928221294
0.997577538262614
1
0.999763280378425
0.99657232848455
0.99015839868617
0.980283008944836
0.966741479717857
0.949366005141977
0.928028215147647
0.902641194683716
0.873160934222859
0.839587194047031
0.801963773353783
0.760378183849895
0.714960736079044
0.665883055137099
0.613356050537063
0.557627372675923
0.498978395514608
0.437720771605596
0.374192611396261
0.308754343717122
0.241784318462931
0.173674215635161
0.10482432709527
0.0356387785533123
-0.0334792405248698
-0.10213217226131
-0.169932645973472
-0.236507831857549
-0.301503534263452
-0.36458797062289
-0.425455187402669
-0.48382807044354
-0.539460913613127
-0.592141516743828
-0.641692791230443
-0.687973859310409
-0.730880640821368
-0.770345929004995
-0.806338964581793
-0.838864524741036
-0.867961550759655
-0.893701344576607
-0.916185370705839
-0.935542705281758
-0.951927178717151
-0.965514262348103
-0.976497752489605
-0.985086307489503
-0.991499894621268
-0.995966203987159
-0.998717086016318
-0.999985067655878
-1
-0.998985886928476
-0.997157940392401
-0.9947199033608
-0.991861676210759
-0.988757276595803
-0.985563156661813
-0.982416895001939
-0.979436274060946
-0.976718746927585
-0.974341290703635
-0.972360637022066
-0.970813863913416
-0.969719327193147
-0.969077903961748
-0.968874515763599
-0.969079894521306
-0.969652550619348
-0.97054089951322
-0.971685501033638
-0.97302136417242
-0.974480269596017
-0.975993062439132
-0.977491869074643
-0.978912193513887
-0.980194851825962
-0.981287706426317
-0.98214716621129
-0.982739423233468
-0.983041401839894
