1
0.996668346923929
0.990007893931501
0.980024625821958
0.966728209022519
0.950132799274957
0.930258086631909
0.907130551183147
0.880784897245581
0.851265628679006
0.81862872363148
0.782943363460698
0.744293667893507
0.702780386732588
0.658522497638856
0.611658659734771
0.562348473994607
0.510773503602157
0.457138010636232
0.401669369544101
0.344618122821016
0.286257650052476
0.226883427903283
0.166811865648876
0.106378708324087
0.0459370073870362
-0.0141453331710679
-0.0734884192336829
-0.131703613409542
-0.188397134421999
-0.243173969651403
-0.295642054446052
-0.345416665429941
-0.392124969379513
-0.435410664426144
-0.474938646462777
-0.510399630774339
-0.541514657138782
-0.568039406008378
-0.589768253910792
-0.606537997919191
-0.618231181924196
-0.624778961472234
-0.626163449070697
-0.622419488037461
-0.613635810110447
-0.59995554003548
-0.58157601910567
-0.558747929007964
-0.531773707205408
-0.501005255300871
-0.466840952235975
-0.429721994619125
-0.390128096788193
-0.348572593235405
-0.305596995596208
-0.261765065377039
-0.217656471823208
-0.173860111671793
-0.130967173871577
-0.0895640375729466
-0.0502250957015464
-0.0135055991538374
0.0200653819668328
0.0499917836563024
0.0758170648404557
0.0971303235083856
0.113571924090068
0.124838553509349
0.130687630089291
0.13094099740507
0.125487844165541
0.114286801137471
0.0973671768700697
0.0748293053827283
0.0468439908853764
0.0136510468398563
-0.0244430609330265
-0.0670684450211293
-0.113795866809447
-0.164141600439978
-0.217573033049633
-0.273514933466866
-0.331356311896185
-0.390457784487064
-0.450159349200502
-0.509788473166394
-0.568668386864414
-0.626126477036512
-0.681502668306672
-0.734157683077307
-0.783481070403937
-0.828898897210175
-0.86988099936112
-0.905947695710349
-0.936675875198359
-0.961704375312683
-0.980738579607802
-0.993554172394775
-1
