1
0.999295388575363
0.99785724881862
0.995628393958602
0.992524649931327
0.988436750636769
0.983232812096539
0.976761341347536
0.968854726263766
0.959333143754626
0.948008816089796
0.934690538578663
0.91918839659669
0.901318586092406
0.880908249294221
0.857800236410091
0.831857704694951
0.802968468345909
0.771049016243908
0.736048119539413
0.697949957401599
0.656776696816546
0.612590471010323
0.565494710749445
0.51563479327902
0.463197984829386
0.408412664274866
0.351546827475038
0.292905883875491
0.232829768895204
0.171689407285919
0.109882573823616
0.0478292081991467
-0.0140337493603685
-0.0752579265469369
-0.135389408800515
-0.193974861574898
-0.250567791257497
-0.304734847585489
-0.356062068562152
-0.404160968613014
-0.448674372045588
-0.489281896777376
-0.525704997738012
-0.557711485271191
-0.585119441175501
-0.607800463622462
-0.625682181946464
-0.638749993067314
-0.647047982917425
-0.650679008524171
-0.649803929153683
-0.644639987957572
-0.635458358675247
-0.622580884926349
-0.606376052276057
-0.587254245370829
-0.565662353831004
-0.542077801068114
-0.517002079600161
-0.490953884615535
-0.464461944352108
-0.438057651199442
-0.412267601208908
-0.387606151842489
-0.364568108265266
-0.343621647273786
-0.325201585063854
-0.309703090513751
-0.297475939555358
-0.288819398613321
-0.283977816122156
-0.283136990915404
-0.286421374971828
-0.293892155770675
-0.305546250535628
-0.321316231131427
-0.341071184523566
-0.364618499730927
-0.391706558307207
-0.422028291792311
-0.455225556488043
-0.490894263534865
-0.528590190788949
-0.567835392598677
-0.60812511441834
-0.648935111416565
-0.689729263959498
-0.729967378172595
-0.769113056784481
-0.806641524180155
-0.842047290061404
-0.874851538324986
-0.904609131692921
-0.930915128206676
-0.953410712845248
-0.971788456139341
-0.98579682160047
-0.995243854914916
-1
