0.835016127938038
0.829083268114611
0.81730795978067
0.799869490827147
0.777032981868374
0.74914488407995
0.716627093908723
0.679969782974303
0.639723063015239
0.596487625308346
0.550904511285415
0.503644185803754
0.455395096452398
0.406851911196932
0.35870363243317
0.311621788035116
0.266248899199703
0.223187420817127
0.182989342791664
0.146146630316604
0.113082667731651
0.0841448544732688
0.0595984830239225
0.0396220079716312
0.0243037926391605
0.0136403955956352
0.00753643411026195
0.00580603565481574
0.0081758623272552
0.0142896669775425
0.0237143142913652
0.0359471755427969
0.050424782563157
0.066532605069342
0.0836157962024404
0.100990734265292
0.117957174496483
0.133810813516157
0.14785606101746
0.159418808498292
0.167858983421003
0.172582679189003
0.173053656720713
0.16880402211063
0.159443896769087
0.144669911349902
0.124272372483239
0.0981409715593871
0.0662689272464083
0.0287554777234102
-0.0141933356065733
-0.0622656242972682
-0.115046352784466
-0.172021758158737
-0.232585438352145
-0.296046030417659
-0.361636374767989
-0.428524036916423
-0.495823035815847
-0.562606607685161
-0.627920816572289
-0.690798808118291
-0.750275491302097
-0.805402424556653
-0.855262677700267
-0.898985439713738
-0.935760144551358
-0.96484989288337
-0.985603956854605
-0.997469167479904
-1
-0.992867191160368
-0.975864743672228
-0.948915196749372
-0.912073067229477
-0.865526392994906
-0.809596338790992
-0.74473485366509
-0.67152039867063
-0.590651792744491
-0.502940253322037
-0.409299735859638
-0.310735702561645
-0.208332474852462
-0.103239346117042
0.00334434938799122
0.110184999078873
0.216031080366187
0.319629899146729
0.419744456467684
0.515170198614324
0.604751406811669
0.687396987351428
0.762095431193707
0.827928723827883
0.884085001234455
0.929869765944114
0.964715498168276
0.98818952046001
1
