-0.0350825543269718
-0.043757329935082
-0.0609572625174437
-0.0863854377485848
-0.119602255810383
-0.160032258028561
-0.206973065089019
-0.259606289559162
-0.317010255144548
-0.378174327406603
-0.44201463598036
-0.50739094704278
-0.573124427219923
-0.638016026554674
-0.700865198793521
-0.760488672233062
-0.815738983769215
-0.865522492620224
-0.908816598385878
-0.944685900529076
-0.972297052825951
-0.990932086568312
-1
-0.999046438256152
-0.987761317532965
-0.9659842788859
-0.933707890442998
-0.89107855140766
-0.838395086474286
-0.776105054643483
-0.704798831352908
-0.625201556794525
-0.538163075744308
-0.444646024685588
-0.345712249993525
-0.242507766036034
-0.136246483852182
-0.0281929592606833
0.0803555764463062
0.188087629869238
0.293696023624868
0.395896358313143
0.493445080150547
0.585156883127818
0.669921185761284
0.746717437709904
0.81462903047715
0.872855608802602
0.920723604814062
0.95769484515087
0.983373111635846
0.997508568185652
1
0.990894845133157
0.970387032790869
0.938812676574731
0.896643703883733
0.844479534263937
0.783036949180117
0.713138323006772
0.6356984095777
0.551709900015392
0.462227985456946
0.368354172430752
0.271219608806655
0.171968184293651
0.071739671311007
-0.0283468303050072
-0.127208887824633
-0.223815923020056
-0.317203360517051
-0.406485523254916
-0.490867082601065
-0.569652895036348
-0.642256084274995
-0.70820425677126
-0.767143769322636
-0.818841999410594
-0.86318760150991
-0.900188765323367
-0.929969524235135
-0.952764193705825
-0.968910049353193
-0.978838382595783
-0.983064097534975
-0.982174035804191
-0.976814236057562
-0.967676351289434
-0.95548346001144
-0.940975516265675
-0.924894688383314
-0.907970837235321
-0.890907381458777
-0.87436778983786
-0.858962929796469
-0.845239486006727
-0.833669644680487
-0.824642217492027
-0.818455354632687
-0.815310969620813
