0.965733642152173
0.960226984498657
0.949271760847612
0.932983534157145
0.911534104864724
0.885149677283783
0.854108446548969
0.818737632839497
0.77940999569394
0.736539866925932
0.690578745892165
0.642010505590972
0.591346262227664
0.539118964424381
0.48587776113866
0.432182209554953
0.378596385704764
0.325682961340339
0.273997310629349
0.22408170955818
0.176459689542518
0.131630604667692
0.0900644692479369
0.052197119041113
0.0184257455288293
-0.0108951517770103
-0.0354573549537016
-0.0550020244811092
-0.0693222741669693
-0.0782652010170225
-0.0817333529896233
-0.0796856237991043
-0.0721375702001161
-0.0591611534224913
-0.0408839125603082
-0.0174875836796646
0.0107938158697085
0.0436764130362781
0.0808293845827308
0.121878307934003
0.166408918572282
0.21397123151112
0.264083981230923
0.316239331867006
0.369907807427274
0.424543390390357
0.479588736199824
0.534480450921987
0.588654379662389
0.641550854221447
0.692619849888181
0.74132600319225
0.787153444822628
0.829610404735655
0.868233549671167
0.902592016824769
0.932291111236424
0.956975638497668
0.976332848598231
0.990094971073527
0.998041326023694
1
0.995849080144802
0.985517444278319
0.968985108804188
0.946283140314086
0.917493140571971
0.882746318117241
0.842222163014487
0.796146744271707
0.744790652129851
0.688466609780541
0.627526781086961
0.562359802561212
0.493387569190774
0.421061804712277
0.345860447612102
0.268283884503482
0.188851062605483
0.108095512849897
0.026561314689564
-0.0552009670000736
-0.136638343420377
-0.217199433308042
-0.296338437126691
-0.373519028106686
-0.448218135689595
-0.519929598450409
-0.588167665139846
-0.652470324089688
-0.712402442837111
-0.767558701432821
-0.817566304488506
-0.862087458580387
-0.900821603148983
-0.933507384514821
-0.959924364062701
-0.979894453032827
-0.993283067697352
-1
