0.465380621680914
0.455404890230768
0.435597788375777
0.406245782214849
0.367772966734056
0.320734440530559
0.265807636611967
0.203781746905839
0.135545408378274
0.0620728462585154
-0.015591305640229
-0.0963482665142015
-0.179062193915733
-0.26257782162179
-0.345738370032103
-0.427403444792931
-0.506466639549529
-0.581872563453909
-0.652633023220608
-0.717842102987484
-0.776689902788653
-0.828474717805029
-0.872613465386692
-0.908650194747581
-0.936262544774649
-0.95526604808693
-0.965616213806647
-0.96740835692025
-0.960875178050396
-0.946382133359842
-0.924420669595191
-0.89559943339171
-0.860633596357933
-0.820332467625105
-0.775585593001452
-0.7273475641773
-0.676621782196223
-0.624443436307635
-0.571861972076427
-0.519923331039842
-0.46965224813371
-0.422034892493447
-0.378002132075627
-0.338413692921421
-0.304043469942066
-0.275566228065937
-0.253545910728512
-0.238425747353231
-0.230520323060688
-0.230009742802536
-0.236935988933685
-0.251201536434715
-0.272570254125068
-0.300670583832634
-0.335000953181915
-0.374937342004878
-0.419742887930584
-0.468579384017501
-0.520520490874585
-0.574566458057132
-0.629660125060969
-0.684703951363981
-0.738577808010996
-0.790157250479035
-0.838331984201244
-0.88202423030685
-0.920206699917018
-0.951919890716074
-0.976288429415237
-0.992536197991635
-1
-0.998141545533456
-0.986557559207885
-0.964987844460121
-0.933321169033339
-0.891598870280555
-0.840016114321761
-0.778920779588289
-0.708809972308093
-0.630324218447953
-0.544239412953646
-0.451456642247039
-0.352990029298462
-0.249952781669682
-0.143541651228373
-0.0350200393240677
0.0742999973075329
0.183076567118974
0.289957304713343
0.393598977244974
0.492687037031153
0.585954821520311
0.672202106782889
0.750312730283851
0.819271012713561
0.878176726879465
0.92625838381249
0.96288463197486
0.987573594369964
1
