1
0.993827594567742
0.981526640533498
0.963184501347093
0.938931349505734
0.908939127296476
0.873420174311518
0.832625532909913
0.786842945426488
0.73639455944695
0.681634359857143
0.622945348615168
0.560736495269402
0.495439483136507
0.427505277745765
0.357400545635349
0.285603952840065
0.212602373427605
0.138887039212622
0.0649496622975398
-0.00872143764923006
-0.0816451694664029
-0.153351438274836
-0.223384813828518
-0.291308069097795
-0.356705559777063
-0.4191864166918
-0.478387524600017
-0.53397626262986
-0.585652983555109
-0.633153211268778
-0.676249538155173
-0.714753206564272
-0.748515361239213
-0.777427962316671
-0.80142435138849
-0.820479466057413
-0.834609701415601
-0.843872419896757
-0.848365113975176
-0.848224229182144
-0.84362365785565
-0.834772916907537
-0.821915025657511
-0.805324102421035
-0.785302701024039
-0.762178910728703
-0.736303245169651
-0.708045347798766
-0.677790543000935
-0.645936263456121
-0.612888385470653
-0.579057504870562
-0.544855186632312
-0.510690221714252
-0.47696492454087
-0.444071504279607
-0.412388542437339
-0.382277608394392
-0.354080043294347
-0.328113941227158
-0.304671354893084
-0.284015750929911
-0.266379737843168
-0.25196308701748
-0.240931064628752
-0.233413089444905
-0.22950172852287
-0.229252039708579
-0.232681266652998
-0.239768888800494
-0.250457025516125
-0.264651190226738
-0.282221387188049
-0.303003540287183
-0.326801240178016
-0.353387793055131
-0.382508551530092
-0.413883505408835
-0.447210107707322
-0.482166309008553
-0.518413771279696
-0.555601230553463
-0.593367976450234
-0.631347415391388
-0.669170683541779
-0.706470275028749
-0.742883650822446
-0.778056793829618
-0.811647676249937
-0.843329606066111
-0.872794420679272
-0.899755497149149
-0.923950550240686
-0.945144191498893
-0.9631302248524
-0.977733656761968
-0.988812401658714
-0.996258666331938
-1
