0.57492861338068
0.56811706122973
0.55456752784722
0.534426368288819
0.507911156987486
0.475308362527229
0.436970287949449
0.393311310770867
0.344803464661654
0.291971411999857
0.235386863197906
0.175662504710244
0.113445502908519
0.0494106554916842
-0.015746734267136
-0.0813181823865239
-0.146589468270214
-0.210848117238707
-0.273390840740795
-0.333530854446389
-0.390604996291813
-0.443980569299091
-0.493061837581399
-0.53729610832738
-0.576179337667574
-0.609261204098545
-0.636149599498498
-0.656514494629899
-0.670091143302173
-0.676682596969074
-0.676161509366149
-0.668471218757313
-0.653626103359377
-0.631711213453538
-0.602881191479633
-0.567358498952281
-0.525430976251869
-0.477448768147588
-0.423820654230572
-0.365009829206288
-0.301529183158378
-0.233936136401782
-0.16282708735076
-0.0888315349068264
-0.0126059392017991
0.0651726138989517
0.143812878319227
0.22261597705105
0.300881929599317
0.377916113388541
0.453035596988488
0.525575285706374
0.594893823365215
0.660379197885327
0.721454002548439
0.777580309486457
0.828264116931984
0.873059337025184
0.911571296420505
0.943459727506064
0.968441233668071
0.986291217634225
0.99684526744817
1
0.99571336720807
0.984004434862537
0.964952648754405
0.938696606984741
0.90543236124278
0.865411273331507
0.818937456284081
0.766364832040483
0.708093839833748
0.644567831168806
0.576269188569836
0.503715206136065
0.427453770398054
0.348058880028874
0.266126042663357
0.182267586443919
0.0971079229759984
0.0112787971751986
-0.0745854419418144
-0.159852517092245
-0.243896814533539
-0.326103863080453
-0.405874673548012
-0.482629913860356
-0.555813897108208
-0.624898361870398
-0.689386026112895
-0.748813897921294
-0.802756328192644
-0.850827792196986
-0.892685388609363
-0.928031046204498
-0.956613429898458
-0.978229539217317
-0.992725993578913
-1
