-1
-0.990554410175159
-0.971761724793788
-0.943817690929184
-0.907012842851443
-0.861728846656325
-0.808433706070281
-0.747675896178321
-0.68007750664711
-0.606326489642347
-0.527168119868103
-0.443395784808322
-0.35584123217334
-0.265364408618922
-0.172843028912459
-0.0791620178001097
0.0147970321595723
0.108166244594342
0.20010154606576
0.289792321599443
0.376470512066001
0.459419035318984
0.537979423500202
0.611558580929074
0.679634580315558
0.741761429471192
0.797572756018911
0.846784373586481
0.889195709368133
0.924690089506853
0.953233895236701
0.974874618883905
0.989737864416743
0.998023352026731
1
0.996000169697149
0.986413170621147
0.971678132157244
0.952276356482145
0.928723273254436
0.901560120935158
0.871345481896525
0.838646798838005
0.804031998452487
0.768061344810867
0.731279639630251
0.694208879555748
0.65734147194177
0.621134100513099
0.586002320887653
0.552315953440145
0.520395327582601
0.490508417450812
0.462868894441353
0.437635107273446
0.41490998548748
0.39474184776944
0.377126082434578
0.362007654032244
0.349284377552431
0.338810890313488
0.330403241461217
0.323844010263135
0.318887857165228
0.31526740599446
0.312699351814022
0.310890686817521
0.309544936302356
0.308368298182027
0.30707558264458
0.305395853374473
0.303077678136458
0.29989390435599
0.295645884482227
0.29016708622685
0.283326034057389
0.275028540394876
0.265219197618217
0.253882114999249
0.241040897865233
0.226757879390882
0.21113262824295
0.19429976762603
0.176426152906383
0.157707465731747
0.138364292244933
0.118637761451285
0.0987848269095277
0.0790732805593568
0.0597765915892292
0.0411686657222332
0.023518621121269
0.00708567627940049
-0.00788575721315299
-0.0211706882004911
-0.0325677825516798
-0.0419031465776053
-0.0490335893465486
-0.053849305432494
-0.056275930085653
