0.282709497369568
0.282994599976562
0.283567254103769
0.284432366796329
0.285597320549807
0.287071996519296
0.288868800376154
0.291002686619152
0.293491176305346
0.296354362456356
0.299614896838671
0.303297951429461
0.307431147676499
0.312044446652574
0.317169993397882
0.322841909140758
0.329096025686165
0.335969557056647
0.34350070445208
0.351728191748345
0.360690730063334
0.370426411359999
0.380972032605906
0.392362353639646
0.404629293576693
0.41780107228936
0.431901305184507
0.446948061145001
0.462952895062842
0.479919867840088
0.497844568035994
0.516713150464501
0.536501407967061
0.557173893276142
0.578683108322244
0.600968778503411
0.623957229316337
0.647560882332509
0.671677886785841
0.696191902019792
0.720972044726565
0.745873013308511
0.77073539981696
0.795386197796186
0.819639512004259
0.843297473427004
0.866151360278747
0.887982922830409
0.908565906961059
0.927667768335145
0.945051566108015
0.96047802210202
0.973707728519932
0.984503484517115
0.99263273938326
0.997870117731706
1
0.998819129767416
0.994139217927819
0.985789512649834
0.973619303336193
0.957500326480893
0.937329041431213
0.913028744600866
0.884551491653565
0.851879798579837
0.815028094414749
0.774043900574364
0.729008714402896
0.680038577492706
0.627284312632729
0.570931416819229
0.511199601583139
0.448341975903877
0.382643871139826
0.314421311657721
0.244019139131743
0.171808802751649
0.0981858317710409
0.0235670108851238
-0.0516127172033435
-0.12690359404425
-0.201844601207183
-0.27596719524289
-0.348799184917493
-0.419868711610666
-0.488708292037215
-0.554858881202056
-0.617873912752429
-0.677323273662519
-0.732797170481774
-0.783909845199514
-0.830303100118091
-0.871649592971239
-0.907655865852634
-0.938065074305018
-0.962659386128973
-0.981262023063477
-0.993738922423086
-1
