1
0.988851031882193
0.966682950229903
0.933753796192618
0.890446484449505
0.83726389081577
0.77482240815624
0.703844059292151
0.625147275324064
0.539636465961632
0.448290524788272
0.352150426662021
0.252306086460076
0.149882657944626
0.0460264585291346
-0.0581092899374041
-0.161378712629953
-0.262657334823854
-0.360855749778653
-0.454932721076928
-0.543907548057401
-0.626871534365655
-0.702998413244772
-0.771553598792602
-0.831902149783822
-0.883515351529467
-0.925975841339579
-0.958981224164008
-0.98234614659853
-0.996002819336843
-1
-0.994500469761962
-0.979777057999173
-0.956207289021313
-0.92426674350409
-0.884521244278458
-0.837617991393975
-0.784275784655451
-0.725274482951247
-0.661443858502159
-0.593652010551275
-0.522793506914679
-0.449777423185709
-0.375515448235916
-0.300910221026246
-0.226844057712522
-0.154168219715935
-0.0836928629820735
-0.0161777962528104
0.0476758379661499
0.107232861707584
0.161930257979536
0.211282202077485
0.254883883080096
0.292414089800865
0.323636554530859
0.348400066772831
0.366637387543397
0.378363012427
0.38366984813739
0.382724882632007
0.375763942607535
0.363085644282296
0.345044653573318
0.322044379964483
0.294529234432193
0.262976585676201
0.22788855056125
0.189783754111369
0.149189191650356
0.106632320821236
0.0626335043499451
0.0176989156812595
-0.0276859908254655
-0.0730623554044103
-0.118003057605238
-0.162117068045318
-0.205052960124999
-0.246501550303217
-0.286197651474996
-0.323920939945356
-0.359495952186838
-0.392791242737531
-0.423717748991195
-0.452226422013351
-0.478305194668534
-0.501975369067314
-0.52328751446595
-0.542316974133023
-0.559159085222805
-0.573924219283155
-0.586732752628183
-0.597710075408589
-0.60698174583513
-0.614668891706512
-0.620883955247903
-0.625726869397381
-0.629281744230854
-0.631614131364013
-0.632768922108856
