1
0.997991059835872
0.993998829595405
0.988074111512718
0.980291873040168
0.970749788691445
0.959566336915705
0.946878486319087
0.932839013024118
0.917613497721691
0.901377056908715
0.884310867815085
0.866598550519067
0.848422473660512
0.829960051933999
0.811380104145375
0.792839340031122
0.774479042275694
0.756422007242462
0.738769803903301
0.72160040537277
0.704966241405538
0.688892713296592
0.673377204944277
0.658388615520335
0.643867430374296
0.629726337625799
0.615851388518194
0.602103690174962
0.588321610073077
0.57432346248
0.559910638445184
0.544871132838818
0.528983414527547
0.512020579196163
0.493754718680021
0.473961436065029
0.452424432323905
0.428940087954978
0.403321962020085
0.375405131168549
0.345050292692123
0.312147558368012
0.276619869780303
0.238425970911158
0.197562879989873
0.154067809789903
0.108019493664729
0.0595388834907977
0.00878919520491195
-0.0440247123616871
-0.0986576292947415
-0.154825950460869
-0.212210278281285
-0.270458644875031
-0.329190315950675
-0.388000129222831
-0.446463311159841
-0.504140707677172
-0.560584357111829
-0.615343327567126
-0.667969735609903
-0.718024859422036
-0.765085256924372
-0.808748798154047
-0.848640521314641
-0.884418223440912
-0.915777699512484
-0.942457548079361
-0.964243466970851
-0.98097196937308
-0.992533458384106
-0.998874606977789
-1
-0.995973005241537
-0.986915851627476
-0.973008903969351
-0.954489135374125
-0.931647810117806
-0.904827401395061
-0.874417779674027
-0.840851718245621
-0.804599772793651
-0.766164601269154
-0.726074798884325
-0.684878330516398
-0.643135649113609
-0.601412593725299
-0.560273164456448
-0.520272273913977
-0.481948575529708
-0.445817468496399
-0.412364376944361
-0.382038397444568
-0.355246403999078
-0.332347693441443
-0.313649246708651
-0.299401672870864
-0.28979589324138
-0.28496061247757
