1
0.994590589732806
0.98380685893133
0.967718666903198
0.946430005973302
0.92007805599422
0.888831940998679
0.852891202525899
0.812484007415019
0.767865110880636
0.719313598427374
0.667130432586341
0.611635832534827
0.553166516365057
0.492072837077203
0.428715844270681
0.363464303986486
0.296691709208438
0.228773313165175
0.160083216796029
0.090991540566884
0.0218617092665376
-0.0469521234947613
-0.115107486595124
-0.182275816550778
-0.24814447730899
-0.312418558468066
-0.374822438853705
-0.435101105644981
-0.493021222578267
-0.54837194411542
-0.600965475795708
-0.650637384252112
-0.697246663516385
-0.740675567220258
-0.780829219082081
-0.817635016612003
-0.85104184524144
-0.881019122055618
-0.907555689957433
-0.930658584398332
-0.950351695763922
-0.966674351090967
-0.979679839016095
-0.989433901718334
-0.996013217126456
-0.999503893832107
-1
-0.997602146120942
-0.992416139740036
-0.984551728343021
-0.974121444433341
-0.961239564518862
-0.946021191289957
-0.928581465751061
-0.909034913507561
-0.887494926851071
-0.86407338176992
-0.838880386578265
-0.812024156544707
-0.783611006745526
-0.753745453401214
-0.722530412207303
-0.690067480666695
-0.656457290191913
-0.62179991278823
-0.586195306464108
-0.549743783150386
-0.512546482845771
-0.474705837940011
-0.436326012189256
-0.397513299617628
-0.358376469677219
-0.319027046294091
-0.279579509934838
-0.240151413518206
-0.200863404837557
-0.16183915011888
-0.123205155380015
-0.0850904843432665
-0.0476263737485503
-0.0109457489808338
0.0248173550723736
0.0595284611148745
0.0930533958977362
0.12525910583975
0.156014530196321
0.185191518955849
0.212665781671678
0.238317852716494
0.262034057986343
0.283707467890169
0.303238821540542
0.320537407409493
0.335521886323496
0.348121043531989
0.358274457678822
0.365933075815964
0.371059685100184
0.373629273479737
