1
0.988367192072754
0.965267026422013
0.931027884348037
0.886136079117165
0.831228454365144
0.767082694851319
0.694605499845667
0.614818802545928
0.528844249170265
0.437886178279477
0.343213364031792
0.246139806101578
0.148004863604543
0.0501530403391108
-0.0460862661776703
-0.139418739109951
-0.228604531957393
-0.312476774676979
-0.389958911536027
-0.460080604444886
-0.521991958144887
-0.574975850039859
-0.618458177242141
-0.652015866087795
-0.675382524447065
-0.688451654063748
-0.691277378321631
-0.684072679658396
-0.667205179718444
-0.64119053364653
-0.606683547073573
-0.564467159752964
-0.515439472916029
-0.46059902771162
-0.401028569103989
-0.337877552904181
-0.272343672840715
-0.20565369943694
-0.139043932725953
-0.0737405763423367
-0.0109403412012899
0.0482084171959121
0.102623732735387
0.151306952419712
0.193358286309724
0.227990742238365
0.254542229727772
0.272485646771168
0.281436795266358
0.281160005398628
0.271571385621534
0.252739652499613
0.224884532963153
0.188372769877557
0.143711799643358
0.0915412072217661
0.0326220989468891
-0.0321754338106182
-0.101886557136978
-0.175467413554259
-0.251812064798367
-0.329770386719787
-0.4081666299625
-0.485818349957595
-0.561555404354393
-0.634238715384704
-0.702778498820964
-0.766151670076181
-0.823418151458408
-0.873735822417711
-0.916373876523633
-0.950724374535961
-0.976311811872323
-0.992800550571965
-1
-0.997867466487782
-0.986508629291785
-0.966175638085155
-0.937262865072797
-0.900300382141728
-0.855945269632184
-0.80497089776824
-0.748254353974275
-0.686762218715703
-0.621534918674097
-0.553669908584147
-0.484303951567328
-0.414594782002705
-0.345702444655199
-0.278770608784068
-0.214908156201565
-0.15517133774141
-0.10054678340206
-0.051935637698026
-0.0101390737031123
0.0241545828100109
0.050380913487335
0.0681084751480345
0.077045730389335
