1
0.991715017318866
0.975232711334377
0.950727382960243
0.918457951740074
0.878764953260287
0.832066594528633
0.778853916721716
0.719685125797215
0.655179161746105
0.58600858659057
0.512891879491207
0.436585234404667
0.357873961538803
0.277563598313488
0.196470838597141
0.115414390617159
0.0352058741222752
-0.0433591338878927
-0.119509798230367
-0.192508366818697
-0.261658056928647
-0.326310395806447
-0.38587193268612
-0.439810248004914
-0.487659195214135
-0.529023320938115
-0.563581420189004
-0.591089194744372
-0.611380994478545
-0.624370633244659
-0.630051282670144
-0.628494458793229
-0.619848127676423
-0.604333966835375
-0.58224382937791
-0.553935467028698
-0.519827576603039
-0.48039424188574
-0.436158849180757
-0.38768755995348
-0.33558242793696
-0.280474250781106
-0.22301524777288
-0.163871655347766
-0.103716331067909
-0.0432214544980321
0.0169485899792743
0.0761440678315626
0.133736411404883
0.189124330535924
0.241739455100365
0.291051455642456
0.336572596559974
0.377861685052135
0.414527388039464
0.44623089839652
0.472687940963972
0.493670117791523
0.509005600778482
0.518579188201613
0.522331749436395
0.520259089384017
0.512410270620153
0.498885437003533
0.479833187357173
0.455447551812315
0.425964626449393
0.391658923962146
0.352839499206368
0.309845908685467
0.263044062297515
0.21282202406409
0.159585816134207
0.103755277174149
0.0457600223937427
-0.0139644519907686
-0.0749804820023102
-0.136851734340349
-0.199146463118683
-0.261440503816048
-0.323319989224787
-0.38438377801689
-0.444245592236866
-0.50253586547711
-0.558903308600122
-0.613016204557354
-0.66456344804082
-0.713255349325117
-0.758824224660765
-0.801024797923286
-0.839634439878314
-0.874453272376482
-0.905304165041945
-0.93203265157763
-0.954506791704192
-0.972617003016682
-0.986275884732786
-0.995418052480348
-1
