1
0.992065899726908
0.976316174606609
0.952985859096918
0.922422744818644
0.885081754554914
0.841517582904713
0.792375722366532
0.738382019717059
0.680330931320092
0.619072667071353
0.555499430717532
0.490530978993057
0.425099733158998
0.360135683925155
0.29655133426843
0.235226924269135
0.176996177775691
0.122632802543345
0.0728379636017011
0.0282289341761026
-0.0106708902372473
-0.0434404507667685
-0.0697678175351285
-0.0894552026537907
-0.102422109485483
-0.108706563701774
-0.108464402463616
-0.101966629279445
-0.0895948732503214
-0.0718350219977606
-0.0492691270986064
-0.0225657088504271
0.00753138678801357
0.040215402611109
0.0746301586153602
0.109884399424212
0.145066771290455
0.179261188570762
0.211562342668444
0.241091103466873
0.267009564280851
0.288535486327674
0.304955907591432
0.315639693589452
0.320048823754844
0.317748226673408
0.308413999953163
0.291839875708901
0.267941820118155
0.236760684818089
0.198462858604604
0.153338899482546
0.101800159101532
0.0443734434908469
-0.0183062147247761
-0.0855045672836691
-0.156398810495954
-0.230089734236592
-0.305615175175153
-0.3819645684573
-0.458094373999916
-0.532944138983609
-0.605452947258943
-0.674575999404379
-0.739301064201568
-0.798664543381753
-0.851766896636018
-0.89778718299895
-0.935996487674211
-0.965770019975347
-0.986597688052176
-0.99809297915503
-1
-0.992198559938703
-0.974707209669913
-0.947684179690917
-0.911426195084539
-0.866365176068591
-0.81306286648628
-0.752203464577365
-0.684584361438257
-0.611105122068526
-0.532754871349971
-0.45059827228187
-0.36576030591049
-0.279410081294461
-0.192743919242565
-0.106967965203506
-0.0232805943934667
0.0571451241067633
0.133178638027932
0.203748535695705
0.267858329894669
0.324601161342721
0.373173197586188
0.412885522880278
0.443174337542313
0.463609311002082
0.473899960926322
