1
0.995043713760067
0.985164034450674
0.970426404954135
0.950928135618688
0.926797392497816
0.898191869809235
0.865297164603728
0.828324875619816
0.787510451956612
0.743110820469664
0.695401823634651
0.644675501989625
0.591237257123677
0.535402932501795
0.477495850183983
0.417843841701632
0.356776310994558
0.29462136639577
0.231703057193873
0.168338748329806
0.104836664327488
0.0414936306569123
-0.0214069625702922
-0.0835969533161648
-0.144824939416315
-0.204857536293549
-0.263480351729306
-0.320498673243908
-0.375737868066512
-0.429043500059589
-0.48028117223256
-0.529336107568863
-0.576112484737139
-0.620532548801434
-0.662535520233166
-0.702076328310921
-0.739124197331077
-0.773661115908273
-0.805680220992966
-0.835184129055029
-0.862183247167153
-0.886694096467937
-0.90873767969879
-0.928337923206242
-0.945520222005434
-0.960310114242572
-0.972732108712448
-0.982808686026979
-0.990559490643076
-0.99600072729934
-0.999144771541518
-1
-0.998570841984921
-0.994858049852743
-0.988859181539813
-0.980569284719686
-0.969981768286188
-0.957089443354729
-0.941885712767373
-0.924365885235237
-0.904528587801371
-0.882377248298763
-0.85792161794439
-0.831179303176929
-0.802177275330058
-0.77095332674449
-0.737557442460457
-0.70205305769058
-0.664518172834718
-0.625046299839181
-0.583747216190798
-0.540747505732441
-0.496190868745248
-0.450238187312169
-0.40306733580129
-0.35487273032475
-0.305864615176299
-0.256268088461587
-0.206321873342974
-0.156276845458075
-0.106394331072098
-0.0569441943244039
-0.00820273546871797
0.0395495747729664
0.0860304967721777
0.13095852906668
0.17405548856098
0.215049129981478
0.253675769736191
0.289682878881863
0.322831609992311
0.352899223351093
0.379681379050239
0.402994263248277
0.422676518999879
0.438590954683692
0.450626006084437
0.458696931583798
0.462746723629887
