1
0.998255930981436
0.994787866588583
0.98963555375124
0.982857619296753
0.974530398066534
0.964746404026265
0.953612472446658
0.941247607338285
0.927780573844444
0.913347280134793
0.898087997415288
0.88214446990512
0.865656968971324
0.848761347013337
0.831586147125973
0.814249824028471
0.796858130234657
0.779501718975834
0.762254012011036
0.745169376220975
0.728281647849587
0.711603037510715
0.695123442709946
0.678810187746197
0.66260820356675
0.646440652572657
0.63020999563383
0.613799490802927
0.597075105543859
0.579887816843012
0.562076266474821
0.543469732068714
0.523891368585342
0.503161669461201
0.481102092116332
0.457538788821718
0.4323063811597
0.405251714535766
0.376237528451496
0.345145978547756
0.311881947779327
0.276376086474809
0.238587524439908
0.198506202632557
0.156154777213545
0.111590054880078
0.064903925232064
0.0162237633994
-0.0342877158402263
-0.0864331628218131
-0.139981858328293
-0.194671532388858
-0.250210720622653
-0.306281633545183
-0.362543505868537
-0.418636384853282
-0.474185309338206
-0.528804824305159
-0.582103769841437
-0.633690278241738
-0.683176908832776
-0.730185846978961
-0.774354091694327
-0.815338555384569
-0.852820999497014
-0.886512731271004
-0.916158989344228
-0.941542949651634
-0.962489287805287
-0.978867239901291
-0.990593110383661
-0.997632183109808
-1
-0.997762980494032
-0.991038364352734
-0.979993469992354
-0.964844270383016
-0.945853298431404
-0.92332690355429
-0.897611890686118
-0.869091582106281
-0.838181351081233
-0.805323684261669
-0.770982836934065
-0.735639151488405
-0.699783114732841
-0.663909233878785
-0.628509814070003
-0.594068722187096
-0.56105522229271
-0.529917967479445
-0.501079231047022
-0.474929456891481
-0.451822204779048
-0.43206956086022
-0.415938077431965
-0.403645298669362
-0.395356920928643
-0.391184627389992
