0.285673592355427
0.291676148205161
0.303584283052134
0.321205466382821
0.344254439098202
0.372357398184059
0.405057478350684
0.441821448637
0.48204752384635
0.525074174081766
0.570189800829916
0.616643135230261
0.663654203553284
0.710425696659078
0.756154574438664
0.800043733040367
0.841313562098174
0.879213221213292
0.913031469559217
0.942106889609638
0.965837355513831
0.983688608415872
0.995201814847123
1
0.997793264970726
0.98838271567097
0.971663050764352
0.94762377637953
0.91634903617182
0.8780160662291
0.83289230502313
0.78133120877655
0.723766841939843
0.660707330656439
0.592727283861225
0.520459301753945
0.444584704586953
0.36582362580896
0.284924622448577
0.202653962074688
0.119784749643813
0.037086058985067
-0.0446877674316813
-0.124807490422502
-0.202578863765352
-0.277351896104541
-0.348529350196061
-0.415574357272744
-0.47801703880288
-0.535460044004605
-0.587582928903519
-0.63414532120416
-0.6749888344938
-0.710037715004408
-0.739298224014785
-0.762856778667311
-0.780876893193809
-0.793594980992409
-0.801315095384871
-0.804402702942162
-0.803277597747589
-0.798406077649593
-0.790292514247771
-0.779470456895209
-0.766493417261897
-0.751925484898394
-0.736331925714445
-0.720269914330977
-0.704279547901344
-0.688875283292936
-0.674537931574024
-0.661707333699559
-0.650775829302882
-0.64208261677797
-0.635909087605796
-0.632475201389255
-0.631936950583647
-0.634384945728896
-0.6398441334011
-0.648274640405668
-0.659573719234543
-0.673578751803988
-0.690071251266801
-0.708781785529908
-0.729395731263824
-0.75155975390123
-0.774888897599374
-0.798974159567499
-0.823390415686745
-0.847704559092549
-0.871483710428845
-0.89430335786286
-0.915755286674319
-0.935455162270859
-0.953049636762738
-0.968222857648167
-0.980702267575439
-0.990263596386517
-0.996734960506908
-1
