0.837312306398392
0.839600037519125
0.844116951881683
0.850747072609079
0.859319212053964
0.869610250630968
0.881349418948933
0.894223508331563
0.907882918458211
0.921948436023559
0.936018625255021
0.949677700059984
0.962503738689342
0.974077095251391
0.983988858305247
0.991849205179662
0.997295501634579
1
0.999676994939382
0.9960893044011
0.989053954010628
0.978446955949175
0.964207088058249
0.946338595268817
0.924912753215372
0.900068252772587
0.872010383939549
0.841009017673533
0.807395404612998
0.771557829794677
0.733936182131006
0.695015516247095
0.655318701968505
0.615398273007129
0.57582760093924
0.537191533160451
0.500076643920857
0.465061255607691
0.432705393007451
0.403540836239218
0.378061438341538
0.35671387109545
0.339888957597297
0.327913742421336
0.321044440040174
0.3194603896474
0.32325912983653
0.332452689953928
0.346965176613239
0.366631714115766
0.391198776669554
0.420325928663477
0.453588967168777
0.490484438655803
0.530435479977748
0.572798912333415
0.616873496517296
0.661909238624154
0.707117617805229
0.751682591959481
0.794772223643254
0.835550757220994
0.873190969548295
0.906886610427659
0.935864745817446
0.959397816372389
0.976815226372915
0.98751428343842
0.990970317550266
0.986745818723613
0.974498446011212
0.953987776205033
0.925080678394225
0.887755220177952
0.842103032527271
0.788330082724201
0.726755828141298
0.657810747508982
0.582032270388409
0.500059149458943
0.412624343576372
0.320546502004027
0.22472016141881
0.126104786921892
0.0257128060356737
-0.0754031997304174
-0.176163967956081
-0.275477504633757
-0.372253313509115
-0.465416704267079
-0.553922976428401
-0.636771276872262
-0.713017932955609
-0.781789070205195
-0.842292333413508
-0.893827542531431
-0.935796129833887
-0.967709222216235
-0.989194251900317
-1
