-0.891927662594835
-0.893635659106739
-0.897005293995485
-0.901944546413864
-0.908317113491691
-0.915944456129255
-0.924608480028201
-0.934054812832951
-0.943996629578416
-0.954118970673788
-0.964083489515801
-0.973533560623397
-0.982099674010447
-0.98940503743984
-0.995071305289683
-0.998724351052073
-1
-0.998549639303158
-0.994045624834806
-0.986186407057221
-0.974701302652588
-0.959354843912478
-0.939950644229342
-0.916334725250075
-0.888398259244042
-0.856079688883747
-0.819366195804028
-0.778294498856052
-0.73295097276115
-0.683471087748911
-0.630038180585846
-0.572881577018026
-0.512274094920494
-0.448528966230224
-0.381996223908723
-0.313058607615383
-0.24212704836566
-0.169635798104497
-0.0960372747654757
-0.021796696946033
0.0526134152382955
0.12671879528172
0.200048963451815
0.272142661097295
0.34255311140108
0.410853035169174
0.47663935457386
0.539537523062527
0.599205425812989
0.655336802061326
0.707664148236428
0.755961068984719
0.800044051729059
0.839773649242599
0.875055063692562
0.905838134580875
0.93211674183932
0.953927643890706
0.971348778634083
0.984497062927989
0.993525733117256
0.998621275372828
1
0.997904318341646
0.992598784397822
0.984365965755826
0.973502209846197
0.960313371897942
0.945110570265389
0.928206033060966
0.909909097291168
0.890522418010731
0.870338440451322
0.849636182728081
0.828678370674814
0.807708959711531
0.786951071520718
0.766605365822217
0.746848859817229
0.727834200048906
0.709689383630398
0.692517918149997
0.67639940220268
0.661390501538241
0.647526289371193
0.634821913570721
0.623274548333215
0.612865583616328
0.603563002149453
0.595323891283871
0.588097035344049
0.58182553351117
0.576449388616229
0.571908013531803
0.568142604101774
0.56509833069415
0.56272630444584
0.560985279018524
0.559843054117104
0.559277553041295
