-0.479053503581349
-0.480215398129159
-0.48251206819668
-0.485889848537033
-0.490269662605551
-0.495548698382199
-0.501602593739697
-0.50828809039908
-0.515446106621808
-0.522905170759898
-0.530485150763647
-0.538001208854355
-0.545267905912259
-0.552103376792304
-0.558333495824939
-0.563795951225526
-0.568344148039669
-0.571850861584641
-0.574211567076491
-0.575347376202373
-0.575207517729494
-0.573771306735408
-0.57104955557925
-0.567085389171556
-0.561954437287771
-0.555764387439976
-0.548653892995043
-0.540790842619483
-0.532370008551522
-0.523610102457161
-0.514750278528792
-0.506046133846214
-0.497765265662544
-0.490182454033707
-0.483574545925793
-0.478215123471163
-0.474369044281937
-0.472286945568588
-0.472199806174437
-0.474313661469565
-0.478804565320616
-0.485813891061381
-0.495444059553781
-0.507754777095721
-0.522759859171566
-0.54042470794669
-0.560664502095648
-0.583343147160671
-0.608273023318135
-0.635215555356636
-0.663882617025452
-0.69393876889161
-0.725004315649976
-0.756659155670587
-0.788447382648898
-0.819882586753634
-0.850453790843829
-0.879631946343543
-0.906876903399582
-0.931644761170181
-0.953395496649417
-0.971600764451697
-0.985751755570271
-0.995367000366372
-1
-0.999246571211542
-0.992751791811182
-0.98021643840893
-0.961402813774014
-0.936139868674176
-0.904327532013576
-0.865940173439647
-0.821029134179117
-0.769724274526831
-0.712234499965736
-0.648847242145425
-0.579926885681722
-0.505912146743407
-0.42731242444246
-0.344703160916441
-0.258720260463494
-0.170053631944028
-0.0794399316890091
0.012345403844948
0.104496735642241
0.196187300468952
0.286578672644418
0.374830485649946
0.460110285474338
0.541603384907436
0.618522587168971
0.690117648320035
0.755684350839184
0.81457306551765
0.86619668537389
0.910037823515466
0.94565517666996
0.972688967326239
0.990865389911712
1
