1
0.985476278576442
0.956649847052736
0.913959300484481
0.8580540160166
0.789784083428343
0.71018712513926
0.62047221151642
0.522001122662107
0.416267249261442
0.304872461881682
0.189502309762857
0.0718999361271451
-0.0461608830445884
-0.162903156277635
-0.276574122464231
-0.385472297617448
-0.48797370125677
-0.582556854201366
-0.667826158973807
-0.742533299526375
-0.805596328191669
-0.856116144137477
-0.893390108600106
-0.916922587135063
-0.926432257351986
-0.921856071333298
-0.903349814375749
-0.871285255016533
-0.826243934673354
-0.769007697802382
-0.700546114434235
-0.62200099548626
-0.53466824660819
-0.439977347786819
-0.33946878286418
-0.234769774934989
-0.127568709785926
-0.0195886497130286
0.0874396461092191
0.19180477124655
0.291841367524293
0.385956048400315
0.47265214475101
0.550552886600732
0.618422659357256
0.675186003811398
0.7199440650306
0.75198823575586
0.770810784358029
0.776112305120614
0.767805878837692
0.746017883654437
0.711085448914377
0.663550597678309
0.604151175710971
0.533808715271497
0.453613430196673
0.364806583774113
0.268760512057921
0.166956621935552
0.0609617148361259
-0.0475969870176761
-0.1570577148764
-0.265750517564679
-0.372023697486069
-0.474269899967756
-0.570951443364265
-0.660624489840562
-0.741961675572821
-0.813772843937847
-0.875023555713435
-0.924851085896976
-0.962577656902309
-0.987720701977583
-1
-0.999341572596357
-0.985878286022104
-0.959947152590355
-0.922083378846873
-0.873011259307697
-0.813632064596152
-0.745009120443823
-0.668350318502946
-0.584988340551955
-0.496358913819998
-0.403977446238961
-0.309414415962585
-0.214269909069099
-0.120147712678045
-0.0286293775549225
0.0587513354577434
0.14053321715963
0.215351184632464
0.281958292638578
0.3392458306542
0.386261185023653
0.422223181416448
0.446534662983993
0.458792103707906
