-0.00558896962241551
-0.00487197572656839
-0.00342434680138581
-0.00121931513683038
0.00178199547149593
0.0056290699774435
0.0103800529717997
0.016099392340909
0.0228551269092105
0.0307158774153273
0.0397476072194005
0.0500102249655185
0.0615541059151419
0.074416611735926
0.0886186901102306
0.104161635579417
0.121024091550537
0.139159370374716
0.158493163901334
0.178921710984962
0.200310481163765
0.222493425253191
0.245272834043363
0.268419835808459
0.291675552104353
0.314752919534021
0.337339172997012
0.359098973616187
0.379678152262777
0.398708027591972
0.415810245965382
0.430602079777944
0.442702110719785
0.451736215570417
0.457343764410001
0.459183934788296
0.456942040543306
0.45033577071228
0.439121232406117
0.423098691676161
0.402117908314107
0.376082964186913
0.344956490086634
0.308763203108888
0.267592675174977
0.22160126336666
0.171013144110007
0.116120405763541
0.0572821676538682
-0.00507729214056274
-0.0704714031442923
-0.138355150722412
-0.208129878705773
-0.27914900380988
-0.350724584532758
-0.422134673108521
-0.492631365824262
-0.561449454794681
-0.627815573333845
-0.690957717551638
-0.750115018898055
-0.804547636223022
-0.853546631628389
-0.896443692050543
-0.932620558185631
-0.961518024083738
-0.982644374491345
-0.995583132780061
-1
-0.995648875144439
-0.982376857985906
-0.960128148692796
-0.928946772685395
-0.888978074643533
-0.840468942018328
-0.783766735594321
-0.719316922349746
-0.647659423816107
-0.569423711082857
-0.48532269526619
-0.396145479402628
-0.302749054084569
-0.206049034482387
-0.107009550466583
-0.0066324141414138
0.094054299963259
0.194008117690345
0.292184319560195
0.387548230050808
0.479087482444794
0.565824099176393
0.646826229193151
0.721219387653541
0.788197049267321
0.847030454671278
0.897077499309416
0.937790586214844
0.968723337704025
0.989536076101375
1
