1
0.993402014641107
0.980263730990823
0.960699796986729
0.934880379730201
0.903029029483187
0.86541988077564
0.822374231741648
0.774256551877752
0.721469976717467
0.664451355313888
0.603665922803834
0.539601675594579
0.472763530787573
0.403667354271095
0.33283394343358
0.260783050649867
0.188027532572747
0.115067707841664
0.0423860021392495
-0.0295580453559273
-0.100332346076932
-0.16953633572459
-0.236804504407099
-0.301809338933581
-0.364263642318238
-0.423922205440245
-0.480582816039321
-0.534086600646817
-0.584317705493116
-0.631202332730252
-0.674707158302187
-0.714837167327629
-0.751632951782506
-0.785167523441901
-0.815542702337176
-0.842885147289741
-0.867342100301108
-0.889076920629119
-0.908264487201046
-0.925086549563344
-0.939727107823328
-0.952367900998446
-0.963184080873079
-0.972340144910352
-0.979986197035833
-0.986254599278929
-0.991257070420859
-0.995082280066132
-0.997793978052254
-0.999429689976907
-1
-0.999488432124437
-0.997851931033783
-0.995021933429854
-0.990906010830924
-0.985390055121909
-0.978340968946381
-0.969609814444308
-0.959035366006486
-0.946448005762653
-0.931673894556881
-0.914539346287004
-0.894875329773447
-0.872522019836835
-0.847333318044206
-0.819181263650935
-0.787960256619975
-0.75359101722133
-0.716024210562598
-0.675243669415869
-0.631269154809117
-0.584158600945427
-0.53400979898977
-0.48096148299474
-0.425193790586298
-0.366928080850522
-0.30642610199762
-0.24398851166994
-0.179952763043565
-0.114690379985716
-0.0486036543123909
0.0178781925126794
0.0843033322329416
0.150202078309954
0.215091994195616
0.278483289481893
0.339884427158596
0.398807861506012
0.454775823687237
0.507326070925061
0.556017515270642
0.600435649395482
0.640197689543718
0.674957359727532
0.70440924637409
0.728292658858916
0.746394938591556
0.758554167442785
0.764661235192145
