-0.147254798321713
-0.139559595552472
-0.124277072339036
-0.101621339592743
-0.07190945539704
-0.0355565676319406
0.00693044281677135
0.0549607180972318
0.107868456479219
0.164923080189181
0.225340377844794
0.288294446029764
0.352930242015939
0.41837655008273
0.48375915745457
0.548214032677771
0.610900299339308
0.671012801390793
0.727794062927947
0.780545454985337
0.828637394584194
0.871518416717344
0.908722977925097
0.939877870324925
0.964707147085932
0.983035484036106
0.994789926980742
1
0.998796176075209
0.991406737453898
0.978153078789494
0.959443530876766
0.93576580635525
0.907678190696279
0.875799621776402
0.84079881905331
0.803382638518197
0.764283841959373
0.724248478438718
0.684023082105349
0.644341893449516
0.605914310785236
0.569412775145935
0.535461284938404
0.50462472673347
0.477399195632633
0.45420346294198
0.435371730654771
0.421147791779396
0.411680693172486
0.407021973600861
0.407124524638601
0.411843096103669
0.42093644146163
0.434071072387839
0.450826565899226
0.470702342550987
0.493125810537037
0.517461748511442
0.543022779911139
0.569080773826756
0.594878992321086
0.61964479177567
0.642602676552744
0.662987497142502
0.680057582124275
0.693107593753422
0.701480900789422
0.704581269248852
0.701883681991764
0.692944111273982
0.677408084416308
0.655017901305214
0.625618383259488
0.589161055548013
0.545706690170197
0.495426161031593
0.438599589963336
0.375613788732691
0.306958028854378
0.233218197219895
0.155069420903252
0.0732672685778173
-0.0113623415880253
-0.0979343772525113
-0.185516902017683
-0.273144076407093
-0.359829753105042
-0.444581460244263
-0.526414560117717
-0.604366367583891
-0.677510012685001
-0.744967835601605
-0.805924108971098
-0.859636892695365
-0.905448839498004
-0.942796785460538
-0.97121997832117
-0.990366817170393
-1
