-1
-0.988299648092407
-0.965044285227963
-0.930522552216879
-0.885162337941882
-0.829524777201624
-0.764296387517649
-0.690279461878547
-0.608380860245924
-0.519599366313904
-0.425011797136053
-0.325758071489593
-0.223025457959616
-0.118032235467346
-0.0120110071605202
0.0938080868906543
0.19821401195594
0.30003109257681
0.398134641513658
0.491465737270111
0.57904493738848
0.659984731543789
0.733500558233096
0.798920231251829
0.855691646819322
0.903388668776649
0.941715117317639
0.970506815792928
0.989731679795909
0.999487862539175
1
0.99161362799912
0.974787870837296
0.950086526927532
0.918167700632599
0.879772150885572
0.835710545811601
0.786849828201372
0.734098909077753
0.678393915564904
0.620683224685642
0.561912516505788
0.503010078198078
0.444872585154441
0.388351576331684
0.334240828724045
0.283264820420874
0.236068453381919
0.19320818614389
0.155144703497798
0.122237225119011
0.0947395285918462
0.0727977346706097
0.0564498743979682
0.0456272293063222
0.0401574078071893
0.0397690934705621
0.0440983746413712
0.0526965401449195
0.0650392030829963
0.0805365942711926
0.0985448490321894
0.118378096113797
0.139321145672039
0.160642564726404
0.181607923381556
0.201492993487788
0.219596683296079
0.235253497011885
0.247845316868796
0.256812317279577
0.261662835577626
0.261982041588635
0.257439268478675
0.24779388968051
0.23289965084074
0.212707391264334
0.1872661158471
0.156722405552333
0.121318181669104
0.0813868659491002
0.037348004825283
-0.010299549149837
-0.0609857821447474
-0.114078852247364
-0.168895453966779
-0.22471204044068
-0.280776716060553
-0.336321601605962
-0.39057546659472
-0.442776419522178
-0.492184446041295
-0.53809358793125
-0.579843561867298
-0.616830626435255
-0.648517518374818
-0.674442294481619
-0.694225933696324
-0.707578574365805
-0.714304284144028
