-0.464725889955109
-0.459839745433727
-0.450098928667856
-0.435566208245309
-0.416335297612933
-0.392530329109277
-0.364305154963342
-0.331842477281881
-0.295352809627352
-0.255073273414145
-0.211266233028126
-0.164217774308062
-0.114236031819554
-0.061649371202972
-0.00680443378491247
0.0499359483961477
0.108194957991249
0.16758410796393
0.227705656154546
0.288155106415313
0.348523782853828
0.408401462645909
0.467379051833779
0.525051287531324
0.581019449033685
0.634894059493509
0.686297559100524
0.734866930104409
0.78025625357187
0.822139177485447
0.860211275690096
0.894192277288819
0.923828146392875
0.948892992655655
0.969190793769241
0.984556912083552
0.994859388720734
1
0.999915062654755
0.994575976205216
0.983989492933342
0.96819770817626
0.947277766090171
0.921341278616041
0.890533458075593
0.855031966612853
0.815045488541977
0.770812034533674
0.722596989435917
0.67069091834454
0.615407148279666
0.55707914544869
0.496057710550006
0.432708016859029
0.367406517905941
0.300537753371674
0.232491083365804
0.163657382481391
0.0944257259245136
0.0251801005714327
-0.0437038260009255
-0.111861845645594
-0.178944226630631
-0.244618576110572
-0.308572518030754
-0.370516158092544
-0.430184309442254
-0.487338455115932
-0.541768425952805
-0.593293775654367
-0.641764837881907
-0.687063453717054
-0.729103361418788
-0.7678302441542
-0.803221435215219
-0.835285284113227
-0.864060190820955
-0.889613319258558
-0.91203900485042
-0.93145687456428
-0.948009701238841
-0.961861017166538
-0.973192514783428
-0.982201264890181
-0.989096785052658
-0.994097992677269
-0.997430078699762
-0.999321338845552
-1
-0.999691079358255
-0.99861331370229
-0.996976195379364
-0.994977150338599
-0.992798891933998
-0.990606982141665
-0.988547629390423
-0.986745749397476
-0.98530331226814
-0.984297995699046
-0.983782160459319
