-1
-0.994367595239488
-0.983135101010702
-0.96636696532597
-0.944159404391183
-0.916639857368202
-0.883966262310587
-0.846326155820465
-0.803935599666599
-0.757037938329816
-0.705902392206073
-0.650822492001949
-0.592114360703382
-0.530114850385132
-0.465179542053219
-0.39768061767105
-0.328004614505719
-0.25655007293594
-0.183725089877276
-0.109944790992168
-0.0356287358485665
0.0388017288426337
0.112926151860353
0.186327679066382
0.258595756268894
0.32932881498288
0.398136922143691
0.464644374389877
0.528492217237989
0.589340669339933
0.646871432056637
0.700789864812179
0.750827007120082
0.796741428805999
0.838320890793681
0.875383799876273
0.907780442162365
0.935393981362136
0.958141209756809
0.975973041564677
0.988874740466164
0.99686587526263
1
0.998364057366725
0.992077506751823
0.981291180995823
0.966185878556615
0.946970700512989
0.923881144509218
0.897176970371706
0.86713985467044
0.834070853920595
0.798287698390584
0.76012194057046
0.719915984228614
0.678020021616994
0.634788907749401
0.590579001750814
0.54574500603796
0.500636834525921
0.455596541149851
0.410955339736018
0.367030745648209
0.324123868673951
0.282516885304746
0.242470716914644
0.204222938365801
0.167985939286157
0.133945357695573
0.102258802828972
0.0730548809484797
0.0464325346848555
0.0224607030381709
0.0011783056380068
-0.0174054487444282
-0.033310433083014
-0.0465846596676283
-0.0573030352263958
-0.0655658279511279
-0.0714968641220769
-0.0752414751896965
-0.0769642191097546
-0.0768464024059713
-0.0750834318164229
-0.0718820264348313
-0.0674573229578066
-0.0620299079709667
-0.0558228121317087
-0.0490585016205868
-0.0419559023279387
-0.0347274919142038
-0.0275764941331399
-0.0206942086441675
-0.0142575079757512
-0.00842653135385119
-0.00334260280051601
0.000873601735052798
0.00412361639563152
0.00633245797973303
0.00744959388403044
