-1
-0.988891385210097
-0.966801645233471
-0.933984173253596
-0.890815115386788
-0.837788697900685
-0.77551109527355
-0.704692921653447
-0.626140446680952
-0.540745653602561
-0.449475272884117
-0.353358937918995
-0.253476620727424
-0.150945514604756
-0.0469065373746019
0.0574893668507022
0.161094947757081
0.262780211894101
0.361445653123221
0.456034980565938
0.545547182226644
0.629047772740164
0.705679086026498
0.774669487835819
0.835341399019152
0.887118037625156
0.929528806341993
0.962213271101046
0.984923696550055
0.997526124294327
1
0.992436375359377
0.975034730247148
0.948098478870983
0.912029241077976
0.867319975975775
0.814547089442345
0.754361639734529
0.687479776094863
0.614672553860558
0.536755275993201
0.454576515100899
0.369006971879877
0.280928325458076
0.191222228412503
0.100759594321991
0.0103903187078542
-0.0790664347623614
-0.166831261718363
-0.25217274949603
-0.334414819651206
-0.412943100723879
-0.487210267344735
-0.556740298406381
-0.621131624071436
-0.680059148590982
-0.733275152992008
-0.780609098398543
-0.821966366823961
-0.857325991470028
-0.886737442666544
-0.910316548378593
-0.928240639514123
-0.940743019925932
-0.948106868890293
-0.950658689860035
-0.948761423364808
-0.942807344029033
-0.93321086179453
-0.920401345597951
-0.904816084021819
-0.88689349190169
-0.867066664648038
-0.845757373274089
-0.823370582977453
-0.800289566792648
-0.776871673519593
-0.753444796060045
-0.730304572690486
-0.707712339903378
-0.68589384149878
-0.665038684843578
-0.645300521869289
-0.626797919675632
-0.609615873757242
-0.593807906070228
-0.579398680579597
-0.566387060731702
-0.554749526606773
-0.544443864427988
-0.535413037709452
-0.52758914766105
-0.520897390548253
-0.515259921514448
-0.510599537867482
-0.50684309993698
-0.503924614223359
-0.501787911556332
-0.50038886220923
-0.49969708020441
