-0.493563962149628
-0.494012839507346
-0.494855254279039
-0.495981707867509
-0.497230884804501
-0.498393113773748
-0.49921488685414
-0.499404357205929
-0.498637717990602
-0.496566349497642
-0.492824607512921
-0.487038114137993
-0.478832402756564
-0.467841761806003
-0.453718117570038
-0.43613979444333
-0.414819992065918
-0.389514822377653
-0.360030755947728
-0.326231335797133
-0.288043028215182
-0.245460093598453
-0.198548375897961
-0.147447926600857
-0.0923743980197159
-0.0336191607135071
0.0284518792027739
0.0934007656258218
0.160721262001388
0.229843864405193
0.300141996728576
0.370939306366768
0.441517959824735
0.511127820166363
0.578996372527638
0.644339250256335
0.70637120286038
0.764317338039962
0.81742446380097
0.864972353114505
0.906284752870611
0.940739961000896
0.967780800596126
0.986923827557703
0.997767618688629
1
0.993404090192592
0.97786305154176
0.953363459505777
0.919997223000874
0.877962009123574
0.827560148814599
0.76919602319599
0.703371953711567
0.630682642394094
0.55180823120601
0.467506071097164
0.378601311849039
0.285976442605239
0.190559929921163
0.0933141149293077
-0.00477745642943328
-0.102723086416496
-0.199536171089933
-0.294248443752509
-0.385923020422947
-0.473667053398354
-0.55664380385684
-0.634083952248508
-0.705295975831161
-0.76967543597061
-0.826713033549265
-0.876001308777043
-0.917239881606261
-0.950239150517166
-0.974922390336412
-0.991326213629193
-0.999599384702734
-1
-0.992891073268674
-0.978734587983706
-0.95808410271141
-0.931576017071207
-0.899919626338273
-0.863886111220943
-0.824296625653616
-0.782009659315445
-0.737907862800417
-0.692884531749571
-0.647829951678091
-0.603617807601578
-0.561091861846379
-0.5210530996253
-0.484247535126877
-0.451354861104495
-0.422978112407348
-0.399634498757348
-0.381747544573823
-0.369640654046519
-0.363532198255049
