-0.56947755104663
-0.573663545403643
-0.581960523768594
-0.594219527521201
-0.610219758862682
-0.629671707017568
-0.652221247233564
-0.677454654510886
-0.704904461083459
-0.734056074801894
-0.764355064904459
-0.795215012361752
-0.826025814177168
-0.856162324829903
-0.884993213547485
-0.911889913352542
-0.936235536879393
-0.957433634809083
-0.974916675408709
-0.988154128038046
-0.996660039533335
-1
-0.997797403625031
-0.989738920516588
-0.97557910713474
-0.955144095418097
-0.92833431404734
-0.89512620921829
-0.855572946615905
-0.809804090773653
-0.758024272455348
-0.700510868895981
-0.637610735476263
-0.569736040482534
-0.497359266830501
-0.421007455832761
-0.341255778107708
-0.258720525421273
-0.174051624504113
-0.0879247795988046
-0.00103335459176734
0.0859198919745467
0.172231104954472
0.257203550581135
0.340155643809814
0.42042867861803
0.497394160538416
0.570460647798124
0.639080015832064
0.702753069486509
0.761034437777745
0.813536697446797
0.859933683573621
0.899962957991993
0.933427418983825
0.960196048530388
0.980203806060652
0.993450689970076
1
0.999975844691582
0.993559948394454
0.980987821569725
0.962544366247389
0.938558995366741
0.909400350253047
0.875470704594491
0.837200145933732
0.795040626855147
0.749459977732956
0.700935971131614
0.649950524765897
0.596984125404145
0.542510550325226
0.486991956028408
0.430874395973369
0.374583820338256
0.318522601283075
0.263066617160052
0.208562918695721
0.155327989559827
0.103646603113636
0.0537712666737493
0.00592223451160301
-0.0397119387990403
-0.0829733420163655
-0.12373319330707
-0.161889921414465
-0.197366900699939
-0.230109903820508
-0.260084339558904
-0.287272345794985
-0.311669808765834
-0.333283379597049
-0.352127557612221
-0.368221907176473
-0.381588470859891
-0.39224943659515
-0.40022511034709
-0.405532238724756
-0.408182718078393
