-1
-0.994106169747076
-0.982351927474179
-0.964803959897342
-0.941561922379342
-0.912757988360288
-0.878556247151276
-0.839151949007462
-0.794770596317753
-0.745666879790646
-0.692123458697495
-0.634449584570542
-0.572979568254615
-0.508071090885705
-0.440103360219952
-0.369475114761571
-0.296602479332471
-0.221916677079726
-0.145861604415359
-0.0688912770077243
0.0085328433273395
0.0859446291801882
0.162876162034098
0.238860685299408
0.31343561865205
0.386145614628014
0.456545636708291
0.524204036537127
0.588705606486348
0.649654582545631
0.706677571516585
0.759426375748757
0.807580688206584
0.850850630522795
0.888979106896338
0.921743947247841
0.948959813963826
0.970479847848093
0.986197030554899
0.996045242797939
1
0.998078849752921
0.99034141847272
0.976889097931547
0.957864365892173
0.933449738822973
0.903866358588223
0.869372219042645
0.830260042559834
0.786854820638398
0.739511036802388
0.688609593987893
0.634554472429487
0.577769147673103
0.518692801691728
0.45777636311578
0.39547841526225
0.332261012911526
0.268585450598033
0.204908026516125
0.141675846967293
0.0793227165666772
0.0182651591707705
-0.0411013863237505
-0.0984061525285438
-0.15330637159553
-0.205490306320279
-0.254679948868969
-0.300633355127243
-0.343146586561069
-0.382055235773474
-0.417235516587209
-0.448604904427122
-0.476122317957172
-0.49978783828201
-0.519641967484617
-0.535764433770446
-0.548272555954198
-0.557319185386684
-0.563090248605949
-0.565801918940006
-0.565697449922076
-0.563043707640452
-0.5581274429756
-0.551251348024071
-0.542729943825029
-0.532885348750586
-0.522042978562661
-0.510527230151645
-0.498657201338879
-0.486742498837471
-0.475079185524471
-0.463945916591046
-0.453600311923426
-0.444275609252277
-0.436177639225731
-0.429482159653451
-0.424332581784684
-0.420838116677556
-0.419072364551049
