1
0.987005685647631
0.961189753223428
0.922895191954533
0.872630512165059
0.811062674026571
0.73900781928863
0.657419940103263
0.567377648787112
0.470069239648217
0.366776258435015
0.258855816181307
0.147721901909472
0.0348259625558738
-0.0783629716044577
-0.190378331973062
-0.299775941446239
-0.405153546044887
-0.505169672182376
-0.598561544273652
-0.684161812150366
-0.760913856160542
-0.827885459609219
-0.884280663000789
-0.929449641991076
-0.962896480625474
-0.984284742873699
-0.993440778191879
-0.990354730350237
-0.975179252551037
-0.948225965415486
-0.909959727234197
-0.86099081746089
-0.802065164311368
-0.734052775065279
-0.657934552847453
-0.574787705920107
-0.485769974524735
-0.392102915802378
-0.295054499077305
-0.19592127165497
-0.0960103591636693
0.00337843567398188
0.1009701760913
0.195531724444042
0.285887825586918
0.370936115902989
0.4496608520675
0.52114517524591
0.584581750668993
0.639281649002358
0.684681364207351
0.720347892223193
0.745981825315626
0.761418447853746
0.766626850108582
0.761707106933184
0.746885597415017
0.722508569336464
0.689034078113764
0.647022453416629
0.597125467546632
0.540074397562842
0.476667187827533
0.407754930895077
0.334227892331166
0.257001309032976
0.177001190888797
0.0951503521922266
0.0123548921946757
-0.0705086663189224
-0.152605385317183
-0.233152888354388
-0.311431147157222
-0.386790941097698
-0.458660876627016
-0.526552879305291
-0.590066097811168
-0.648889186807784
-0.702800963322165
-0.751669458906038
-0.795449416834278
-0.834178309521985
-0.867970975780914
-0.897013000095111
-0.921552976410991
-0.941893816683507
-0.958383279315962
-0.97140390444212
-0.981362551543281
-0.98867974004149
-0.993778995191128
-0.997076399790062
-0.998970546991255
-0.99983308091546
-1
-0.999763883274168
-0.999367182284233
-0.998996701500657
-0.998779368066852
