-0.150813498077036
-0.141926387204206
-0.12428915913235
-0.0981736962212932
-0.0639825923065318
-0.0222429682834583
0.0264016232633206
0.0812010784094497
0.141310253490626
0.205801928879821
0.273681023329055
0.34389983788005
0.415374092425466
0.486999505788641
0.557668661875226
0.626287900163949
0.691793968611899
0.75317018095377
0.809461828311687
0.859790606876651
0.903367838986795
0.939506283966031
0.967630357298952
0.987284601754266
0.998140281535277
1
0.992800272491822
0.976612017867034
0.951638964894405
0.918214002322411
0.876793533549581
0.827949927988294
0.772362190893662
0.710805001171527
0.644136292048611
0.57328357208645
0.499229203495708
0.422994870754928
0.345625484907824
0.268172777414168
0.191678841930184
0.117159882827462
0.0455904256209307
-0.0221117631732124
-0.0850998107660694
-0.142610706667886
-0.193976903060505
-0.238636366791192
-0.27614092748803
-0.306162793401517
-0.328499135677216
-0.34307467240018
-0.349942215439073
-0.349281175355909
-0.341394051927314
-0.326700969635695
-0.305732348332232
-0.279119828661993
-0.247585599311897
-0.211930298262455
-0.173019682599106
-0.131770280717242
-0.0891342566341164
-0.0460837283524558
-0.00359479061369161
0.0373685031966
0.0758699448396745
0.111016509210283
0.141972982648027
0.167975649188266
0.188344817525295
0.202495990048551
0.209949497034735
0.210338443589497
0.203414843842409
0.189053845781099
0.16725598050654
0.138147401119638
0.10197810841133
0.0591181925182018
0.0100521512163663
-0.0446286239405255
-0.104235073361262
-0.167991259605858
-0.235046549793062
-0.304488995937792
-0.375359699961954
-0.44666793454477
-0.517406779037555
-0.586569021551293
-0.653163074160631
-0.716228648020416
-0.774851939061825
-0.828180082762343
-0.875434648142626
-0.915923956447955
-0.949054028679592
-0.974337987954727
-0.991403767246693
-1
