-0.547457540661766
-0.545512992090352
-0.541618782204894
-0.535765109404198
-0.527938321132693
-0.518122146261189
-0.506299293086545
-0.492453375318839
-0.476571120356913
-0.458644806944851
-0.438674873091791
-0.416672630046846
-0.392663014252016
-0.366687306629743
-0.338805747356604
-0.309099974465268
-0.277675216213598
-0.244662170148347
-0.210218506132482
-0.174529936236899
-0.137810801233396
-0.100304131358555
-0.0622811479201751
-0.0240401820433888
0.0140950027585989
0.051777486628402
0.0886400592828749
0.124298655774776
0.15835633085896
0.190407729797264
0.220044002983282
0.246858101977693
0.270450385595929
0.29043445675007
0.306443143968375
0.318134536033768
0.32519797411201
0.32735990317427
0.324389483527017
0.316103863888797
0.30237301971734
0.283124064383159
0.258344946273031
0.228087451927168
0.192469443781047
0.151676270885657
0.105961301984285
0.0556455423751019
0.00111630891288983
-0.0571750488892957
-0.118716379610051
-0.182938896117771
-0.249222246411658
-0.316900444074477
-0.385268599479966
-0.453590379691407
-0.521106112613853
-0.587041439623449
-0.650616410781719
-0.711054908022793
-0.767594274529644
-0.819495023021866
-0.866050491968433
-0.906596316893998
-0.940519584019096
-0.967267535486592
-0.986355699373481
-0.997375323533698
-1
-0.99399137609912
-0.979203859484688
-0.955588236822383
-0.923194139702916
-0.882171306321616
-0.832769603340952
-0.775337788921308
-0.710321014930898
-0.638257083584278
-0.559771490962109
-0.47557130678299
-0.386437956184113
-0.293218984880446
-0.196818903680862
-0.0981892217268131
0.00168221021645265
0.101782414725379
0.201084920651075
0.298561667027993
0.393195026265981
0.483989792312821
0.569984978980966
0.650265275282925
0.723972008399865
0.790313470772094
0.848574475672028
0.898125015394441
0.938427907742107
0.969045329637672
0.98964415127189
1
