-1
-0.992046337897332
-0.976233003103551
-0.95274663639928
-0.921863873992858
-0.883947413657164
-0.83944086213941
-0.78886244134498
-0.732797647909578
-0.671890976431047
-0.606836830592651
-0.53836975845965
-0.46725415818612
-0.394273608077684
-0.320219980301265
-0.245882500435181
-0.172036915469802
-0.0994349307971401
-0.0287940722022489
0.0392118780364994
0.103961731007392
0.164894898355928
0.221518441424471
0.273413061946647
0.32023795039317
0.361734425802938
0.397728319639431
0.428131075595982
0.452939557032742
0.472234573555724
0.486178157836644
0.49500964281769
0.49904060765335
0.498648777830964
0.494270980619665
0.486395271082777
0.4755523561363
0.462306454359587
0.447245737309618
0.430972503837481
0.414093242271173
0.397208736266455
0.380904368629067
0.365740773507332
0.3522449811117
0.340902190641492
0.332148296528027
0.326363280609279
0.323865568635755
0.324907433798635
0.329671513020599
0.338268483827496
0.350735931009958
0.367038413283524
0.387068721064546
0.410650297598635
0.437540777306367
0.467436577636211
0.499978464213243
0.53475799390208
0.571324726800638
0.609194086358969
0.647855736957598
0.686782340533649
0.725438548328561
0.763290080630042
0.799812746538639
0.834501257313391
0.866877690711725
0.89649946986917
0.922966728561691
0.94592894502049
0.965090738656788
0.98021673790401
0.991135442672368
0.997742021389016
1
0.997941818358328
0.991668247825545
0.981346682377315
0.967208333730892
0.949544378712573
0.928701123973428
0.905074268972508
0.879102362626225
0.851259561940499
0.822047812093271
0.791988576642423
0.761614253652503
0.731459418450937
0.702052036364018
0.673904789104547
0.647506656483649
0.623314890832949
0.6017475150206
0.583176466331675
0.5679214979
0.556244936995721
0.54834738549097
0.544364432470251
