1
0.997960243007481
0.993918878706699
0.987951432423518
0.980169270949547
0.970717335817145
0.959771184818053
0.947533395077929
0.934229392617153
0.92010278384767
0.905410273696974
0.890416262855184
0.875387222874705
0.860585952405096
0.846265820637088
0.832665105006676
0.820001529350296
0.808467106012957
0.798223380930816
0.789397174505634
0.782076903257117
0.776309557903684
0.772098402831318
0.769401450035252
0.768130747751805
0.768152510346366
0.769288101810469
0.771315870678704
0.773973819543536
0.776963077864469
0.779952132677322
0.782581758344577
0.784470573874517
0.785221144788202
0.784426536226087
0.781677215137631
0.77656819214246
0.768706288120731
0.757717406885967
0.743253693489898
0.725000457849418
0.702682745483352
0.676071441182656
0.644988797362038
0.609313286573361
0.568983687091698
0.524002321476018
0.474437380394804
0.420424277605971
0.362165996583385
0.299932404665023
0.234058526522671
0.164941784972318
0.0930382334043385
0.0188578201570928
-0.0570412592670625
-0.134059051386479
-0.211561090666418
-0.288886304805394
-0.365355470665674
-0.440280102371615
-0.512971645076682
-0.582750841751593
-0.648957136180598
-0.710957973248534
-0.768157857604629
-0.820007033913994
-0.866009656135697
-0.905731319545604
-0.938805837469549
-0.964941154793423
-0.983924302128082
-0.995625307858175
-1
-0.997091645617979
-0.987031392267444
-0.970037493293723
-0.946413316563708
-0.916544154068845
-0.880892867547922
-0.839994422565236
-0.794449380081796
-0.744916430220219
-0.692104067408133
-0.636761519166936
-0.579669052290791
-0.521627789856114
-0.463449180262916
-0.40594426521346
-0.349912897088795
-0.296133057530758
-0.245350428149628
-0.198268361163871
-0.155538392479751
-0.11775143230976
-0.0854297590167253
-0.0590199305923125
-0.038886715200106
-0.025308127726265
-0.0184716434993023
