-0.0367243858993607
-0.0294824186009227
-0.0150977722414002
0.00623228887662042
0.0342151305436906
0.0684666126801321
0.108516157744377
0.153812953383375
0.203733203588212
0.257588328251815
0.31463399810689
0.374079880735952
0.435099963851991
0.496843314481707
0.558445127148368
0.619037910722999
0.677762662334123
0.733779877609326
0.786280249545859
0.834494913420297
0.877705102266005
0.91525108645951
0.94654028172277
0.971054422202402
0.988355709040687
0.998091859798293
1
0.993909354713784
0.979742715192287
0.95751667294994
0.927340630962831
0.88941461870752
0.8440259542511
0.791544812328718
0.732418772070597
0.667166431558696
0.596370188513422
0.520668296965493
0.440746318613957
0.357328094592348
0.271166368472949
0.183033194475948
0.0937102659878015
0.0039792986339946
-0.0853874006715926
-0.173636052002769
-0.260040087859204
-0.343908293830282
-0.42459230232477
-0.501493348367159
-0.574068208821294
-0.641834259758577
-0.704373600826189
-0.761336210164463
-0.812442108439718
-0.857482525664221
-0.896320079434269
-0.928887987800803
-0.955188353972744
-0.975289573231107
-0.9893229246063
-0.997478420864103
-1
-0.99718014962223
-0.9893540622009
-0.976893424090074
-0.960199944435453
-0.939698731533889
-0.915831623912489
-0.889050581372842
-0.859811237555562
-0.828566710304125
-0.79576175935189
-0.761827372752387
-0.727175854171147
-0.692196472826672
-0.657251726692771
-0.622674257751047
-0.588764445816147
-0.555788694958568
-0.523978414033281
-0.493529680498747
-0.464603564786759
-0.437327081157179
-0.411794720430035
-0.388070510402725
-0.366190541287415
-0.346165886278215
-0.32798584149275
-0.311621405117836
-0.297028912688605
-0.284153744083084
-0.27293401803161
-0.263304191707703
-0.255198486242782
-0.248554063724477
-0.243313887305937
-0.239429203357204
-0.236861592994434
-0.235584549674807
