0.477408514474042
0.469138056779647
0.452751478475929
0.428554812962513
0.397000551839899
0.358679895606924
0.314312620660891
0.264734729372404
0.210884086596477
0.153784279288795
0.0945269653823151
0.0342530032668644
-0.0258673263060406
-0.0846546786330816
-0.140941246380859
-0.193591261737275
-0.241521058175854
-0.283718357018758
-0.319260455827511
-0.347331012750955
-0.367235143049762
-0.378412570747986
-0.380448609311936
-0.373082779934416
-0.35621491385727
-0.329908625594766
-0.294392086280426
-0.250056069974298
-0.197449289939446
-0.137271085918568
-0.0703615666085825
0.0023106468503955
0.079662891154503
0.160514923119034
0.243607119095956
0.327620127534085
0.411195666022214
0.492958134347463
0.571536700480774
0.645587507214651
0.713815643585137
0.774996527282018
0.827996351970048
0.871791266701669
0.905484973202055
0.928324450469307
0.939713544494242
0.939224193528323
0.92660509570948
0.901787665427832
0.864889166959154
0.816212957953842
0.756245820652024
0.685652404489611
0.605266849344198
0.516081703324447
0.419234292025592
0.315990736875372
0.207727857932221
0.0959132306696231
-0.0179163036589544
-0.132177349014183
-0.245263541403526
-0.35556965091109
-0.461515828752212
-0.561571625401858
-0.654279407893058
-0.738276812236266
-0.812317880463223
-0.875292550850975
-0.92624419414776
-0.964384917735041
-0.989108393175343
-1
-0.996844119309464
-0.979628454163605
-0.948545299159613
-0.903989728327575
-0.846554717793689
-0.777023266833652
-0.696357627230226
-0.605685795538797
-0.506285465255912
-0.39956567531683
-0.287046427202482
-0.17033657465277
-0.0511103170642144
0.0689173503300662
0.18801585978864
0.304464587249668
0.416578275638027
0.522731980391915
0.621385159074534
0.711104539526907
0.790585419243235
0.858671072232262
0.914369968205721
0.956870542068799
0.98555328886741
1
