0.660110894701416
0.663700752106289
0.670808876159139
0.681293309205103
0.694944154204818
0.711487165820725
0.730588445766213
0.751860164839755
0.774867217054879
0.799134695798118
0.824156068252333
0.849401912634957
0.874329073310474
0.898390081699226
0.921042686238445
0.941759332534072
0.960036435310989
0.975403286820266
0.987430451949258
0.995737508317268
1
0.999955486046819
0.995408579437388
0.986234888338661
0.972383789211162
0.953879980192822
0.93082378295766
0.903390181588734
0.871826607593971
0.836449500698932
0.797639695142419
0.755836700555059
0.711531964804984
0.665261223151814
0.617596053384796
0.569134770082833
0.520492802502421
0.472292709686161
0.425153993037699
0.379682870714941
0.336462179679197
0.296041570071747
0.258928152781702
0.2255777546725
0.196386927042653
0.171685841643116
0.151732195130339
0.136706227407262
0.126706942132835
0.121749599030827
0.121764527791654
0.126597292647028
0.136010215431457
0.149685243461517
0.167228127202165
0.188173851786972
0.211993246347191
0.238100676102854
0.265862704580479
0.294607597427931
0.323635525352982
0.35222931194352
0.37966556272601
0.405226004939536
0.428208863261529
0.447940095192621
0.463784311024274
0.475155207263247
0.481525349018087
0.482435146068944
0.477500879006965
0.466421645768368
0.448985114890281
0.425071989637125
0.394659106515369
0.357821112313841
0.314730685359387
0.265657288831166
0.21096446638917
0.151105712696648
0.0866189733059803
0.0181198494932766
-0.0537063963599856
-0.128113920641229
-0.204306332545964
-0.281447536265825
-0.35867322258731
-0.4351028408441
-0.509851874412959
-0.582044237880147
-0.650824611713681
-0.715370530795862
-0.774904046495731
-0.828702788044494
-0.876110257727871
-0.916545205695554
-0.949509943838196
-0.974597473988336
-0.991497323421894
-1
