-1
-0.986650900551737
-0.960136060154809
-0.920819514378649
-0.869240653607525
-0.806106340543193
-0.732280586783756
-0.648771944693258
-0.556718805264286
-0.457372824224525
-0.352080726762518
-0.242264765516033
-0.129402126506555
-0.0150035932093727
0.0994082103149849
0.212320670496922
0.322252802021123
0.42777630898976
0.527535775382903
0.620267684701532
0.704817987247689
0.780157956353046
0.845398101651885
0.899799937786776
0.942785440260831
0.973944055988216
0.993037173885363
1
0.994940821584203
0.978137684561033
0.950032548390291
0.911223020794729
0.86245181156873
0.804594079189721
0.738642875657
0.665692923406732
0.58692298286075
0.503577089784671
0.416944957846418
0.328341853337606
0.239088255778472
0.150489619979083
0.0638165520589655
-0.0197142960049094
-0.0989583213887903
-0.172859780249526
-0.240467059030704
-0.300946179199656
-0.353592336136376
-0.397839304682142
-0.433266578152748
-0.459604143882851
-0.476734836018301
-0.484694244716175
-0.483668199540065
-0.473987883041684
-0.456122667697945
-0.430670804941456
-0.398348128424738
-0.359974964372485
-0.316461469423756
-0.268791640319637
-0.218006259782276
-0.165185058652097
-0.111428385563568
-0.0578386819800349
-0.00550206218331017
0.0445297051921905
0.0912565252178981
0.133746337772554
0.171150251829505
0.202716213867626
0.227800995900161
0.245880316533351
0.256556939292348
0.25956662568689
0.254781855597463
0.242213263979049
0.222008780018926
0.194450492151808
0.159949299132808
0.119037443108003
0.0723590547328179
0.0206588723260392
-0.0352306736966113
-0.0944037937559346
-0.155896849507918
-0.218704783175285
-0.281798192860999
-0.344140770912433
-0.404706817017626
-0.462498537002522
-0.516562842266641
-0.566007373375811
-0.610015484382406
-0.647859941751806
-0.678915113057162
-0.702667445517218
-0.718724062590878
-0.726819337752284
