1
0.993216215334848
0.979730512638495
0.95970540258955
0.933381613817021
0.901074501169138
0.86316934440039
0.820115610635996
0.772420270121462
0.72064026950336
0.665374279983927
0.607253848940344
0.546934092822592
0.485084076196614
0.422377026571183
0.359480537062821
0.29704690897537
0.235703783999847
0.176045211013635
0.118623285451116
0.0639404900414555
0.0124428545087814
-0.0354859612174596
-0.079529570422189
-0.119442675891021
-0.155053742550151
-0.186266488078312
-0.213060171835695
-0.235488681479913
-0.253678435662602
-0.267825139921356
-0.278189451004821
-0.285091622107394
-0.288905217571973
-0.290050000290294
-0.288984108059072
-0.286195646330352
-0.282193833949788
-0.277499845462265
-0.272637498270047
-0.268123935280181
-0.264460453638101
-0.262123627713874
-0.261556869724844
-0.263162564319158
-0.267294904220355
-0.274253542789886
-0.28427816627964
-0.297544073827435
-0.314158837127571
-0.334160094440976
-0.357514515468376
-0.384117954882155
-0.413796793294583
-0.446310445432834
-0.481354996595468
-0.518567910377053
-0.557533733453656
-0.597790707194697
-0.638838181260128
-0.680144711387949
-0.721156712481353
-0.761307529043889
-0.800026778129175
-0.836749815379132
-0.87092717249522
-0.902033814657507
-0.929578068975369
-0.953110079982186
-0.972229655398226
-0.986593374768735
-0.995920844991378
-1
-0.998691356762454
-0.991931156045183
-0.979733333840465
-0.962190287669575
-0.939472420878565
-0.911826467235478
-0.879572617316611
-0.843100487032928
-0.802863986898771
-0.759375167996036
-0.713197136764546
-0.664936145498093
-0.615232978513073
-0.564753765175845
-0.514180360148729
-0.464200438197595
-0.415497455585464
-0.368740632381891
-0.324575109909636
-0.283612435029142
-0.246421518065979
-0.213520203992745
-0.185367587096967
-0.16235718794672
-0.144811098184609
-0.132975183746134
-0.127015420744261
