-0.748707228969044
-0.739161357756604
-0.720221358447307
-0.692188242764281
-0.655507382010414
-0.610761242857235
-0.558659885365046
-0.500029376847255
-0.435798308930666
-0.366982635902048
-0.294669079676654
-0.219997370039151
-0.144141607816868
-0.0682910530430495
0.00636935027885177
0.0786783966456408
0.147517673118463
0.2118299349337
0.270636503193946
0.323053400572702
0.368305960945174
0.405741673099146
0.434841046801123
0.455226321048093
0.466667868823869
0.469088189553273
0.462563419121256
0.447322327182065
0.423742811890949
0.392345942503574
0.353787639862952
0.308848122998065
0.25841928628148
0.203490205254716
0.145130999789832
0.0844753102220517
0.0227016650262459
-0.0389859628519248
-0.0993781000635077
-0.157279897469956
-0.2115311116249
-0.261025620769893
-0.304730159451765
-0.341701967375319
-0.37110506448192
-0.392224885241327
-0.40448103043632
-0.407437923914509
-0.400813194423866
-0.384483638227692
-0.358488656153172
-0.323031098469543
-0.278475491891927
-0.225343664420923
-0.164307825002636
-0.0961811954768711
-0.0219063313321525
0.0574586952139804
0.140756041929712
0.226745534023248
0.314123525788172
0.401542896521243
0.487633871922651
0.571025348121666
0.650366386438226
0.724347543144879
0.791721699903818
0.851324067208229
0.902091044961082
0.943077641102112
0.973473170691081
0.992614983743878
1
0.995293862214404
0.978337555996849
0.949151383102792
0.907936215807884
0.855072001939585
0.791113532641197
0.716783527342991
0.632963132050204
0.540679967278103
0.441093900140707
0.335480750634765
0.225214174496786
0.111745993641176
-0.00341473033845818
-0.118723564190421
-0.232623182058115
-0.343566115094996
-0.450037426446564
-0.550576967014041
-0.643800873352205
-0.728421980231806
-0.803268836645071
-0.867303035101569
-0.919634589626773
-0.959535127542159
-0.98644869341475
-1
