-1
-0.988829356862277
-0.966628665999467
-0.933677068125962
-0.89038818038325
-0.837304070908129
-0.775087368942677
-0.704511631044912
-0.626450110544793
-0.541863101688483
-0.451784051547678
-0.357304651404698
-0.259559134669612
-0.159708020205865
-0.0589215480539242
0.0416369411755217
0.14082743158012
0.237549213768243
0.330756182387993
0.41947121965835
0.502799449796711
0.579940167170404
0.650197261964561
0.712987990824803
0.767849965928121
0.814446263850702
0.852568584999042
0.882138424789408
0.903206248724032
0.91594869453542
0.920663855167808
0.917764726058806
0.90777092851126
0.89129884746369
0.869050346264622
0.841800242754084
0.810382749718375
0.775677098321858
0.738592575193219
0.700053212269017
0.66098237314781
0.622287480516408
0.584845126169109
0.549486798305024
0.51698545027112
0.488043120890874
0.463279799206589
0.443223706145445
0.428303142620147
0.418840028261164
0.415045227752126
0.417015733035353
0.424733739926135
0.438067627393494
0.456774817410785
0.480506463331808
0.50881388567994
0.541156646507946
0.576912127531444
0.615386453468235
0.655826580802275
0.697433353867939
0.739375315004122
0.780803043795007
0.820863792276963
0.858716178574193
0.893544700795277
0.924573836184899
0.951081497425541
0.972411628509849
0.987985736585077
0.997313173381407
1
0.995756291631657
0.984401763838655
0.965869628961078
0.940208619575332
0.907583145285066
0.868271578996182
0.822662698743072
0.771250340617228
0.714626346933595
0.65347192100056
0.588547525304358
0.520681483174094
0.450757464691103
0.379701055417867
0.308465621165334
0.238017693261559
0.169322106451561
0.103327125527409
0.0409497969968993
-0.0169382414537037
-0.0695242682048199
-0.116067087004629
-0.155908537935287
-0.188483727102742
-0.213329812467744
-0.230093206180653
-0.238535078948444
