1
0.9857358273255
0.957428752737387
0.915517856253156
0.860653158437936
0.793685452236494
0.715652994844265
0.627765268360826
0.531384063933465
0.42800218605938
0.31922011101314
0.206720965415504
0.0922442172571458
-0.0224415081765769
-0.135566061381596
-0.245385417656062
-0.350208908855686
-0.448425611322525
-0.538529476774527
-0.619142812779037
-0.689037745444123
-0.747155328736583
-0.792622001874296
-0.824763137959473
-0.843113472761389
-0.847424251601969
-0.837666983873135
-0.814033748009227
-0.776934043912537
-0.726988244032519
-0.665017747677165
-0.592031994848744
-0.509212545132715
-0.41789447315417
-0.319545374128247
-0.21574231040983
-0.108147062106842
0.00151992874363271
0.111506510640376
0.220056248086732
0.325435889254867
0.425962444648002
0.520029451958241
0.606132015394185
0.682890227301796
0.749070605613549
0.803605212127313
0.845608153339547
0.874389206956687
0.889464362629762
0.890563114183035
0.877632391868495
0.850837076165493
0.810557088522826
0.757381108359422
0.69209701874963
0.61567923468276
0.529273116793526
0.434176719238447
0.331820162222664
0.223742956904009
0.111569642431344
-0.00301587879079512
-0.118296901292415
-0.23255095206213
-0.34407687412168
-0.451221530454855
-0.552405706935779
-0.646148805892759
-0.73109194137794
-0.806019072779871
-0.869875844709684
-0.921785837615327
-0.961063974753047
-0.987226876318885
-1
-0.999321458179305
-0.985342454710629
-0.958424337742263
-0.919132318657305
-0.86822595997256
-0.806646586159882
-0.735501820016899
-0.656047492649461
-0.569667216618169
-0.477849948691177
-0.382165900352627
-0.284241180240597
-0.185731572619992
-0.0882958695203738
0.00643081892601804
0.096863351233029
0.1814920202341
0.258906792693474
0.327819937457555
0.387086682441684
0.435723572136545
0.472924233905823
0.49807230255305
0.510751297808218
