1
0.995862543294876
0.987596154421405
0.975218142343167
0.958755112933141
0.938243719596379
0.913731630707572
0.885278686082996
0.852958208796055
0.816858433398651
0.777084007133418
0.733757517107605
0.687020993725962
0.637037339008682
0.583991627794989
0.528092230278334
0.469571705841454
0.408687420745453
0.345721845844135
0.280982495091978
0.214801471122125
0.147534590503725
0.0795600683441153
0.0112767495653732
-0.056898117671076
-0.124531562431312
-0.191178012722678
-0.256382837079262
-0.319686276020222
-0.380627725019212
-0.438750322672579
-0.493605790362515
-0.544759463018117
-0.591795444712039
-0.634321817910598
-0.671975831324262
-0.704428988571001
-0.731391958336859
-0.752619226447456
-0.767913411282018
-0.777129166278345
-0.780176596882368
-0.777024124157653
-0.767700733336003
-0.752297552787152
-0.73096871712145
-0.703931477304265
-0.671465530627916
-0.633911554015273
-0.591668935264858
-0.545192708326573
-0.494989710348343
-0.441613989880264
-0.385661507085235
-0.327764177904697
-0.268583324689657
-0.208802605661066
-0.14912050454906
-0.0902424697281078
-0.0328727989788878
0.0222936284520709
0.0745796666591685
0.12333415620802
0.167940005857881
0.207821993513922
0.242454178989246
0.27136682466424
0.294152725172456
0.310472853763242
0.320061240914342
0.322729009993626
0.318367505178627
0.306950458297617
0.288535153601632
0.263262562543863
0.231356434249613
0.193121341315705
0.148939694685203
0.099267755400217
0.044630684840361
-0.0143833115927136
-0.0771296796779843
-0.142914970924811
-0.211004966064582
-0.280633367384054
-0.35101095142091
-0.421335066605615
-0.490799355047294
-0.558603573909608
-0.623963389767554
-0.686120019014688
-0.744349588814996
-0.797972096251608
-0.846359848177724
-0.88894527076094
-0.925227985744237
-0.954781059916358
-0.977256345061242
-0.992388837591636
-1
