-0.915852838171775
-0.907524461489495
-0.890950167887505
-0.866293843735453
-0.83379875036366
-0.793784483035134
-0.746642983653809
-0.692833663689226
-0.632877706314478
-0.567351628238073
-0.496880191990604
-0.422128768351023
-0.343795256033475
-0.262601671594834
-0.179285526681111
-0.09459111214898
-0.00926080924463712
0.0759734531088136
0.160398478750263
0.243327710872744
0.324108659419251
0.40212975168795
0.476826517716913
0.547687032448086
0.614256548202004
0.6761412634495
0.733011187051214
0.784602070846677
0.830716397500848
0.871223424642267
0.906058300337158
0.935220278624592
0.958770076981374
0.976826429993024
0.989561904992571
0.997198055820188
1
0.998270512391543
0.99234373464025
0.982578604435429
0.96935211162201
0.953052489566094
0.93407244983285
0.912802566213653
0.88962491047899
0.864907037001244
0.838996406678218
0.812215332507966
0.784856519853081
0.757179264041675
0.729406356652747
0.701721739809032
0.674268935244874
0.647150262031889
0.620426843837234
0.594119393665355
0.568209751399116
0.542643137309765
0.517331073238317
0.492154912543102
0.466969910324534
0.441609757026818
0.415891491406327
0.389620703155437
0.36259693126368
0.334619161545836
0.305491325704776
0.275027704835575
0.243058142401218
0.209432975378241
0.174027597417417
0.136746574401337
0.0975272405962084
0.0563427125585354
0.0132042679191109
-0.0318369530378526
-0.0786889536313267
-0.127218613587534
-0.177252154911009
-0.228576335075917
-0.280940349650117
-0.33405841464621
-0.387612987589723
-0.441258575687243
-0.494626069738036
-0.547327533718161
-0.598961372416338
-0.649117793236691
-0.697384473404902
-0.743352340398546
-0.786621371523021
-0.826806318200445
-0.863542261734019
-0.896489910033415
-0.925340548991828
-0.949820567822428
-0.969695484598372
-0.984773406382189
-0.994907867543717
-1
