1
0.986383565881572
0.959340721080037
0.91924871399592
0.866666463405767
0.802326331804128
0.727123351132443
0.642102063840859
0.548441178212102
0.447436269799687
0.340480790190571
0.229045669644976
0.114657821106089
-0.00112213070956657
-0.116722560179713
-0.230583650526182
-0.341179960482324
-0.447042410257335
-0.546779358680963
-0.639096457923133
-0.722814991470482
-0.79688842480139
-0.8604169260593
-0.912659645544709
-0.953044577536149
-0.981175865268658
-0.996838449263204
-1
-0.990810117528872
-0.969596822365824
-0.936860403289924
-0.893264727791014
-0.839626159307135
-0.776900261440229
-0.706166502496081
-0.628611203452348
-0.545508998363447
-0.458203097870548
-0.368084663573547
-0.27657161328609
-0.185087184456916
-0.0950385852017622
-0.00779605943061668
0.0753273154638967
0.153094792829979
0.224363795006808
0.28810215977158
0.343402555264235
0.38949485341561
0.425756284807045
0.451719233423809
0.467076567365485
0.47168444064726
0.465562541148431
0.448891799908354
0.422009616703251
0.385402695535713
0.339697620725917
0.285649339130713
0.224127746091058
0.156102601522364
0.0826270276710606
0.00481986107891319
-0.0761528520953948
-0.159096916299269
-0.242809294141148
-0.326097350882014
-0.407797728236645
-0.486794547518078
-0.562036654574303
-0.632553635924758
-0.697470356722087
-0.756019796291119
-0.807553985619553
-0.851552882826624
-0.887631056802464
-0.915542085338626
-0.935180611575763
-0.946582040873143
-0.949919898641063
-0.945500907654011
-0.9337578802712
-0.915240556241188
-0.890604549795822
-0.860598600019014
-0.82605034552631
-0.78785086788232
-0.746938267544918
-0.704280551152689
-0.660858119430131
-0.617646150712332
-0.575597176001591
-0.535624137554783
-0.498584214331726
-0.465263684356915
-0.436364076379731
-0.412489841451366
-0.394137749526277
-0.381688187357501
-0.375398502257887
