0.872344391361186
0.8627453534759
0.843706471875233
0.815543564617701
0.778723973955809
0.733859018317526
0.68169411599184
0.623096737586057
0.559042378877104
0.490598777201958
0.418908622524324
0.345171038332737
0.270622127188932
0.196514890742971
0.12409884412522
0.0545996496544976
-0.0108009053140738
-0.0709842668379012
-0.124913499890779
-0.171650406902151
-0.210371105194691
-0.240379813413045
-0.261120625232048
-0.272187080349164
-0.273329377503006
-0.264459111469612
-0.245651455083388
-0.217144747693268
-0.179337492459386
-0.132782805874145
-0.0781804032067227
-0.0163662425850003
0.0517000124729687
0.124949517670706
0.202220533736033
0.282276219466521
0.363823654065471
0.445533791184539
0.526062032140873
0.604069095749324
0.678241857263698
0.747313829134913
0.810084961666606
0.865440452097191
0.91236826599847
0.949975094914028
0.977500498551429
0.994329008207507
1
0.994215181399638
0.976843571955281
0.947923898392028
0.907664364819987
0.856439799980902
0.794786224632319
0.723392922675919
0.643092138839751
0.554846563005713
0.459734796046028
0.358935023747674
0.2537071535615
0.145373693069299
0.0352996688360614
-0.0751281006058131
-0.184522053746699
-0.291514928116913
-0.394780466502886
-0.49305346382594
-0.585148841527878
-0.669979451614598
-0.746572332501536
-0.814083163168447
-0.871808690482707
-0.919196936443506
-0.955855027032148
-0.981554521776129
-0.996234162457486
-1
-0.993122899815573
-0.976033467128194
-0.949314474374548
-0.913690912064647
-0.870017821854912
-0.819266105451412
-0.762506534773206
-0.700892217063972
-0.635639792899003
-0.56800966491236
-0.499285570252191
-0.430753820021871
-0.363682534119396
-0.299301199866035
-0.238780877618245
-0.183215366266134
-0.133603626299549
-0.090833738209245
-0.0556686496992357
-0.0287339369003597
-0.0105077729400385
-0.00131326234086548
