0.253318683725624
0.258898579079748
0.269971557450018
0.286365172963015
0.307823687550795
0.334011542535244
0.364517912593528
0.39886227936127
0.436500947948306
0.476834416758946
0.519215499407668
0.562958087366539
0.607346433414993
0.65164482910541
0.695107544403138
0.736988894474863
0.776553297324316
0.813085186621245
0.845898646622071
0.874346640494432
0.897829709561793
0.915804028881102
0.92778871403446
0.933372284910682
0.932218204410001
0.924069423242497
0.908751876111031
0.886176889363065
0.856342475444789
0.819333504971818
0.775320762717811
0.72455890909116
0.667383383500842
0.604206300193685
0.53551140047597
0.461848137525784
0.38382498108887
0.302102039079131
0.217383101346172
0.130407217520048
0.041939925816314
-0.0472357470732078
-0.136328393396226
-0.224547317734964
-0.311111497072107
-0.395258291927705
-0.476251798289416
-0.553390736896641
-0.626015784672482
-0.6935162625857
-0.755336104809799
-0.810979045554885
-0.860012972194648
-0.902073406100876
-0.936866085730477
-0.964168639780962
-0.983831351435999
-0.99577702766243
-1
-0.996564295120352
-0.985601024450182
-0.967305052197241
-0.941931010046727
-0.909788734488389
-0.871238209091194
-0.826684098984933
-0.776569968282326
-0.721372273150716
-0.661594223713493
-0.597759606946152
-0.530406660272434
-0.460082081727218
-0.387335257420936
-0.312712780721927
-0.236753330192595
-0.159982965012924
-0.08291088755482
-0.006025713097358
0.0702077234306262
0.145351004150331
0.218994199273372
0.290757373702351
0.360291540450125
0.427279081723589
0.491433667494142
0.552499709594777
0.610251396709821
0.664491361941156
0.715049039845923
0.761778773867066
0.804557737862154
0.843283736942742
0.877872953052996
0.908257699652452
0.934384247555466
0.956210780472982
0.973705534175081
0.986845167539143
0.995613407179758
1
