1
0.998280954485027
0.994822779806763
0.989585901526069
0.982512428681549
0.973527886774343
0.962543475918377
0.949458810330236
0.934165085817077
0.916548613330555
0.896494649140405
0.873891445875832
0.848634443699116
0.820630517304693
0.78980219234585
0.756091744322785
0.71946509393763
0.679915415425621
0.637466378373009
0.592174948972287
0.544133683460442
0.493472454529724
0.440359560665205
0.385002178502073
0.327646129244329
0.268574941766968
0.208108207046218
0.146599230828862
0.0844320037587414
0.0220175203211783
-0.0402105102596437
-0.101800506828168
-0.16228834801878
-0.221203118589035
-0.27807318765577
-0.332432528970509
-0.383827187598017
-0.431821793079303
-0.476006016452237
-0.516000867428923
-0.551464728622788
-0.582099025986869
-0.607653438548324
-0.627930556056049
-0.642789900225701
-0.652151233771771
-0.655997091237866
-0.654374476630945
-0.647395684869662
-0.635238216891012
-0.618143771728397
-0.596416312771837
-0.57041921953291
-0.540571550343822
-0.507343455300963
-0.471250792199578
-0.432849010984528
-0.392726384157944
-0.351496671445537
-0.309791316652243
-0.268251282875437
-0.227518638951711
-0.188228015075306
-0.150998048851908
-0.116422944576018
-0.085064268206303
-0.057443098352332
-0.0340326495972657
-0.0152514787121545
-0.00145737684383407
0.00705795831805967
0.0100733869416221
0.00744185644500539
-0.000907062663672575
-0.0149656790473732
-0.0346477506964368
-0.0597891374796323
-0.0901495349813759
-0.125415272828174
-0.165203145173947
-0.209065225869293
-0.256494606312699
-0.306931980292711
-0.359772987487323
-0.414376215883854
-0.470071753394381
-0.526170170522755
-0.581971809220467
-0.636776248155819
-0.68989181159291
-0.740644987984304
-0.788389625245533
-0.832515772492754
-0.872458042749708
-0.907703377700502
-0.937798103886469
-0.962354179698217
-0.981054543952527
-0.993657489600435
-1
