-1
-0.990035979801472
-0.970219572047147
-0.940772505590447
-0.902023555554751
-0.85440402537808
-0.798441828208423
-0.734754255850183
-0.664039542941569
-0.587067351867288
-0.504668319807332
-0.417722823047979
-0.327149125025833
-0.233891083367547
-0.138905597294183
-0.0431499800890279
0.0524305581665385
0.146915134706781
0.239418947272792
0.329104386423845
0.415191347406
0.496966594823798
0.573792048381535
0.645111874956717
0.710458290972741
0.769455999157631
0.821825204995893
0.867383180169867
0.906044362702455
0.937819006005782
0.962810411260631
0.981210799154563
0.993295897657973
0.999418341897852
1
0.995523354738367
0.986522084710719
0.973571000341881
0.957275499124604
0.93826071100794
0.917160508639432
0.894606558208393
0.871217584914539
0.847589022633982
0.824283210250699
0.801820287485205
0.780669931041938
0.761244057708534
0.743890604903452
0.728888481343025
0.716443761271025
0.70668717537079
0.699672930385917
0.695378867946407
0.693707951474784
0.694491048673973
0.69749095631383
0.702407594164414
0.708884276284651
0.716514950758122
0.724852283641857
0.733416449599021
0.741704480629296
0.74920001566298
0.755383287679091
0.75974118153641
0.761777194919678
0.76102113670875
0.757038401641181
0.749438667281175
0.737883868911873
0.72209531987629
0.701859858911366
0.677034921922386
0.647552453175066
0.613421589757373
0.574730073079533
0.531644361818991
0.484408441746659
0.43334134895492
0.378833443809436
0.321341493133543
0.261382637383463
0.19952733757794
0.136391413220039
0.0726272971295363
0.00891464575797585
-0.0540495460159629
-0.115561168581009
-0.174919397236513
-0.231437102338923
-0.284451104254719
-0.333332109826974
-0.377494172082703
-0.416403522462914
-0.449586634825049
-0.476637392688337
-0.497223245470298
-0.511090255568534
-0.518066955818097
