1
0.99534034468163
0.986046046308067
0.972166959792771
0.953777444720548
0.930975861487227
0.90388390526255
0.872645782674056
0.837427237267482
0.798414430913162
0.755812689389743
0.709845121378623
0.660751121037132
0.608784765178794
0.554213116868319
0.49731444793125
0.438376393478033
0.377694052044691
0.315568045353191
0.252302551990356
0.188203329492114
0.123575739397875
0.0587227898066944
-0.00605679017781302
-0.0704704299827399
-0.134233537316046
-0.19707124484
-0.25872007105481
-0.318929483358996
-0.377463352029191
-0.434101284729219
-0.488639832110255
-0.540893556093696
-0.590695953528251
-0.637900229074445
-0.682379912384088
-0.72402931589991
-0.762763830891319
-0.798520060655743
-0.83125579114052
-0.860949800566677
-0.887601510952157
-0.911230485726749
-0.931875778893068
-0.9495951424063
-0.964464099609238
-0.97657489365804
-0.986035320897923
-0.992967460087368
-0.99750630921541
-0.999798342401088
-1
-0.998276125563568
-0.994798363696859
-0.98974353313617
-0.983291989514858
-0.97562599230307
-0.966928090293087
-0.957379539757422
-0.947158769033075
-0.936439902785304
-0.925391358582012
-0.914174527670502
-0.902942550998483
-0.891839200568297
-0.880997875165945
-0.870540718374344
-0.860577865573703
-0.851206825362429
-0.842511999511433
-0.83456434420585
-0.827421173944012
-0.821126108067458
-0.815709158501499
-0.811186955907035
-0.807563110094584
-0.804828699244314
-0.802962881224201
-0.801933619115066
-0.801698511947851
-0.802205720646609
-0.803394978260322
-0.805198672767456
-0.807542990057137
-0.810349104137234
-0.813534401198167
-0.817013723876418
-0.820700621916637
-0.824508595427504
-0.82835231706434
-0.832148819749688
-0.835818636958856
-0.839286883146709
-0.842484262569249
-0.845347995551816
-0.847822652167014
-0.849860884300325
-0.851424048189455
-0.852482710713289
-0.853017033965749
