-0.783341520516156
-0.783974783283738
-0.78519377710929
-0.786904497383401
-0.78896856476216
-0.791206324110616
-0.793400887181605
-0.795303044494172
-0.796636955654603
-0.79710651269194
-0.79640225811149
-0.794208728527337
-0.790212086108052
-0.784107893811637
-0.775608886610587
-0.764452589688563
-0.750408635957444
-0.733285639185248
-0.712937485486566
-0.68926891481082
-0.662240275232379
-0.63187134612452
-0.598244141474956
-0.561504621430605
-0.521863258371337
-0.479594423110682
-0.435034576890559
-0.388579275347598
-0.340679011242106
-0.291833943115557
-0.242587576838818
-0.193519485899374
-0.145237173932419
-0.0983671991273061
-0.0535456944599543
-0.0114084299637542
0.027419426761502
0.0623336880731682
0.092761493182862
0.118171453541604
0.138083426362966
0.152077749246931
0.159803774927753
0.160987553903686
0.155438523997913
0.14305507958948
0.123828909142346
0.0978480075150987
0.065298289086118
0.0264637486826382
-0.0182748606629759
-0.0684428413301141
-0.12347584113607
-0.182725581617294
-0.245466963560106
-0.310906466624119
-0.378191738803972
-0.446422251769361
-0.514660880128773
-0.581946246672866
-0.647305661933737
-0.709768475177054
-0.768379645418461
-0.822213335376095
-0.870386328546597
-0.912071069886352
-0.946508133910367
-0.97301793035857
-0.991011466847235
-1
-0.999603421272709
-0.989557240841838
-0.969718052271812
-0.940067381931419
-0.900713849982564
-0.851893593878606
-0.793968930326476
-0.727425257213281
-0.652866222691183
-0.571007214067067
-0.482667243971148
-0.388759335104673
-0.290279527328153
-0.188294651605112
-0.0839290340431937
0.0216496903138528
0.127245460448183
0.231649164533504
0.333654294659895
0.432072663471027
0.525749963240221
0.613580949296992
0.694524034300489
0.767615087580056
0.831980244517925
0.886847544580816
0.931557232918314
0.965570579198224
0.988477088267112
1
