1
0.998075492262654
0.994213501179597
0.988388563879117
0.980563696907819
0.97069182140989
0.958717617486542
0.944579769461023
0.928213555498568
0.909553727584441
0.888537621381596
0.865108430090785
0.839218572220703
0.810833080224101
0.779932935326966
0.746518273608467
0.710611389493109
0.672259465283718
0.631536959161691
0.588547589153633
0.543425856833502
0.496338061898367
0.447482767106326
0.397090682262216
0.345423945830468
0.292774793182104
0.239463611271555
0.185836390508528
0.132261595555991
0.0791264875614932
0.0268329407313022
-0.0242071939945151
-0.0735771162846225
-0.120860424658665
-0.165646708309806
-0.207537299153926
-0.246151095999447
-0.28113036935557
-0.312146453469633
-0.338905231756179
-0.36115232287725
-0.378677877356828
-0.391320898739101
-0.398973008882822
-0.401581583950791
-0.399152195910225
-0.391750303790526
-0.379502149413895
-0.36259482366806
-0.341275481459746
-0.315849696090877
-0.286678956744459
-0.254177325854793
-0.218807286163693
-0.181074820026806
-0.141523775830157
-0.10072958801057
-0.0592924279570035
-0.0178298728274138
0.0230308121141476
0.0626606747969107
0.100437252653954
0.135752811096487
0.168022528722119
0.19669251294053
0.221247530538245
0.241218340271265
0.256188518847103
0.265800677587225
0.269761974572065
0.267848836064302
0.259910811359128
0.245873496778752
0.225740477148684
0.199594246585017
0.167596084590143
0.129984878092924
0.0870748949639277
0.0392525294674062
-0.0130279451418616
-0.0692495673265167
-0.128838758005406
-0.19117219515066
-0.255584404191578
-0.321375965495051
-0.387822230876682
-0.454182433287842
-0.519709067643065
-0.583657416296927
-0.645295090022107
-0.703911454526084
-0.758826813591348
-0.809401222823349
-0.855042812705035
-0.895215506122316
-0.929446023651114
-0.957330079568681
-0.978537682631334
-0.992817467988405
-1
