1
0.999744748571829
0.999198068757586
0.998288489461017
0.996910994421688
0.994929604301228
0.992180743030917
0.988477324604507
0.983613482636438
0.977369852484532
0.969519304776392
0.959833019972989
0.948086786314894
0.934067398258331
0.917579029417471
0.898449453148241
0.876535985262867
0.851731026941086
0.823967091654494
0.793221207758853
0.759518598214541
0.722935550513348
0.683601403135324
0.641699589519359
0.597467696367811
0.551196509860488
0.503228040751645
0.453952537078094
0.403804511022539
0.353257824056248
0.302819891533959
0.253025084143
0.204427418741269
0.157592644894274
0.113089845599956
0.0714826810556506
0.033320412686985
-0.000871149132679827
-0.0305986263137146
-0.0554098343092441
-0.0749021753273162
-0.088730518694383
-0.0966144292354341
-0.0983446125300863
-0.0937884561189805
-0.0828945580289002
-0.0656961481817798
-0.0423133241440294
-0.0129540400219154
0.0220861941456196
0.0624259256856723
0.107600688396073
0.157067230192022
0.210209001666126
0.266342847902946
0.32472682650997
0.384569056408071
0.445037484762241
0.50527044380629
0.564387855479924
0.621502929983421
0.675734194764511
0.726217683251201
0.772119107964261
0.81264584057696
0.847058522090406
0.874682129572647
0.894916331839558
0.907244974965197
0.911244549488686
0.906591504484842
0.893068289101541
0.870568019519016
0.839097688305582
0.79877985355411
0.749852766685081
0.692668920078113
0.627692018413881
0.555492400433809
0.476740960413659
0.392201640659639
0.302722587439198
0.209226082633384
0.11269738174071
0.0141726053932998
-0.0852741539896552
-0.184544336612255
-0.282528847284024
-0.378122224422325
-0.470236851212214
-0.55781701257026
-0.63985260292006
-0.71539229398783
-0.783555978812011
-0.843546317834572
-0.894659225166243
-0.936293147717819
-0.967957006653113
-0.989276689301904
-1
