-0.218956878395235
-0.20938752074719
-0.190396288433769
-0.162275966096184
-0.125460310240581
-0.0805176361807333
-0.0281424182745369
0.030854970115908
0.0955602225755772
0.164968591562928
0.237999703558874
0.313513474972218
0.390326890024507
0.46723138917623
0.543010607835693
0.616458200243153
0.686395482615571
0.7516886328791
0.811265191551923
0.864129619452556
0.909377682721576
0.946209453924536
0.97394073946365
0.99201276783027
1
0.997615952091089
0.984716950826695
0.961303773891143
0.927521159461055
0.883655201526771
0.830128679599207
0.767494402529897
0.696426675979446
0.617711031095415
0.532232377776811
0.440961769116309
0.344941983871669
0.245272150819957
0.143091652338884
0.0395635543409401
-0.0641421843818227
-0.166865468340788
-0.267472533942791
-0.364871883218059
-0.458029445055092
-0.545982739592589
-0.627853838112758
-0.702860930617188
-0.770328335924763
-0.829694814246724
-0.88052006936504
-0.92248935633405
-0.955416140584715
-0.979242784961925
-0.994039272084542
-1
-0.99743871893075
-0.986781705512488
-0.968559297858362
-0.943395939631407
-0.911998903685474
-0.875145885399425
-0.833671672282256
-0.788454109520013
-0.740399590674958
-0.690428308596086
-0.639459503679553
-0.588396944909578
-0.538114873656844
-0.489444631113624
-0.44316217766185
-0.399976696616054
-0.36052045592309
-0.325340079847477
-0.29488935877993
-0.269523699468305
-0.249496290606208
-0.23495603026942
-0.225947232624986
-0.222411102121985
-0.224188934477556
-0.231026975661577
-0.242582843209635
-0.258433388986877
-0.278083859387989
-0.300978188259217
-0.326510239896301
-0.354035804590734
-0.382885137600314
-0.412375824289218
-0.441825749642638
-0.470565949478037
-0.497953123457015
-0.523381596397105
-0.546294524281811
-0.566194154603852
-0.582650967030736
-0.595311539583664
-0.603905007254329
-0.608248003892907
