1
0.986764592795859
0.960476177188836
0.921496884318298
0.870363284888686
0.807778549777043
0.734602182025965
0.651837474731023
0.560616883466052
0.46218553313161
0.35788310698339
0.249124389673039
0.137378756046822
0.0241489128958672
-0.0890507883977426
-0.200716144482127
-0.30937467313738
-0.413606646072976
-0.512065269520838
-0.603495714348915
-0.686752715568143
-0.760816483490519
-0.824806695066125
-0.87799436367114
-0.91981141837266
-0.949857858949276
-0.967906390150422
-0.973904477255024
-0.96797380434291
-0.950407156211851
-0.921662783948683
-0.882356352192166
-0.833250602523271
-0.775242901626751
-0.709350874363118
-0.636696350192153
-0.558487876068783
-0.47600206961737
-0.390564102772249
-0.303527617909503
-0.216254385617648
-0.130094015567169
-0.0463640294202488
0.0336694025727962
0.108809771585236
0.177947313515236
0.240074612819012
0.294300498518009
0.339862031866633
0.376134416008449
0.402638691293762
0.419047115248952
0.425186162917003
0.421037120847911
0.406734285814186
0.382560816765408
0.348942325029101
0.306438322741736
0.255731682407771
0.197616290824562
0.132983107907108
0.0628048647786303
-0.0118803445034283
-0.0899863073440238
-0.17039649138322
-0.251982108928434
-0.333620155988536
-0.414211137160695
-0.492696194525806
-0.568073370083845
-0.639412746909538
-0.705870233867189
-0.7666997820639
-0.821263847857401
-0.869041946731446
-0.909637174226705
-0.942780603849926
-0.968333506932081
-0.986287375200535
-0.996761762793664
-1
-0.996362865576721
-0.986320337539952
-0.970441573293201
-0.94938329837588
-0.923876808518531
-0.894713811681643
-0.862731354982676
-0.828796095594145
-0.793788184602655
-0.758585038302272
-0.724045272374092
-0.690993070868922
-0.660203253925637
-0.63238729585955
-0.608180528848217
-0.588130747197374
-0.572688403420023
-0.562198560495862
-0.556894735135429
