0.535029268423013
0.539198089670508
0.547465335636869
0.559691229040228
0.575668628410401
0.59512601569836
0.617731410876091
0.643097155829813
0.670785497078948
0.700314885147719
0.731166897951903
0.762793686497428
0.794625833655776
0.826080510895656
0.856569813698123
0.885509154023353
0.912325587664509
0.936465955622404
0.957404721740649
0.974651393703984
0.987757421044832
0.996322471921623
1
0.998502023635495
0.991603051555116
0.979143102179683
0.961029777419164
0.937239365998813
0.907816965916425
0.872875630267654
0.83259455518371
0.78721634278288
0.737043385629415
0.682433432014814
0.623794403234414
0.561578544748979
0.49627600253721
0.428407923922131
0.358519188576009
0.287170880183358
0.214932612303792
0.142374823287111
0.0700611546402718
-0.0014589749544961
-0.0716574916763966
-0.140034381904613
-0.206123905188226
-0.269500217683196
-0.329782328682228
-0.386638323778491
-0.439788800068209
-0.489009471420228
-0.53413291502147
-0.575049443936845
-0.611707104087059
-0.644110807633076
-0.672320628049123
-0.696449294960133
-0.716658938915852
-0.733157147486327
-0.746192404220227
-0.756048990954336
-0.763041441565082
-0.767508641398566
-0.769807671215309
-0.770307497475695
-0.769382612133717
-0.767406724788279
-0.764746608077586
-0.761756193633977
-0.758771010810069
-0.756103053832965
-0.754036155154754
-0.752821933679007
-0.7526763764073
-0.753777101036194
-0.756261335326263
-0.760224636853716
-0.765720364242567
-0.772759898365704
-0.781313599502197
-0.7913124742488
-0.802650514303295
-0.815187658254417
-0.828753317404528
-0.843150397578599
-0.85815974098141
-0.873544905579016
-0.889057194304372
-0.904440842700608
-0.91943827147511
-0.933795309873776
-0.947266296802578
-0.959618969201996
-0.97063905127279
-0.980134463687822
-0.987939078810054
-0.993915956054928
-0.997960000749822
-1
