0.415650369567723
0.41984995686652
0.428191970079538
0.440562765371619
0.456793565871945
0.476662464776251
0.499897057225487
0.526177668263983
0.555141136828281
0.586385108897082
0.619472786732659
0.653938075645483
0.689291064987505
0.725023776185833
0.760616107615718
0.795541904016199
0.829275076996855
0.861295702980259
0.891096025669283
0.918186291805654
0.942100351567553
0.962400958398983
0.978684707319578
0.990586555767427
0.997783876706247
1
0.997007204833612
0.988629133142094
0.974742601501909
0.955278796634066
0.930223847462718
0.899618774460125
0.863558824684164
0.822192208376229
0.775718260137478
0.724385054447916
0.668486511550024
0.608359035409128
0.544377730517912
0.476952248673463
0.406522320474209
0.333553029123761
0.258529886163915
0.181953769976159
0.104335788288301
0.0261921255103001
-0.0519610654776097
-0.129612669418425
-0.206261457657885
-0.28142072834601
-0.354622690128725
-0.42542254606169
-0.4934022393997
-0.558173828213352
-0.619382461376211
-0.676708934263741
-0.729871808422051
-0.778629085412307
-0.822779430929099
-0.862162951044794
-0.896661527967144
-0.926198727939924
-0.950739298797867
-0.970288279146474
-0.984889745121528
-0.994625224147594
-0.999611808024512
-1
-0.995971332219265
-0.987735791072971
-0.975529088496873
-0.959609817223248
-0.940256527368447
-0.917764760593509
-0.892444076434844
-0.864615103315597
-0.834606644267707
-0.802752864577451
-0.76939058547502
-0.734856704686079
-0.699485761216776
-0.663607658220631
-0.627545554262591
-0.591613929817554
-0.556116832480024
-0.521346301176643
-0.487580966718056
-0.455084823348734
-0.424106163594732
-0.394876666704376
-0.367610629352489
-0.342504326053896
-0.319735485917358
-0.299462871969041
-0.281825949279372
-0.266944628524636
-0.254919072383217
-0.245829553277123
-0.239736352386703
-0.236679691548728
