0.597003591905745
0.599209662364384
0.603564012835745
0.609952190207438
0.618205314390833
0.628103382517432
0.639379583360346
0.651725545799753
0.664797428527657
0.678222743120151
0.691607789348821
0.704545570381864
0.716624046531292
0.727434579590497
0.736580415692651
0.743685053080147
0.748400342241754
0.750414169537685
0.749457581640965
0.745311216782211
0.737810919759308
0.72685243079054
0.712395053340769
0.69446422279415
0.673152916014217
0.648621861129171
0.621098526993683
0.590874892380785
0.558304015711556
0.52379544669562
0.487809541292915
0.450850760584967
0.413460052142654
0.376206428995638
0.339677876067372
0.304471726687022
0.271184662305567
0.240402496642262
0.212689911022246
0.188580310529841
0.168565970730515
0.153088642087166
0.142530773836735
0.137207511068582
0.137359608167057
0.143147388799072
0.154645867434159
0.171841130206911
0.194628054029647
0.222809422525702
0.256096475893908
0.29411090956526
0.336388313820375
0.382383023756768
0.431474326487173
0.4829739505707
0.536134741775898
0.5901604096839
0.644216211676543
0.697440424811005
0.748956442222358
0.797885319249205
0.843358585639197
0.884531134114968
0.920593992378691
0.950786785372754
0.974409697317021
0.990834748686176
0.999516211803901
1
0.991931879144261
0.975064366638391
0.949262201378409
0.914506288523493
0.870896044822432
0.818650093428636
0.758105281231565
0.689714016383485
0.614039948532846
0.531752038912417
0.443617091496363
0.350490839568239
0.253307703876655
0.153069358761731
0.0508322609013347
-0.0523056886314268
-0.155219164738755
-0.256769925952845
-0.355821606205781
-0.451254582508147
-0.541980708363468
-0.6269577038877
-0.705202997843748
-0.775806824083087
-0.837944385106866
-0.890886908468872
-0.934011437351888
-0.966809214626669
-0.988892539782371
-1
