0.973823607681495
0.967029551021879
0.953535893265612
0.933530004572969
0.907289113078829
0.875175782819912
0.837632000503725
0.795171968291413
0.748373721071776
0.697869706087216
0.644336479919466
0.588483692474007
0.531042539478532
0.472753873937664
0.414356172816248
0.356573557859228
0.300104068851084
0.245608383778016
0.193699173339317
0.144931267169862
0.0997927961418572
0.0586974594165788
0.0219780467650195
-0.010118673640737
-0.0374356139216196
-0.059907507271984
-0.0775614911795407
-0.0905161189008686
-0.0989788107726571
-0.103241782589151
-0.103676513399054
-0.100726839264182
-0.0949007823854392
-0.0867612461675521
-0.0769157259174066
-0.0660052016383085
-0.0546923935179779
-0.0436495719766345
-0.0335461223536417
-0.0250360693256736
-0.0187457678757297
-0.0152619660323353
-0.0151204396865781
-0.0187953916387602
-0.026689795745701
-0.0391268528034945
-0.0563427078256004
-0.078480558923525
-0.105586266367938
-0.137605546938347
-0.174382813725806
-0.215661695526525
-0.261087243263727
-0.310209803921635
-0.362490515695173
-0.417308351876369
-0.473968615829987
-0.531712765657942
-0.589729425195019
-0.647166418170302
-0.703143645029724
-0.756766607327583
-0.807140372998397
-0.853383767408559
-0.894643570003725
-0.930108494704899
-0.959022734002285
-0.980698851935833
-0.994529819765485
-1
-0.996694899397382
-0.984309529350036
-0.96265523245661
-0.931664856751604
-0.891396183668485
-0.842033541976543
-0.783887567255223
-0.717393094532189
-0.643105200080801
-0.561693436610954
-0.473934333757443
-0.380702262443407
-0.282958786958516
-0.181740652049313
-0.0781465736065823
0.0266769796811686
0.131550810352727
0.235278605585855
0.336662914022074
0.43452125375926
0.527702116507185
0.615100633702354
0.695673674733591
0.76845415527749
0.832564344967501
0.887227978054179
0.931780988139892
0.965680708224997
0.988513399878399
1
