1
0.994089616903241
0.982321480146684
0.964800309957639
0.941681846072563
0.913171255772337
0.879521038978999
0.841028453737623
0.798032490703209
0.750910430202354
0.700074019984176
0.645965315860501
0.589052231014001
0.529823842783442
0.46878550818351
0.406453841256024
0.343351606561178
0.280002583690929
0.21692645761924
0.154633789001176
0.093621117208319
0.0343662469630288
-0.0226762330626783
-0.0770791543505571
-0.1284466535354
-0.176417700466106
-0.220669235859643
-0.260918889779258
-0.296927257142595
-0.328499711649733
-0.355487744850016
-0.37778982247296
-0.395351755565966
-0.408166589343886
-0.416274017898539
-0.41975933797828
-0.418751959870208
-0.413423497946273
-0.403985467619556
-0.390686619254176
-0.373809942942814
-0.353669380977589
-0.330606287266994
-0.304985674874945
-0.277192294265457
-0.24762658572297
-0.216700549785573
-0.184833579384696
-0.152448296745207
-0.11996643698507
-0.0878048187906025
-0.0563714405636343
-0.0260617380768756
0.0027449630258185
0.0296887695433705
0.054432290749995
0.0766634324974405
0.0960978953367349
0.112481360309884
0.125591349815095
0.135238754706071
0.141269022499806
0.143563005193483
0.142037468687773
0.13664526914269
0.12737520471864
0.114251554049206
0.0973333154276865
0.076713163045643
0.0525161386825088
0.0248980989997718
-0.00595605996485182
-0.0398343783796182
-0.0764999847357078
-0.115693400441613
-0.157134972612152
-0.200527410818137
-0.245558403866693
-0.291903293219236
-0.339227780399615
-0.387190646672734
-0.4354464643562
-0.483648280336064
-0.531450253663689
-0.578510230486013
-0.624492240978555
-0.669068904383173
-0.711923729676683
-0.752753300789529
-0.79126933663638
-0.827200617495689
-0.860294770469256
-0.890319907854893
-0.917066113268163
-0.940346771248753
-0.959999736882649
-0.975888342665175
-0.987902240427809
-0.995958076661299
-1
