1
0.992543380978452
0.977750709363304
0.955861093079694
0.927228164960332
0.892314140503452
0.851682047653036
0.80598625636634
0.755961463759564
0.702410316130263
0.64618987173157
0.58819712745211
0.529353848222982
0.470590949773636
0.412832693097845
0.356980952540527
0.303899818713999
0.25440079250496
0.209228817315423
0.169049383533572
0.134436922260233
0.105864684791165
0.0836962805995871
0.0681790199545986
0.0594391782726149
0.057479268293648
0.0621773736970037
0.0732885643411263
0.0904483794650732
0.113178331467277
0.140893349822467
0.172911052841771
0.208462704837774
0.246705688312809
0.286737295498094
0.32760962134484
0.368345321269669
0.407953981895035
0.445448841951284
0.479863593608224
0.510268991901893
0.535789001670111
0.5556162174926
0.569026302463396
0.575391206052631
0.574190939623884
0.565023710082479
0.547614237301888
0.521820109019963
0.487636057377777
0.445196073715561
0.39477331213477
0.336777767150537
0.271751745946993
0.200363190754156
0.123396941136067
0.0417440589725475
-0.0436106298925844
-0.131602594472624
-0.221103048933593
-0.310935562418969
-0.399893577057785
-0.486758567275357
-0.570318562111321
-0.649386745146498
-0.722819843971847
-0.789536022953912
-0.848531999345566
-0.898899113472462
-0.939838098639351
-0.970672315324747
-0.990859236882383
-1
-0.997846862182965
-0.984308440087496
-0.95945263614084
-0.923507196035622
-0.876857875829815
-0.820044233963174
-0.753753099948402
-0.678809807245013
-0.59616731231997
-0.506893354604421
-0.412155842460434
-0.313206677900259
-0.211364257221231
-0.107994905548656
-0.00449352018929849
0.0977362895777871
0.197302270310943
0.292843500041646
0.383049972737211
0.466681497947623
0.542585631852982
0.6097143701429
0.667139351513992
0.714065342786878
0.749841802380096
0.773972347740524
0.786121983875459
