-0.565400262950372
-0.556796202669216
-0.539689436555902
-0.514281297382079
-0.480870364194582
-0.439848414449955
-0.391695119721876
-0.336971562757033
-0.276312670857178
-0.210418676323913
-0.140045728779569
-0.0659957963598075
0.0108939971221471
0.0897624440645735
0.169735573515399
0.249938056552611
0.329504532367327
0.40759069265202
0.483383966180428
0.556113652121119
0.625060359546591
0.689564621642486
0.749034566112848
0.802952538013488
0.850880587495985
0.892464752456323
0.927438084582396
0.955622386496489
0.97692864729534
0.991356183498527
0.998990511922225
1
0.99463135728394
0.983204049000006
0.966103728339999
0.943774798409673
0.916712227203709
0.885452749457707
0.850565597579991
0.812642909970875
0.772289968808066
0.730115420765048
0.686721633122652
0.642695334358328
0.598598682615321
0.55496089756368
0.512270581199426
0.470968841252276
0.431443317280303
0.394023194442632
0.358975273602045
0.326501149080781
0.296735527351936
0.269745701483215
0.24553217755281
0.224030430823177
0.205113751478692
0.188597122490338
0.174242055935296
0.161762299125168
0.150830308416548
0.141084376800357
0.1321362914727
0.12357938973062
0.114996875828743
0.105970257960791
0.0960877633407113
0.0849525904628865
0.0721908609938904
0.0574591393280843
0.0404513955292967
0.0209052970508798
-0.00139227388474406
-0.026600567248347
-0.0548212519785251
-0.0860957023330055
-0.120403326955182
-0.15766096651934
-0.197723368173486
-0.24038472727015
-0.285381269348992
-0.33239482829291
-0.381057360295691
-0.43095631801535
-0.48164079528798
-0.532628340265773
-0.583412324019782
-0.633469742685014
-0.682269324264579
-0.729279806360814
-0.773978248439661
-0.815858241800778
-0.854437882224032
-0.889267374261469
-0.919936142275897
-0.94607933149109
-0.967383592380701
-0.98359205351848
-0.994508401349141
-1
