1
0.986699065758795
0.960298054279549
0.92119555265771
0.869981673293863
0.807428868528528
0.734479908730539
0.652233212339314
0.561925757865788
0.464913845744685
0.362652011606511
0.256670421471895
0.148551103109141
0.0399033859651921
-0.0676610656043432
-0.172553234811946
-0.27323135950375
-0.368224778717809
-0.4561566457109
-0.535765152360711
-0.60592293335731
-0.66565434730998
-0.714150365360108
-0.750780835580348
-0.775103932760813
-0.786872647483624
-0.786038214969913
-0.77275043231475
-0.747354861647623
-0.710386965698744
-0.662563270444392
-0.604769696189185
-0.538047242885203
-0.463575256988229
-0.382652545057426
-0.296676633020841
-0.207121499025497
-0.115514131612299
-0.023410283229073
0.0676301984663956
0.156068072651469
0.240409051587624
0.319227407776636
0.391188470610893
0.455069658834881
0.50977971843041
0.554375864029853
0.588078555198966
0.610283676388039
0.620571930435418
0.618715299571842
0.604680474221785
0.578629197797499
0.540915524376852
0.492080034879086
0.432841105334821
0.364083367331371
0.286843544968886
0.202293893989643
0.111723506490732
0.0165177782050341
-0.0818636357916943
-0.18191002737303
-0.282083635890586
-0.380844062802455
-0.476672713898445
-0.568096882359386
-0.653713091737032
-0.732209329804984
-0.802385821920969
-0.863174015775582
-0.913653477814031
-0.953066434755528
-0.980829730975065
-0.99654401346387
-1
-0.991181732345015
-0.97026676400648
-0.937623280614884
-0.893804199490909
-0.839538342758276
-0.775718824633781
-0.703388837568726
-0.62372506302941
-0.538018970239224
-0.447656299568963
-0.354095055928418
-0.258842361028868
-0.163430531381932
-0.0693927610914502
0.0217612053100416
0.108569024627607
0.189638952013822
0.263671915855934
0.329482120976005
0.386015853909072
0.432368192511991
0.46779735535074
0.491736463691609
0.503802529890934
