-0.0111831234330791
-0.00245394762347595
0.014857577524636
0.0404601139444238
0.0739224053628298
0.114680077053631
0.162044535148547
0.215213825725484
0.273285283115521
0.335269768774531
0.400107277093145
0.466683663062445
0.533848229109634
0.600431894944293
0.665265665123384
0.727199104394858
0.785118530788399
0.837964640888156
0.884749290675624
0.9245711686296
0.956630115204584
0.980239864104343
0.994839005587885
1
0.995436100367343
0.981006075761347
0.956716661683601
0.922722699433888
0.879324962713978
0.826965706030323
0.76622200521501
0.697796995024062
0.622509141751005
0.541279719592904
0.455118687641986
0.365109189406442
0.272390918296226
0.178142610205709
0.0835639379077737
-0.0101429087691549
-0.101791668222817
-0.190230188816261
-0.274358062376256
-0.353143433532661
-0.425638722097155
-0.490995012925101
-0.548474888805325
-0.597463506545216
-0.63747774417388
-0.668173277635411
-0.689349478007101
-0.700952054637994
-0.703073405119615
-0.695950669112652
-0.679961519191766
-0.655617757465635
-0.623556821220286
-0.584531333677221
-0.539396866636912
-0.489098109809979
-0.434653666581968
-0.377139717421049
-0.317672809784141
-0.257392046929226
-0.197440957287959
-0.138949330849075
-0.0830153092757741
-0.030688012226899
0.0170490263585696
0.0592933512820861
0.0952377648174842
0.124182968536216
0.145548470088375
0.158881584399312
0.163864389018653
0.160318525835827
0.148207775539785
0.127638366510065
0.0988570157232436
0.0622467351755929
0.0183204726916941
-0.0322873097490444
-0.0888309844219192
-0.150465866805538
-0.216261891065708
-0.285218633346933
-0.356281442893201
-0.428358423577412
-0.500337995059683
-0.571106753729377
-0.639567348956217
-0.704656090054761
-0.765360003754772
-0.820733070797231
-0.869911383401653
-0.912126982566369
-0.946720155196648
-0.973149995572441
-0.991003063279769
-1
