0.878162636438888
0.876562259987294
0.873403760663787
0.868770752419585
0.86278643925986
0.855610999742675
0.847438173509223
0.838491111552251
0.82901756537986
0.819284502412115
0.809572245650756
0.800168244704605
0.791360592478876
0.783431407119448
0.776650202048758
0.771267368077455
0.767507890598939
0.76556542178092
0.765596822502736
0.767717281627065
0.771996111150787
0.778453304994249
0.787056936832373
0.797721458642672
0.810306946765244
0.82461932647885
0.840411589651936
0.8573860031961
0.875197289107982
0.893456740112578
0.911737218593854
0.929578970888671
0.946496174388319
0.961984121484788
0.975526932443887
0.986605678989909
0.994706791926132
0.999330619642915
1
0.996268705898055
0.987729624927841
0.974022535819215
0.954841348985943
0.929940685219249
0.89914167543142
0.862336875164761
0.819494200202866
0.770659803863089
0.71595983219677
0.655601010139372
0.5898700293784
0.519131727069166
0.443826063241917
0.36446392351618
0.281621792274476
0.195935359454988
0.108092141315276
0.0188232116217757
-0.0711058455265283
-0.160904636866769
-0.249768179398995
-0.336887492969367
-0.421460413692418
-0.502702470957118
-0.579857668192596
-0.652209007423922
-0.719088599943883
-0.779887210142683
-0.834063086615746
-0.881149944015624
-0.920763970596831
-0.952609749858338
-0.976484999922312
-0.992284051076194
-1
-0.999725498332747
-0.991652153114636
-0.976068536976385
-0.953356826426838
-0.923988106904623
-0.888516403100298
-0.847571512119808
-0.801850735056398
-0.752109619190467
-0.699151838088579
-0.643818350091459
-0.58697598686082
-0.529505632621484
-0.4722901613471
-0.416202303288646
-0.362092613866247
-0.310777717006144
-0.263028991514346
-0.219561863083819
-0.181025856118299
-0.147995548845227
-0.120962562339906
-0.100328699282788
-0.0864003317412269
-0.0793841192522252
