1
0.9979308882093
0.993834855612383
0.987795383282238
0.979935457269088
0.970414932348832
0.959427093532689
0.947194479225854
0.933964043810865
0.920001749980633
0.905586692138635
0.891004861427332
0.876542670277094
0.862480359655118
0.849085415339331
0.836606120483872
0.825265370455023
0.815254872411155
0.806729846426065
0.799804337197383
0.794547235660494
0.790979098297386
0.789069838772921
0.788737351960545
0.789847114671755
0.792212790736064
0.795597850764376
0.799718199254671
0.804245783957918
0.808813144910467
0.813018843550886
0.816433696161508
0.818607720783567
0.819077693009266
0.817375193893707
0.813035022869115
0.805603840170166
0.794648897048274
0.779766708086469
0.760591518311069
0.736803418580432
0.70813596592482
0.674383171086148
0.635405723394994
0.591136333219764
0.541584084388202
0.48683770303935
0.427067665107595
0.362527081834614
0.293551321089462
0.220556341571192
0.14403573687459
0.0645565066087681
-0.0172464080458216
-0.100676767092269
-0.184984776317275
-0.2693758390072
-0.353020203037619
-0.435063376106963
-0.514637168179371
-0.590871208507102
-0.66290477511788
-0.72989876754381
-0.791047648966204
-0.845591181947267
-0.892825782567747
-0.932115321101206
-0.962901203301677
-0.9847115748919
-0.997169502804502
-1
-0.993035776078901
-0.976221613202352
-0.949617285788176
-0.913398962781728
-0.86785905271602
-0.813404473957321
-0.750553355152021
-0.679930193610686
-0.60225952184558
-0.518358154380389
-0.429126107944372
-0.335536307929252
-0.238623212224546
-0.139470499976416
-0.0391979871834816
0.0610520568724027
0.160129008750868
0.256888214937445
0.350205346044551
0.43899058484974
0.52220245329759
0.598861087826674
0.668060779393065
0.728981604250152
0.780899983774447
0.823198026223365
0.855371520062884
0.877036467166921
0.887934064494126
