-0.56882689390493
-0.560818635262666
-0.544908623821895
-0.521308464433385
-0.490332066621566
-0.452391501156861
-0.407991564446201
-0.357723125346872
-0.302255345630395
-0.242326880636056
-0.178736180439802
-0.112331023928086
-0.0439974283379891
0.0253519150373238
0.0947895222866693
0.163385155004971
0.230217853152471
0.294387801491085
0.355027871499534
0.411314685941918
0.462479060665291
0.507815687614203
0.546691934328405
0.578555648161604
0.602941867927719
0.619478361428644
0.627889924108684
0.628001391665736
0.619739337567799
0.603132444809002
0.578310559622945
0.54550245298552
0.505032333322732
0.457315170639375
0.402850908062882
0.34221765133138
0.276063939844182
0.205100214357803
0.130089606098064
0.051838179843595
-0.0288152306778
-0.11100945301582
-0.19387152815774
-0.276527241405244
-0.358111491292937
-0.437778360422389
-0.514710758550974
-0.588129516537501
-0.657301819661243
-0.721548880228465
-0.780252762070659
-0.832862283313625
-0.878897938433656
-0.91795579588294
-0.949710343220322
-0.973916267481416
-0.990409174220136
-0.999105264012359
-1
-0.993165814050143
-0.978748912103533
-0.956965251102447
-0.928095770352961
-0.892480969147476
-0.850514929831936
-0.802638891157195
-0.74933448064249
-0.691116716766727
-0.628526892085613
-0.56212544687354
-0.49248493966142
-0.420183216165239
-0.3457968716808
-0.269895094187869
-0.193033966312849
-0.115751294113808
-0.0385620195614741
0.0380457382059995
0.113613980069117
0.187717442342862
0.259965522849805
0.330003522564837
0.397513219869364
0.462212806009453
0.523856221150464
0.582231940282749
0.637161266999201
0.688496200695973
0.736116948924889
0.779929161356529
0.819860965028529
0.855859882213057
0.887889712326169
0.915927457832954
0.939960371115736
0.959983194834194
0.97599566250707
0.988000318999362
0.996000712442241
1
