-1
-0.992638302877305
-0.977976745501445
-0.956138336334174
-0.927305933244369
-0.891720281038525
-0.849677433354709
-0.80152559125218
-0.747661398067674
-0.688525736803355
-0.624599082369603
-0.556396466346103
-0.484462116475805
-0.409363836808013
-0.331687197211633
-0.252029602852519
-0.170994315148734
-0.0891844956767381
-0.00719734350620194
0.0743816054888042
0.154983951626028
0.234063614689635
0.311101669939152
0.385610784522492
0.457139207826273
0.52527427572196
0.589645395558122
0.649926486005863
0.705837853380356
0.757147493727537
0.803671817671232
0.845275802652602
0.881872584652938
0.913422508668376
0.939931664001864
0.96144993676125
0.978068617717782
0.989917608811251
0.997162276020834
1
0.998656478757065
0.993381838719685
0.98444661173408
0.972137635913283
0.956753937771055
0.938602651779696
0.917995031403515
0.89524260282902
0.870653509092877
0.844529088163787
0.817160723837837
0.788827003139288
0.759791208366865
0.73029916608108
0.700577469285574
0.670832082911579
0.641247336566108
0.611985302446869
0.583185550452884
0.554965266918004
0.527419718147762
0.500623035124694
0.474629291431468
0.4494738426843
0.4251748926208
0.401735248485493
0.379144226531091
0.357379667320755
0.336410020081501
0.316196455615348
0.296694968205496
0.277858428531529
0.259638551791998
0.241987747976704
0.224860824478108
0.208216514917222
0.192018812113422
0.176238087473887
0.160851983636815
0.14584607189076
0.13121427062649
0.116959025774286
0.103091258756542
0.0896300918640021
0.0766023650691561
0.064041962053172
0.0519889665804292
0.040488673252538
0.0295904790649806
0.0193466840371559
0.00981123046319454
0.00103841101927316
-0.00691842394336228
-0.0140081300879654
-0.0201829750070799
-0.025399759231818
-0.0296208273498514
-0.0328149468664356
-0.0349580354866966
-0.036033720906283
