-0.35141301483752
-0.346799549764118
-0.337611297447464
-0.323925157271004
-0.305855344152143
-0.283552045749121
-0.257199662098508
-0.227014652829513
-0.193243022658238
-0.156157480952406
-0.11605431569742
-0.0732500261188876
-0.0280777614658331
0.0191163840162925
0.0679771681302952
0.118144037020903
0.169254947773011
0.220950124995799
0.272875700489466
0.324687187272716
0.376052742160566
0.426656174676556
0.476199664303147
0.524406152851834
0.571021383994164
0.615815567653051
0.65858465292127
0.699151199356321
0.737364842801017
0.773102358197836
0.806267328103487
0.836789431670392
0.864623374649391
0.88974748639266
0.912162014813343
0.93188715471168
0.948960848737713
0.963436403468935
0.975379965588617
0.984867904919566
0.991984152072745
0.996817538697027
0.999459187763864
1
0.998528280515727
0.995127546900528
0.989874556618653
0.982837587490867
0.974075000461702
0.963634108798843
0.951550372435059
0.937846930431486
0.922534478607052
0.905611493338257
0.887064796484238
0.866870450431498
0.844994966477396
0.821396804274462
0.796028134927783
0.768836835657864
0.739768679787261
0.708769682248162
0.675788557897787
0.640779247716509
0.603703466486131
0.564533224827592
0.523253278530861
0.479863458935217
0.434380839703441
0.386841697654337
0.337303228338676
0.285844980716971
0.232569979565826
0.177605509036137
0.121103536035525
0.0632407577263268
0.00421826333069952
-0.0557391934775088
-0.116384309134657
-0.177448723069962
-0.238644874206423
-0.299668200508464
-0.360199655429421
-0.419908509919004
-0.478455403923185
-0.53549560712187
-0.590682445070536
-0.643670843998165
-0.694120945312422
-0.741701739410194
-0.786094667711406
-0.826997141938652
-0.864125930554351
-0.897220363928274
-0.926045312216771
-0.95039389305429
-0.970089869940345
-0.98498970659279
-0.994984247463562
-1
