1
0.992835118751518
0.978605342981638
0.95750908785426
0.929840104961526
0.895982905352909
0.85640676977233
0.811658440548669
0.762353610369113
0.709167342129734
0.652823570904161
0.594083853533197
0.533735543187407
0.47257957530401
0.411418057405869
0.35104185837764
0.292218392753657
0.235679792464207
0.1821116523405
0.132142526590774
0.0863343415741251
0.0451738757022382
0.00906544042119672
-0.0216751227677766
-0.0468250350985113
-0.0662576912865804
-0.0799442398087151
-0.0879536084868711
-0.0904509757276162
-0.0876947123411772
-0.0800318430450491
-0.0678921001626694
-0.0517806642886175
-0.0322697074565113
-0.00998887328620002
0.0143851545962956
0.0401398301450986
0.0665384909559374
0.0928324862657395
0.118273494294189
0.142125833314765
0.16367857091728
0.182257239088599
0.197234968943429
0.208042868085418
0.214179475526202
0.215219143648474
0.210819213639052
0.20072586987239
0.184778579593584
0.162913046603487
0.135162631134581
0.10165821235422
0.0626264945591368
0.0183867827431179
-0.0306537225600547
-0.0840060378163443
-0.141106820782084
-0.201326990126269
-0.263981405008542
-0.328339452410348
-0.393636375586434
-0.459085165198082
-0.523888825695038
-0.587252823472776
-0.648397520341404
-0.70657039595027
-0.76105786601728
-0.811196509464238
-0.856383526761668
-0.896086263794011
-0.929850650180446
-0.957308417997984
-0.978182985984394
-0.992293915248065
-0.999559864950337
-1
-0.993733827138445
-0.98097946051398
-0.962050342555917
-0.937350470273758
-0.907368200641278
-0.872668731108448
-0.833885372163508
-0.791709747913623
-0.746881077565565
-0.700174705200619
-0.652390057121839
-0.604338215119107
-0.556829300104978
-0.510659863625523
-0.466600484696644
-0.425383766258196
-0.387692919324882
-0.354151113741723
-0.325311762467018
-0.301649891695218
-0.283554732125959
-0.271323647550756
-0.26515749596673
