1
0.989146661034751
0.967589199199162
0.93562389594985
0.893689828555725
0.842362545081697
0.782345777725485
0.714461317374071
0.639637199428491
0.558894375851803
0.473332070648621
0.3841120352499
0.292441936264028
0.19955812052555
0.106708011140834
0.0151323931676233
-0.0739521513966729
-0.159370402514416
-0.240005004821277
-0.314812074559294
-0.38283568519602
-0.443221023617921
-0.495226029295444
-0.538231352094312
-0.571748490090925
-0.595425996441457
-0.609053673626302
-0.612564703792762
-0.606035694981574
-0.589684654270439
-0.56386692982178
-0.529069194009893
-0.485901568765026
-0.435088021569299
-0.377455185759378
-0.313919781554335
-0.245474834194068
-0.173174902448354
-0.0981205442919733
-0.0214422565430982
0.0557158684090262
0.132212523086569
0.206925358118319
0.278766708595084
0.34669864262589
0.409747113226764
0.467015010059083
0.517693925959134
0.561074474363469
0.59655501729333
0.623648689136935
0.641988628651966
0.651331359969675
0.651558292467498
0.642675338730115
0.624810678978361
0.598210728854988
0.563234394871832
0.520345727719143
0.470105107615259
0.413159117565669
0.350229279474891
0.28209984422499
0.209604839860846
0.133614591714917
0.0550219345274334
-0.0252716607085417
-0.106369823347443
-0.187394665746524
-0.267499602475236
-0.345881407772786
-0.421791327252231
-0.494545077017348
-0.563531583099627
-0.628220336106708
-0.688167259835061
-0.743019017944611
-0.792515709204956
-0.836491928869356
-0.874876200972884
-0.907688813342213
-0.935038113409161
-0.95711534811334
-0.974188154855423
-0.986592832241388
-0.994725538891543
-0.999032585564812
-1
-0.998142554979005
-0.993992457999737
-0.98808790548905
-0.980961705622938
-0.973130171542668
-0.965082481107374
-0.957270690406095
-0.950100576219146
-0.94392346767402
-0.939029209736132
-0.935640381204006
-0.933907867874784
