0.812417587301466
0.813645936634732
0.816042843356318
0.819489983288508
0.82381299681828
0.828785177907526
0.83413228895415
0.83953841477174
0.844652750048416
0.849097197522163
0.852474639061652
0.854377729125717
0.854398049910236
0.852135460055623
0.847207464213944
0.839258429147424
0.82796847338692
0.813061861807776
0.794314743720263
0.771562083113372
0.744703642378402
0.713708895972844
0.678620767825031
0.63955810554817
0.596716825418468
0.550369684238081
0.500864657289302
0.448621925214908
0.394129496443613
0.337937515327741
0.280651329082954
0.222923408536261
0.165444238232143
0.108932310271458
0.0541233730442812
0.00175910047758054
-0.0474246407003711
-0.0927097390864496
-0.133407809395339
-0.168871990140724
-0.198508372525621
-0.221786868133812
-0.238251329429768
-0.247528746554333
-0.249337356318755
-0.243493514473552
-0.229917200039623
-0.208636040473316
-0.179787768393926
-0.143621044197057
-0.100494603748438
-0.0508747161159132
0.00466903744828207
0.0654696257275966
0.130770007414378
0.199732059829671
0.271446883571944
0.344946347598177
0.419215718557845
0.493207199749789
0.565854189156697
0.636086052896861
0.702843200340888
0.765092240248429
0.821840993714821
0.872153139556059
0.915162271027061
0.950085149433629
0.976233950180955
0.993027309967603
1
0.996811069038101
0.983250321513759
0.959243019575387
0.924852723356961
0.880282210667735
0.825872445249015
0.762099591325846
0.689570100963379
0.609013929284091
0.521275960479047
0.427305754329299
0.328145748232313
0.22491807311544
0.118810162753419
0.0110593545630429
-0.0970633043631135
-0.204269819646067
-0.309272344830592
-0.4108003680098
-0.507617746210299
-0.598539345236112
-0.682447047608797
-0.758304899701323
-0.825173181024202
-0.882221193712126
-0.928738588357204
-0.964145063173612
-0.987998296749552
-1
