0.0335162443736317
0.0369533631752303
0.0437797660881289
0.0539005948343523
0.0671755759383175
0.0834213990030772
0.102414824339825
0.123896466958534
0.147575192347859
0.173133048964977
0.20023065309611
0.228512933891259
0.257615140054227
0.287169004988727
0.316808964243617
0.346178317917537
0.374935231298848
0.402758469424797
0.429352765409008
0.454453728244515
0.4778322032488
0.499298007259266
0.518702970969478
0.535943232253353
0.550960736771467
0.563743915389544
0.574327521749135
0.582791627489655
0.589259786898144
0.593896396924381
0.596903292311463
0.598515628827736
0.598997120025336
0.598634704386418
0.597732729958148
0.596606752448598
0.595577050105578
0.594961964401439
0.595071179496641
0.596199055579637
0.598618131434838
0.60257290995921
0.608274036846113
0.615892977327656
0.625557288788419
0.637346578337085
0.651289224177929
0.667359928016086
0.685478152936111
0.705507487409711
0.727255961529227
0.750477326455592
0.774873292650187
0.800096706972028
0.825755633410743
0.851418287335327
0.876618758907305
0.900863447963712
0.923638120436501
0.94441548544076
0.962663182714728
0.977852062288227
0.98946463222581
0.997003546142447
1
0.998021907508725
0.990681725295165
0.977643802840382
0.958631137993305
0.933431426545382
0.901902303807316
0.863975687221292
0.819661141611281
0.76904820253523
0.712307608150431
0.649691405814072
0.581531916077632
0.508239553548264
0.430299521028221
0.348267410146968
0.262763758113727
0.1744676259895
0.0841092787648574
-0.00753793869641695
-0.0996664233406048
-0.19144371579994
-0.2820223557906
-0.370550056962435
-0.456180061684196
-0.538081532844666
-0.615449838446298
-0.687516585589499
-0.753559263385648
-0.812910359356252
-0.864965820903827
-0.909192742375528
-0.94513616895315
-0.972424920934995
-0.990776355744199
-1
