0.0389124079601051
0.0421833974184789
0.0487103065532177
0.058462871825629
0.071395393095194
0.0874463820043769
0.106538116475954
0.128576120671329
0.153448593811435
0.18102581481322
0.211159552664291
0.243682514776824
0.278407867171617
0.315128861199665
0.353618601581002
0.393629989812469
0.434895875466008
0.477129445580479
0.520024879271215
0.563258290885382
0.606488980574284
0.64936100610584
0.691505084182976
0.732540823558874
0.772079285949133
0.809725864242548
0.845083460920871
0.877755943031522
0.907351843635622
0.933488273496528
0.95579500099832
0.973918653002324
0.987526984669271
0.996313162293295
1
0.998344088830943
0.991139755334746
0.978222786359991
0.959473857331119
0.934821602903753
0.904245271541454
0.867776909216483
0.825503022080265
0.777565673525971
0.724162977511079
0.665548957241756
0.602032746249205
0.533977117403656
0.461796334396253
0.385953329544652
0.30695622130936
0.225354194503544
0.141732775694509
0.0567085455847329
-0.0290766609209335
-0.114962007848675
-0.200274297618273
-0.284334922981667
-0.366467051497683
-0.446002957518239
-0.522291412671584
-0.594705043011453
-0.662647559419383
-0.725560767544583
-0.782931264567598
-0.834296732386873
-0.879251740438541
-0.917452976237132
-0.94862382781709
-0.972558249492379
-0.989123850646515
-0.998264156514263
-1
-0.994430014363824
-0.981730207950941
-0.962152613888922
-0.936023019670185
-0.903737793607385
-0.865759837128647
-0.822613703598892
-0.774879935646268
-0.723188683677281
-0.668212678225937
-0.610659637856008
-0.55126420238814
-0.490779488135039
-0.429968367494477
-0.369594579584103
-0.310413781535598
-0.253164651549525
-0.198560154817647
-0.147279081938746
-0.0999579665003626
-0.0571834841065761
-0.0194854293555913
0.0126696398148232
0.0388840092981251
0.0588335957977482
0.0722718522922325
0.0790327418903092
