-0.979509886842979
-0.968813191556545
-0.947573268697602
-0.91609464491963
-0.874828126595628
-0.824363726200674
-0.765421406856067
-0.698839792315763
-0.625563022056298
-0.546625960655881
-0.463137996847135
-0.376265690084129
-0.287214540820427
-0.197210174658106
-0.107479239875449
-0.0192303224233387
0.0663648177766556
0.148189390493273
0.22519880991751
0.296436746030775
0.36104973700228
0.41830012991314
0.467577143723715
0.508405878312773
0.540454126148441
0.563536878182881
0.577618452339679
0.582812210901761
0.57937787160604
0.567716455697807
0.548362953982141
0.521976828430881
0.489330501580886
0.45129601824043
0.408830093391236
0.362957786165149
0.314755061971511
0.265330522898388
0.215806600117822
0.167300510972489
0.120905287562147
0.0776711829129746
0.0385877552081
0.00456692016747251
-0.023572753350544
-0.0451202488616346
-0.0594845767155372
-0.0662053125564888
-0.0649610253511395
-0.0555754538803305
-0.0380213262112891
-0.0124217540166957
0.0209508279022816
0.0616781675079545
0.10920209851139
0.162832753887596
0.221758966419824
0.285060697724382
0.351723304605112
0.420653421948016
0.490696215163116
0.560653732830472
0.629304072068037
0.695421055502262
0.757794109809032
0.81524803174935
0.866662328521335
0.910989825080022
0.947274241753879
0.974666460850342
0.992439220756547
1
0.996901881466201
0.982852218045237
0.957718954913475
0.921534499920503
0.874497071579436
0.816969493356053
0.749475442706058
0.672693202997482
0.587447005455049
0.494696085963877
0.39552161737925
0.291111711345398
0.182744714004708
0.0717710469017852
-0.0404061325698746
-0.152351158030647
-0.262616660879256
-0.369764640058287
-0.472387473345537
-0.569128549114906
-0.65870220291945
-0.739912653566674
-0.811671648423983
-0.873014547277542
-0.923114597867325
-0.961295183865219
-0.987039857122045
-1
