0.419537964461012
0.420268289101562
0.421726470511618
0.423907623111229
0.426804542518422
0.430407850396231
0.434706181107771
0.439686404808057
0.44533388047715
0.451632731415013
0.458566134896322
0.466116617042547
0.474266343524751
0.482997396475854
0.492292027973794
0.502132880661232
0.512503166493048
0.523386795245633
0.534768445273338
0.546633570044736
0.558968335218295
0.571759482403273
0.584994117273875
0.598659421336514
0.612742288362407
0.627228888259968
0.642104162940917
0.657351260497481
0.672950915721631
0.688880786627512
0.705114758152197
0.721622225576359
0.738367371395777
0.755308450359886
0.772397098150726
0.789577679684098
0.806786693257626
0.823952246735258
0.840993621636226
0.857820940385344
0.87433495108186
0.890426942962264
0.905978804279435
0.920863232612064
0.934944105674781
0.948077018545514
0.960109990890825
0.970884345284741
0.980235755116959
0.987995457910561
0.993991627157171
0.998050893070542
1
0.999667585675391
0.996886065017199
0.991493598979933
0.983336126842751
0.972269438554985
0.958161262219165
0.940893340580184
0.920363469511868
0.896487470972701
0.869201072756699
0.838461667604393
0.804249924867688
0.766571228940788
0.725456920071042
0.680965314936768
0.633182486506189
0.582222785149612
0.528229085737809
0.471372748490156
0.411853284599151
0.349897721112274
0.285759663153095
0.219718055263918
0.152075647402759
0.0831571748773789
0.0133072651972499
-0.057111911580442
-0.127723228992691
-0.198137403542218
-0.267955981048607
-0.336774481028595
-0.404185667786136
-0.469782914890483
-0.533163628115673
-0.593932690732642
-0.65170589430554
-0.706113317860497
-0.756802618475533
-0.803442196985826
-0.845724203603917
-0.88336734980812
-0.916119494836665
-0.943759977516176
-0.966101666921622
-0.982992708476109
-0.994317945513393
-1
