-0.992265462568359
-0.99275544356866
-0.99368596362779
-0.994959193598198
-0.996431007710395
-0.99791407254977
-0.999181879030092
-0.999973644959002
-1
-0.998949350529426
-0.996494809308104
-0.992301564250133
-0.986034552058339
-0.977366296254959
-0.965984765277998
-0.951601104909871
-0.933957100386897
-0.912832227096409
-0.888050154752452
-0.859484578260965
-0.827064259012193
-0.790777172906225
-0.750673675827559
-0.706868613306073
-0.65954231847719
-0.608940460902665
-0.555372728036159
-0.499210340801452
-0.440882424574024
-0.380871276493365
-0.31970658915996
-0.257958709070532
-0.196231025312931
-0.135151599790071
-0.0753641643042406
-0.017518621968695
0.037738799587625
0.089775588071028
0.137983019047016
0.181786098078826
0.220653209363127
0.254105310322566
0.28172451680534
0.303161931281161
0.318144576605012
0.326481310399577
0.328067609701447
0.322889132007615
0.311023976998776
0.292643592728077
0.268012290648925
0.237485355195025
0.201505755388356
0.160599487796186
0.11536960174321
0.0664889786685721
0.0146919575667488
-0.0392350827543557
-0.094464056627212
-0.150136276318276
-0.205374171976261
-0.259293459045618
-0.31101557694582
-0.359680216948869
-0.404457754068315
-0.444561397467623
-0.479258876425378
-0.507883484237064
-0.529844310521572
-0.544635503126115
-0.551844414035433
-0.551158499200463
-0.542370859782353
-0.52538433170108
-0.500214051296448
-0.46698844704065
-0.425948630253952
-0.377446181321579
-0.321939351634429
-0.259987725018821
-0.192245405422466
-0.119452819734187
-0.0424272454946931
0.0379478074156709
0.120734214547034
0.204951692183188
0.289590915252103
0.373627112478977
0.456033945704525
0.535797475429049
0.611930012710965
0.68348365858301
0.749563336140806
0.809339127352616
0.862057736337382
0.907052913219111
0.943754687507395
0.97169727705645
0.990525557763814
1
