1
0.993122046366925
0.979460500474587
0.959202590447081
0.932625445876649
0.900091709430136
0.862043795714523
0.818996889471689
0.771530795402185
0.720280770354049
0.665927484960889
0.609186275812064
0.550795860662632
0.491506697858485
0.432069176923417
0.373221830036356
0.31567975387285
0.260123427997679
0.207188109725914
0.157453976216236
0.111437172666999
0.0695819110403963
0.0322537469717905
-0.000265856304550005
-0.0277835887665783
-0.0501969129222797
-0.0674951985026127
-0.0797593532114901
-0.0871599543640164
-0.0899539103447707
-0.0884797044856106
-0.083151296819674
-0.0744507808499359
-0.0629199126301118
-0.049150647770043
-0.0337748381530872
-0.017453253929261
-0.000864107502587363
0.0153087354167398
0.0303876672118333
0.0437131793432997
0.0546554407395552
0.0626254251685219
0.0670854059302102
0.0675586458816941
0.06363812323674
0.0549941485790852
0.0413807458573454
0.0226406895198838
-0.00129088890420859
-0.0303843888986293
-0.0645151642049064
-0.103464497354502
-0.146922116968063
-0.194490224721968
-0.245688974766635
-0.299963325111593
-0.356691158438234
-0.415192549312824
-0.474740036176081
-0.53456974007817
-0.593893158172071
-0.651909448698484
-0.707818015774177
-0.760831196871006
-0.810186853535431
-0.855160666690694
-0.895077941779147
-0.929324735984586
-0.957358129719718
-0.978715477321207
-0.993022487268873
-1
-0.999469351250163
-0.991356230510905
-0.975692967315801
-0.952619202290548
-0.922380924852367
-0.885327884730467
-0.841909409707692
-0.792668686759752
-0.738235587705065
-0.679318143200466
-0.616692790069793
-0.551193536201766
-0.48370020429824
-0.415125930325645
-0.34640410439141
-0.278474950745833
-0.212271949555335
-0.148708305910082
-0.0886636711708665
-0.0329713182298041
0.0175940343905727
0.0623275643439498
0.100604680455552
0.131890193405158
0.155746182254937
0.171838436806273
0.179941377458704
