0.778944238178124
0.767945568402
0.746129934818097
0.713857833507888
0.671662765192958
0.620242671888484
0.560448731484727
0.493271687969534
0.41982593410828
0.34133159907499
0.259094925215872
0.17448724532296
0.0889228940712572
0.00383640427503873
-0.0793406499211149
-0.159202795065224
-0.234393417863037
-0.303626780208209
-0.365708939517495
-0.41955724126805
-0.464218073060935
-0.498882596878465
-0.522900208032199
-0.535789505111349
-0.537246594473408
-0.527150594851196
-0.505566251820198
-0.472743617480266
-0.429114797036791
-0.375287810287289
-0.312037661598863
-0.240294756080925
-0.161130841619251
-0.0757426955795719
0.0145661893068425
0.108405633660545
0.204320201359281
0.3008116949491
0.39636236389645
0.489458461587692
0.578613781288669
0.662392801409143
0.739433076374018
0.80846652109256
0.86833925425502
0.918029688202496
0.956664580556422
0.983532794727222
0.99809655234467
1
0.989074954842143
0.965343737863792
0.929019049449709
0.880500888219189
0.8203705606451
0.749381874641357
0.668449654559063
0.578635757121326
0.481132807094888
0.37724590732416
0.268372609575388
0.155981459954026
0.0415894550361595
-0.0732612380574609
-0.187026932888278
-0.298186075684548
-0.405262527586701
-0.506848112534726
-0.601624077796542
-0.688381131310731
-0.766037742477299
-0.833656420422418
-0.890457715655915
-0.935831726930741
-0.9693469344364
-0.990756222593481
-1
-0.997206369814351
-0.982688350323388
-0.956938191905364
-0.920618882323756
-0.87455297655884
-0.819708929501499
-0.757185149134363
-0.688192023689677
-0.614032208136056
-0.53607948270547
-0.455756518596224
-0.374511903124241
-0.293796788173464
-0.21504153163463
-0.139632701528055
-0.0688908066806085
-0.00404910626196431
0.0537661666371232
0.103553854610918
0.144453913298147
0.175761182908287
0.19693667617241
0.207616204254802
