-0.321961281201732
-0.320022000215735
-0.316125049085881
-0.31023432790296
-0.302297368991501
-0.292247317062029
-0.280005506020447
-0.265484579542947
-0.248592091080723
-0.229234508656605
-0.207321540841083
-0.18277069281129
-0.155511955541641
-0.125492527059833
-0.0926814624085082
-0.0570741485319687
-0.0186965017782227
0.0223912109433588
0.0660910211240373
0.112264464569671
0.160730422503544
0.21126366598174
0.26359416027456
0.317407173225243
0.372344217988527
0.428004846199642
0.483949292766384
0.539701958360281
0.594755700561057
0.648576889737015
0.700611171375902
0.75028986296317
0.797036900873861
0.840276241322624
0.879439609407849
0.913974481873144
0.943352182550288
0.967075964673341
0.984688951464666
0.995781805660169
1
0.99705056416576
0.986708189165728
0.968820577691655
0.943312938397964
0.910191533258448
0.869546199979502
0.821551785707451
0.766468443751688
0.704640761524188
0.636495705121439
0.562539383684377
0.483352654593328
0.39958560841042
0.311950989991941
0.221216629081841
0.128196969695895
0.0337438024571264
-0.0612636824943817
-0.155929392541899
-0.249351240063515
-0.340632312752132
-0.42889215326113
-0.513277990946224
-0.592975767078536
-0.667220795861626
-0.735307906902538
-0.796600920434143
-0.850541314497371
-0.896655953366752
-0.934563758606508
-0.963981218111095
-0.984726644118008
-0.996723108259668
-1
-0.994693174014904
-0.981043671943663
-0.959395024168455
-0.930189157572611
-0.893960955283716
-0.851331533925787
-0.803000322593145
-0.749736045335799
-0.692366725146387
-0.63176884201577
-0.568855790355335
-0.504565791773076
-0.439849427671423
-0.375656962274106
-0.312925630388043
-0.252567065401687
-0.195455041687839
-0.142413701728891
-0.0942064319654999
-0.0515255426725159
-0.0149828962109295
0.0148983850522417
0.037691014835018
0.0530693433896687
0.0608137807811326
