1
0.991271058502128
0.973909603329946
0.948107152624292
0.91414765987524
0.872403581272436
0.823330724276477
0.76746195452884
0.705399855244779
0.637808448810393
0.56540410419278
0.488945765757521
0.409224648987606
0.327053556261301
0.243255971157425
0.158655092635589
0.0740629708446396
-0.00973009575833772
-0.0919657468081084
-0.171927181659965
-0.248948077094162
-0.322420673193641
-0.391802912677994
-0.456624533889288
-0.516492034031081
-0.571092436903474
-0.620195817978065
-0.66365655892661
-0.701413323355215
-0.733487765195883
-0.759982000662785
-0.781074893589277
-0.797017222030342
-0.808125810964032
-0.814776731492969
-0.817397680893457
-0.816459669971249
-0.812468154274908
-0.805953753637043
-0.797462710142097
-0.787547237874417
-0.776755918637073
-0.765624296243394
-0.754665818000608
-0.74436326569703
-0.73516080987611
-0.72745681057219
-0.721597475166399
-0.717871469798842
-0.71650556507365
-0.717661379868115
-0.721433269176246
-0.727847383365688
-0.736861907299991
-0.748368468776153
-0.762194686951241
-0.778107813178785
-0.795819399233667
-0.814990911548485
-0.835240195071904
-0.856148676926207
-0.877269188397077
-0.89813427411535
-0.918264849738004
-0.937179064120232
-0.954401218972648
-0.969470598361148
-0.981950062137892
-0.991434261458739
-0.997557340876896
-1
-0.998495798219764
-0.992836598398972
-0.982877059430145
-0.968538103037546
-0.949809296831035
-0.926750113169515
-0.899490041572293
-0.86822755093759
-0.833227916392559
-0.79481994391203
-0.753391643611525
-0.709384919560454
-0.663289359804024
-0.61563522477482
-0.566985745186914
-0.517928851631213
-0.46906846725423
-0.421015501958
-0.374378691395062
-0.329755426572988
-0.287722720088423
-0.248828452878518
-0.2135830409432
-0.182451654826253
-0.155847115854137
-0.134123582359667
-0.117571126535754
-0.106411288373793
-0.100793677568864
