-0.4435975625748
-0.439189280623746
-0.430390835721453
-0.417238621697474
-0.399787612677482
-0.378111805929227
-0.352304784025299
-0.322480372834841
-0.288773366927974
-0.251340289652529
-0.210360151518846
-0.166035167688743
-0.118591393378648
-0.0682792349083357
-0.0153737939930734
0.039824996291735
0.0969924836458207
0.155779693801766
0.215814046259968
0.276700417321117
0.338022573902724
0.399344995576576
0.460215095596021
0.520165844505913
0.578718792365302
0.63538747779366
0.689681204112737
0.7411091549397
0.789184813836708
0.833430645181115
0.873382986429765
0.908597095546086
0.938652291667827
0.963157122234831
0.981754485876461
0.994126637469841
1
0.999149707241102
0.991403801876029
0.976647015502003
0.954824060035172
0.925942364309677
0.890074195128725
0.847358108609001
0.79799968528863
0.742271511047668
0.680512375306967
0.61312566809874
0.540576968299524
0.463390826431008
0.382146756804939
0.297474465246474
0.210048350003449
0.120581324562873
0.0298180217773323
-0.0614725512161315
-0.152504828486593
-0.242484884013578
-0.330618919071713
-0.416121937612508
-0.498226504110221
-0.576191474882895
-0.649310591912181
-0.716920827719913
-0.778410370947021
-0.833226144930052
-0.880880755767846
-0.920958772078447
-0.953122245803778
-0.977115391944683
-0.992768354898282
-1
-0.998819680803035
-0.989327945401154
-0.971716158545343
-0.946265030238398
-0.913342055722555
-0.873397886106138
-0.826961663105167
-0.774635365303934
-0.717087226766349
-0.655044301564699
-0.589284259650142
-0.520626510296879
-0.449922758950497
-0.378047111557464
-0.305885847223251
-0.234326985236598
-0.164249776025542
-0.0965142474178677
-0.0319509376304323
0.0286490553014325
0.0845435814060407
0.135048382892665
0.179545360244227
0.217490054398209
0.248418248946867
0.271951607420066
0.287802273010157
0.295776371390981
