1
0.991076936951846
0.97333966862279
0.947004498383835
0.912392370242627
0.869924709514005
0.82011796609786
0.763576935043315
0.70098694571452
0.633105026198629
0.560750163392326
0.484792791273904
0.406143650043205
0.325742166949907
0.244544515619777
0.163511514448796
0.0835965261195435
0.00573351948934553
-0.0691745479741047
-0.140266874323075
-0.206735338358136
-0.267834269917395
-0.322889340486596
-0.371305462380033
-0.412573599228007
-0.446276406269456
-0.472092635752261
-0.489800260338002
-0.49927828553188
-0.500507240544698
-0.493568355372879
-0.478641449986407
-0.456001579081232
-0.426014492629788
-0.389130988211615
-0.345880245603754
-0.296862247155853
-0.242739398889011
-0.184227476887734
-0.122086031275769
-0.0571083857840967
0.00988862543164237
0.078075040518869
0.146618129549073
0.21469259100422
0.281490449732844
0.346230527528262
0.408167365825112
0.466599490002832
0.520876916255572
0.570407814745536
0.614664256591785
0.653186986935048
0.685589181626535
0.711559160772925
0.730862048185685
0.743340381485551
0.748913692962249
0.747577096052769
0.739398926258072
0.724517498262403
0.70313705276364
0.675522976900907
0.641996391033776
0.602928201868033
0.558732727445747
0.509861003260121
0.456793880685218
0.400035029023837
0.340103950798859
0.277529116499108
0.212841319921581
0.146567348635757
0.0792240560644848
0.0113129123830564
-0.0566848989438806
-0.124312783450188
-0.191142393224645
-0.256776608648541
-0.320851825966605
-0.383039545134263
-0.44304726500795
-0.500618705188739
-0.555533385487602
-0.607605604859949
-0.656682871579029
-0.702643845221556
-0.745395858583688
-0.784872093813261
-0.821028491741165
-0.85384047655276
-0.883299579518381
-0.909410045486205
-0.932185504245037
-0.951645785729729
-0.967813953435242
-0.980713624419574
-0.990366637026642
-0.996791119085645
-1
