-0.621027622993136
-0.623350848417542
-0.627966777896949
-0.634814830037744
-0.643805278641467
-0.654820606977553
-0.667717279179452
-0.682327900080982
-0.698463728522308
-0.715917503435472
-0.73446653696098
-0.75387602453203
-0.77390251836201
-0.794297508141363
-0.814811051035003
-0.835195392299916
-0.855208518027676
-0.874617582656308
-0.893202155972809
-0.910757237308974
-0.927095988471778
-0.942052141584166
-0.955482043368699
-0.967266303399087
-0.977311020377098
-0.98554856745937
-0.991937924948123
-0.996464556153793
-0.999139829815091
-1
-0.999104761787467
-0.99653540812379
-0.992392619944313
-0.986793927840218
-0.979870889130305
-0.971766029076394
-0.962629599077267
-0.952616207921045
-0.941881384514325
-0.930578131897291
-0.918853532771657
-0.90684546620228
-0.894679493609191
-0.882465969665628
-0.870297430295985
-0.858246305676853
-0.846363001049689
-0.83467438233391
-0.823182697074306
-0.811864954267664
-0.80067277919972
-0.789532751701922
-0.77834722832998
-0.766995640998221
-0.75533625670227
-0.743208375253778
-0.730434934558492
-0.716825486012053
-0.702179496179203
-0.686289925165981
-0.668947027085616
-0.649942313840117
-0.629072620161559
-0.606144205535987
-0.580976827310393
-0.553407718985432
-0.523295408433377
-0.490523312546282
-0.455003047591105
-0.41667739828853
-0.375522893287162
-0.331551940206757
-0.284814479691879
-0.235399124857508
-0.183433760016142
-0.129085580538626
-0.0725605639972148
-0.0141023712428188
0.0460093153510157
0.107461000718934
0.169908108910802
0.232978205750782
0.296274672637656
0.359380784745504
0.421864140520124
0.483281383768504
0.543183154894519
0.601119204018736
0.656643595894812
0.709319934745416
0.758726536416881
0.804461475607799
0.846147437359717
0.883436304488735
0.916013416149726
0.943601437208837
0.965963783488894
0.982907554166271
0.994285929543945
1
