0.581987917717442
0.576750841364945
0.566371709135991
0.5510390078892
0.531031607245779
0.506714195190895
0.478531305059238
0.447000028348707
0.412701528603283
0.376271490592542
0.338389655892632
0.299768610476705
0.261142001823925
0.223252372168285
0.186838800688437
0.152624550590513
0.121304917107992
0.0935354694349779
0.0699208735690064
0.0510044740616589
0.0372588009007897
0.0290771533620295
0.0267663958953275
0.030541082217981
0.0405190030655289
0.0567182308312992
0.0790557109530703
0.107347425748008
0.141310131833777
0.180564647689816
0.224640643693709
0.272982863493138
0.324958683211828
0.379866894088671
0.436947575039894
0.495392904613844
0.554358747142739
0.612976835814549
0.670367366079438
0.725651806413561
0.7779657300873
0.826471471276721
0.870370411619255
0.90891470910244
0.941418289895358
0.967266935247727
0.985927309708956
0.996954793435625
1
0.99481388159038
0.9812513454836
0.959273328824731
0.928947302704592
0.890446200905578
0.84404579310737
0.790120546423088
0.729138042495527
0.661652039656289
0.588294290489081
0.509765244216437
0.426823780348677
0.340276134729938
0.250964191260127
0.15975332197576
0.0675199646922315
-0.0248608690539934
-0.116527962524234
-0.206645948057444
-0.294416861945349
-0.37909102317583
-0.459977070523423
-0.536451006258319
-0.607964110903399
-0.674049611733784
-0.734328007794025
-0.788510975784188
-0.836403803894411
-0.877906324186945
-0.913012338061485
-0.941807553314222
-0.964466074933289
-0.981245514688826
-0.992480806412058
-0.998576834269175
-1
-0.997268871713698
-0.99094407115229
-0.981617568121968
-0.969901559867309
-0.956417119382416
-0.941782799919425
-0.926603383219072
-0.911458956248287
-0.896894495531907
-0.883410129602322
-0.871452238800569
-0.861405537826469
-0.85358627027593
-0.848236626179264
-0.84552047355677
