-0.874934758140204
-0.874995363496178
-0.875086625271261
-0.875149139154393
-0.875095025471624
-0.874809381520901
-0.874152185298414
-0.872960623180528
-0.871051808017842
-0.868225848475051
-0.864269225392779
-0.85895842652792
-0.85206378731022
-0.843353482287445
-0.832597609761148
-0.819572310769341
-0.80406386306916
-0.785872691116897
-0.764817234227566
-0.740737617101867
-0.713499069703603
-0.682995047012405
-0.649150003411179
-0.611921781331518
-0.571303579200548
-0.527325469628914
-0.480055445064645
-0.429599974718948
-0.376104063351228
-0.319750809382976
-0.260760466693756
-0.199389021238077
-0.135926300212294
-0.0706936378018429
-0.00404112746230367
0.0636555038499333
0.131998359155653
0.200571127975092
0.268943087568417
0.336673297614973
0.403314934843308
0.468419712685519
0.531542330374532
0.592244896033399
0.650101269211558
0.704701269982937
0.75565470410222
0.802595156775716
0.84518351128928
0.883111152986145
0.916102823832877
0.943919097975928
0.966358454192694
0.983258926893882
0.994499323249609
1
0.99972319948186
0.993672950267592
0.981894543484834
0.964473601283225
0.941534758961589
0.913239986894326
0.879786582537003
0.841404866393596
0.79835561884627
0.750927297147264
0.69943307362626
0.644207737260607
0.585604501185889
0.52399175849707
0.459749827822689
0.393267728673288
0.32494002450685
0.255163768863752
0.184335586854815
0.112848920798778
0.0410914649661773
-0.0305571897337467
-0.101727684612982
-0.172062783557045
-0.241219017321688
-0.308868078705433
-0.374697969905274
-0.438413907561494
-0.499738994949302
-0.558414674415205
-0.614200976426372
-0.666876584450401
-0.716238737267306
-0.762102992200684
-0.804302874114849
-0.842689435843325
-0.87713075598479
-0.907511399728708
-0.933731867567467
-0.955708055437038
-0.973370748035435
-0.986665164837176
-0.995550575699846
-1
