-0.943052538671182
-0.941641397456483
-0.938820496634591
-0.934592790879669
-0.928963185667945
-0.921939091025786
-0.913531136148659
-0.903754025170339
-0.892627510173787
-0.88017745382262
-0.866436950831399
-0.851447474950482
-0.835260016272398
-0.817936172515296
-0.799549157535516
-0.780184690683315
-0.759941731746608
-0.7389330281171
-0.71728544343712
-0.695140040306189
-0.672651893593356
-0.649989615451746
-0.627334578191813
-0.604879826655451
-0.582828677552042
-0.561393009269817
-0.540791251856795
-0.521246093065852
-0.502981922467665
-0.486222041542399
-0.471185673257083
-0.458084809815409
-0.447120941930222
-0.438481717023756
-0.432337577122973
-0.428838429813654
-0.428110407385717
-0.430252770194532
-0.43533501024394
-0.44339421004564
-0.454432709921374
-0.468416134098626
-0.485271822232883
-0.504887708410148
-0.527111684297476
-0.551751476985922
-0.578575065291356
-0.607311650938136
-0.637653193252827
-0.669256507853524
-0.701745921455197
-0.734716466448991
-0.767737590482927
-0.800357348003959
-0.832107032747204
-0.862506202605241
-0.891068041301717
-0.917304994945801
-0.940734615965198
-0.960885542203402
-0.977303535207478
-0.98955749899847
-0.997245398965603
-1
-0.997494343609631
-0.989446885543539
-0.975626218391556
-0.955855307689997
-0.930015175211318
-0.898047969286852
-0.859959369131135
-0.815820278113747
-0.765767769655922
-0.710005258798532
-0.648801882368447
-0.582491080926472
-0.51146838616971
-0.436188428037332
-0.357161186281888
-0.274947521568524
-0.190154031103705
-0.103427283229489
-0.0154474942110873
0.073078281534819
0.161423369395121
0.248849016192703
0.334612165951878
0.417973376384194
0.498204780045345
0.574597992753936
0.646471871805422
0.713180027768031
0.774117996200749
0.82872997945718
0.876515073785651
0.917032903139804
0.949908588393351
0.974836988909891
0.991586162542109
1
