-0.687595434944961
-0.675480490409721
-0.651427956460147
-0.615789836102777
-0.569087407864852
-0.512003271851247
-0.445370937911683
-0.370162117805688
-0.287471918915802
-0.198502169627954
-0.104543135462078
-0.00695390994260814
0.0928582153417521
0.19345908134635
0.293409362022143
0.391286298280375
0.485705128896617
0.57533988680019
0.658943239397641
0.735365066802243
0.803569491844649
0.862650100206909
0.911843117567129
0.950538342815333
0.978287671695812
0.994811083091894
1
0.993917978414642
0.976798719217372
0.949041440072793
0.911203685625182
0.863991694311915
0.808248478236699
0.744939808178726
0.675138328394853
0.600006054890739
0.520775535839629
0.438729973423936
0.355182622243884
0.271455790333157
0.188859774575793
0.108672062844629
0.0321171304750913
-0.0396528511731066
-0.105576091170601
-0.164697757208205
-0.216184796300744
-0.259338766906504
-0.293606483103268
-0.318588306314915
-0.334043957497188
-0.339895762075743
-0.336229280661115
-0.323291320000297
-0.301485360108773
-0.271364474405339
-0.233621859299912
-0.189079127436968
-0.13867255407932
-0.0834374983729375
-0.0244912499559163
0.0369854238881913
0.0997677349689874
0.162607023585518
0.224251278613214
0.283465700686372
0.339052980443757
0.389872968562568
0.434861424180493
0.4730475431383
0.503569987029146
0.525691158003956
0.538809492273776
0.54246957682508
0.536369928521615
0.520368311956604
0.494484511552562
0.458900513862379
0.413958097163959
0.360153866610127
0.29813181374392
0.228673518475287
0.152686149016777
0.0711884502017304
-0.0147050574938518
-0.103801417538979
-0.19484784047334
-0.286551275480246
-0.377598639978764
-0.46667738639342
-0.55249607993379
-0.633804661061476
-0.70941407133981
-0.778214931471772
-0.839194975373597
-0.891454963866025
-0.934222825679517
-0.966865801581299
-0.988900399095383
-1
