-1
-0.991369034835275
-0.974222754032809
-0.948790838637235
-0.915413788612043
-0.874538162141596
-0.826710335700957
-0.772568875109992
-0.712835627792552
-0.648305664823286
-0.579836217791369
-0.50833476979906
-0.434746471832996
-0.36004106512334
-0.285199496804493
-0.211200420116212
-0.139006771482704
-0.0695526150694772
-0.00373044087646202
0.0576209048438405
0.113727487936059
0.163890596890415
0.207495953622779
0.24402169915861
0.273045047313621
0.294247519382734
0.30741869396113
0.312458428005041
0.309377527761365
0.298296870913066
0.279445003858907
0.253154260131824
0.219855467229776
0.180071329269046
0.134408591574647
0.0835491103204016
0.0282399653745049
-0.0307172326217588
-0.0924776793968696
-0.156165188850325
-0.220884304537696
-0.285732533125898
-0.349812522063223
-0.412244006346835
-0.472175354530395
-0.528794551897867
-0.581339468899395
-0.629107275328591
-0.671462875110993
-0.707846252734861
-0.737778640025042
-0.760867430854221
-0.776809791201506
-0.785394932391585
-0.786505036056651
-0.780114840033309
-0.766289914715714
-0.74518367901999
-0.717033223771537
-0.682154027721613
-0.640933667269591
-0.593824635075151
-0.541336394882487
-0.484026809870753
-0.422493089551178
-0.357362405548114
-0.289282329464357
-0.218911246415081
-0.146908895734439
-0.0739271858680842
-0.000601423655812838
0.0724579107900027
0.144672723429304
0.215504092537836
0.284458188988792
0.35109125353667
0.415013570983396
0.475892398829824
0.53345382624909
0.587483557659387
0.637826633517331
0.684386118897649
0.727120807676663
0.766042006414865
0.801209477074062
0.832726631264718
0.860735080582168
0.885408657568198
0.906947029770414
0.925569035143749
0.941505870560125
0.954994266415051
0.966269779233237
0.975560330806847
0.983080116815219
0.989024000175774
0.993562494699257
0.996837433137871
0.998958400621432
1
