1
0.997550171801146
0.992666478846321
0.985380799937714
0.975740831825405
0.963809940017886
0.949666954234334
0.933405903900359
0.915135688216709
0.89497967463456
0.87307521907906
0.849573100997457
0.824636866287978
0.798442071403743
0.771175422430278
0.743033803707701
0.714223191605863
0.684957450353086
0.655457008351571
0.625947415164301
0.596657781303441
0.567819105058076
0.539662492834412
0.512417281805493
0.486309076037847
0.461557709634869
0.438375152764894
0.416963378678851
0.39751221192092
0.380197179849611
0.365177391271353
0.35259346740208
0.342565551475472
0.335191424074725
0.330544751647987
0.328673495651266
0.329598509327978
0.333312348269164
0.339778319597257
0.348929792880569
0.36066979372434
0.374870898412898
0.391375445019595
0.409996073086381
0.430516600340015
0.45269324099951
0.476256166087951
0.500911401844629
0.526343057898042
0.552215872367823
0.578178056577576
0.603864417646221
0.628899732948525
0.65290234636164
0.675487952407733
0.696273530924959
0.714881391808564
0.730943286714822
0.744104542461795
0.754028169235352
0.760398895652645
0.762927082276894
0.7613524653376
0.755447683201283
0.745021539563149
0.729921959384021
0.710038596265135
0.685305053212342
0.655700682558907
0.621251935151692
0.582033233710707
0.538167350490926
0.489825274945429
0.43722556294214
0.380633165149437
0.320357738401631
0.256751450103842
0.190206291955197
0.121150925377418
0.0500470869506924
-0.0226144121998619
-0.0963180538329811
-0.170528302734538
-0.244694571100176
-0.318256404862578
-0.390648836459081
-0.461307845983411
-0.52967587081015
-0.595207302652017
-0.657373910628703
-0.7156701293022
-0.769618151767766
-0.818772769771956
-0.862725905439673
-0.901110782501162
-0.933605688877917
-0.959937287065463
-0.97988343388418
-0.993275476792597
-1
