-1
-0.988848531905899
-0.9666742431579
-0.933732817828751
-0.890403776769256
-0.837185731917487
-0.774690158814115
-0.7036337712831
-0.62482960095492
-0.539176901562503
-0.447650013483984
-0.351286337622263
-0.251173579208906
-0.148436431340079
-0.0442228748697896
0.0603097243893242
0.164008538428043
0.265739037817873
0.364398411877576
0.458928475404947
0.548327897337331
0.631663597147426
0.708081167317294
0.776814194670806
0.837192369463579
0.888648288686806
0.930722878774181
0.963069382530619
0.985455875336982
0.997766296228961
1
0.99226985673904
0.974798944891546
0.947915902744938
0.912049020920322
0.867719174753206
0.815531710140955
0.756167409324231
0.690372673982072
0.61894907181533
0.542742399363406
0.462631418071561
0.379516422562652
0.294307799665761
0.207914734047846
0.121234211351058
0.0351404626586211
-0.0495250149711896
-0.131962738088699
-0.211423705318762
-0.28721695749434
-0.358716147474081
-0.425365053853552
-0.486681989675206
-0.542263074571609
-0.5917843562677
-0.635002784749385
-0.671756059410465
-0.701961385859717
-0.725613194559426
-0.742779887847097
-0.753599694954545
-0.758275726197588
-0.757070327405269
-0.750298843758536
-0.738322908413086
-0.721543375519634
-0.70039301948959
-0.675329122579793
-0.646826071114076
-0.615368076980979
-0.581442135535652
-0.545531323808209
-0.50810853412572
-0.469630728059898
-0.430533784207699
-0.391228000905918
-0.352094301796019
-0.313481178425293
-0.275702390034908
-0.239035426587277
-0.203720727165891
-0.169961632376414
-0.137925036515495
-0.107742693267545
-0.0795131177374435
-0.0533040179071721
-0.0291551802724964
-0.00708172760321757
0.0129223384187971
0.0308804004199907
0.0468293868957068
0.0608159245779791
0.0728925723172897
0.0831142237242308
0.0915347607298846
0.0982040336123564
0.103165235029438
0.106452726345812
0.108090364220798
