1
0.999021256823216
0.997072132819058
0.994169277305514
0.990337476249837
0.985609427896307
0.98002544567154
0.973633090145013
0.966486732272311
0.958647050601144
0.950180465575031
0.941158514525805
0.931657171402554
0.921756115739218
0.911537955813466
0.901087411392591
0.890490461894418
0.879833466208437
0.869202260819946
0.858681243252775
0.848352448188718
0.838294623928286
0.828582317121858
0.819284973916589
0.810466065826437
0.802182248734435
0.79448256347204
0.787407686384712
0.780989238180959
0.775249159169541
0.770199158713021
0.765840246362553
0.762162351687131
0.759144039269763
0.756752324713713
0.754942596785737
0.753658650023119
0.752832831251383
0.752386302505506
0.752229421825876
0.752262242319343
0.752375128744539
0.75244948970978
0.752358622372431
0.751968665313181
0.751139654040081
0.749726672369413
0.74758109174743
0.744551889433533
0.740487035375825
0.735234936589039
0.728645926906575
0.720573789136772
0.710877295921456
0.699421754984624
0.686080543981778
0.670736619825859
0.65328398718233
0.633629110800468
0.611692256485542
0.58740874582042
0.560730110216621
0.531625130513195
0.500080749144296
0.46610284285813
0.429716845084164
0.390968208303248
0.349922698165683
0.306666512612682
0.261306220872511
0.213968518907961
0.164799799669236
0.11396553833705
0.0616494946051989
0.00805273592959077
-0.0466075124593978
-0.102099183143357
-0.158176838272586
-0.214583286345229
-0.271051331233355
-0.327305639164409
-0.383064707980577
-0.43804292176018
-0.491952672810253
-0.544506532141902
-0.595419448832237
-0.64441095816846
-0.691207378169169
-0.735543973990177
-0.777167069850496
-0.815836088458667
-0.851325498478566
-0.883426651342266
-0.911949489688506
-0.936724110869235
-0.95760217031148
-0.974458111033707
-0.987190207278365
-0.995721412017866
-1
