-0.273359824602345
-0.268539817608841
-0.258982840648913
-0.244853511613537
-0.226395141520629
-0.203925463979688
-0.177831054018876
-0.14856053063637
-0.116616658089305
-0.0825474796957465
-0.0469366344883022
-0.0103930211483815
0.0264600149664145
0.0629957874029292
0.0985954770565607
0.132659251423407
0.164617103472537
0.193939222988381
0.220145720382036
0.242815533120164
0.261594357912068
0.2762014674246
0.286435288312327
0.292177637469481
0.293396535308719
0.290147538197824
0.282573556564058
0.270903150213267
0.255447317702272
0.236594821738322
0.214806117149643
0.19060597157579
0.164574891279055
0.137339485013002
0.109561917362023
0.0819286190794766
0.0551384354312443
0.0298904041677053
0.00687136231648977
-0.0132564146244677
-0.0298673363940055
-0.0423841820554848
-0.0502891474062961
-0.0531340673191404
-0.0505496363788602
-0.0422534658440264
-0.0280568323194684
-0.00786999331065241
0.0182940332600257
0.0503173047995642
0.0879764591639867
0.130943917121274
0.178790783369459
0.230991420366744
0.286929642504029
0.345906452075516
0.407149213494732
0.4698221386606
0.533037934678888
0.595870445638429
0.657368103145868
0.71656798611587
0.772510279131627
0.824252910722203
0.87088614828848
0.911546925235613
0.945432678171164
0.971814477784197
0.990049246157547
0.999590865656098
1
0.99095246644662
0.972246018897018
0.943805424899178
0.905685744592458
0.858073746246239
0.801287420786133
0.735773586150344
0.66210360104164
0.580967236196277
0.49316477924107
0.399597476122724
0.301256437553687
0.199210162531827
0.0945908523903018
-0.0114202923142387
-0.117608583757307
-0.222741946412524
-0.325587373376603
-0.424927502436932
-0.519577072253576
-0.608399020016184
-0.69031998651681
-0.764345002688368
-0.829571143177497
-0.885199947279594
-0.930548425342427
-0.965058489276405
-0.988304668784865
-1
