1
0.996555693622107
0.989680601213631
0.979401795183167
0.965759961001729
0.948809482691978
0.928618545742474
0.905269248279756
0.878857709435307
0.849494162202221
0.817303016727477
0.78242287896511
0.745006508951717
0.70522070268064
0.663246081659633
0.619276774746316
0.573519977765956
0.52619537771921
0.477534430067888
0.427779479621611
0.377182717907356
0.326004972550718
0.274514327089427
0.222984572728341
0.171693496777878
0.120921015838435
0.0709471651425095
0.0220499587829963
-0.0254968612212128
-0.0714261660040889
-0.115479847206035
-0.157411264154167
-0.19698770217051
-0.233992811435739
-0.268228994384281
-0.299519708614747
-0.327711651799323
-0.35267679509066
-0.374314232070914
-0.392551811372229
-0.407347522719806
-0.418690608297717
-0.426602373994801
-0.431136678225808
-0.432380079605692
-0.430451628738635
-0.4255022937173
-0.417714013554078
-0.407298378621604
-0.39449494219605
-0.379569172301907
-0.362810058176003
-0.344527390725015
-0.325048741267767
-0.304716167554832
-0.283882680469114
-0.262908508860912
-0.242157203592443
-0.221991624998292
-0.202769860554334
-0.184841121540327
-0.168541668840582
-0.154190818721667
-0.142087079434212
-0.132504468795541
-0.125689061519219
-0.12185581297503
-0.121185703307056
-0.123823242437204
-0.12987437247511
-0.139404799490785
-0.152438781540015
-0.168958394328916
-0.188903290034514
-0.212170958640423
-0.238617494783043
-0.268058866620521
-0.300272676722934
-0.335000398527835
-0.371950065600623
-0.410799384873037
-0.451199239291336
-0.49277753997093
-0.53514338310321
-0.577891462563942
-0.620606685494333
-0.662868935120616
-0.704257922791945
-0.744358069685213
-0.782763357875045
-0.819082090512064
-0.852941501696384
-0.883992158268336
-0.911912098146046
-0.93641065298971
-0.957231906825233
-0.974157746764867
-0.987010467060221
-0.995654893345427
-1
