1
0.994284215435345
0.982912681141045
0.966004584169296
0.943736512558759
0.916339863276744
0.884097450456419
0.847339367729463
0.806438170272085
0.761803452949639
0.713875910489957
0.663120973784783
0.610022123081601
0.555073983877382
0.498775314680415
0.441621997411956
0.384100141049868
0.326679407173635
0.269806662384646
0.213900057205665
0.159343624094104
0.106482478746026
0.0556186990562211
0.00700794509076719
-0.0391431286022995
-0.0826786298790545
-0.12349433010204
-0.161537698371737
-0.196807071879454
-0.22934997941408
-0.259260648830738
-0.286676742579365
-0.311775377981769
-0.334768500634262
-0.355897689910729
-0.375428484876632
-0.39364432684651
-0.410840221196614
-0.427316225775992
-0.443370876264582
-0.459294660054818
-0.47536364966058
-0.491833404289901
-0.508933244089809
-0.526860995745352
-0.545778300679797
-0.565806568174282
-0.587023645442161
-0.609461265216808
-0.633103318922022
-0.657884990188073
-0.68369276956397
-0.71036535697773
-0.737695444038014
-0.765432353882198
-0.793285502186747
-0.820928629390568
-0.848004741357801
-0.87413168382908
-0.898908265270879
-0.921920833304915
-0.942750201937076
-0.960978820438552
-0.976198070066592
-0.988015571927683
-0.996062388233273
-1
-0.999526946896217
-0.994385019398748
-0.984364899634179
-0.969311155145703
-0.949126499231808
-0.923775242304337
-0.893285870746458
-0.857752702831311
-0.817336585188979
-0.772264607868034
-0.722828831003513
-0.669384031244002
-0.612344491171572
-0.552179869735218
-0.489410205980961
-0.424600121877207
-0.358352302591134
-0.291300343973986
-0.224101067081098
-0.157426408127607
-0.0919549992273868
-0.0283635604702942
0.0326817727226338
0.0905340615201837
0.144573989831199
0.194217981937892
0.238925893036481
0.278208160087919
0.311632308078583
0.338828716090333
0.359495558340306
0.373402847409293
0.380395520049834
