-0.270586394954601
-0.267918125109226
-0.262581054007217
-0.254574429189667
-0.243897890817393
-0.230552374650773
-0.214541283673618
-0.195871901391969
-0.174557014029731
-0.150616703633111
-0.124080269581948
-0.0949882322734079
-0.0633943698643142
-0.0293677369900107
0.00700538663778327
0.0456196698883862
0.0863490773080897
0.129045438906977
0.173537289003055
0.219629016690396
0.267100365841757
0.31570631711559
0.365177378298742
0.415220302578023
0.465519247105945
0.515737376627098
0.565518909087858
0.614491592194933
0.662269591951829
0.70845676642217
0.752650290478732
0.794444590227627
0.833435539272826
0.869224863124183
0.901424692959399
0.929662205722459
0.953584284260434
0.972862128934728
0.987195750943761
0.99631827749674
1
0.99805209855811
0.990329979332949
0.976736165609061
0.957222688728924
0.931792931316896
0.900502882319384
0.863461771250511
0.820832057533786
0.772828759846053
0.71971811976629
0.661815603667018
0.599483256513731
0.533126430908324
0.463189924176098
0.390153565404447
0.314527302950795
0.236845850910361
0.157662960241956
0.0775453865742064
-0.00293336795018495
-0.0831994571794007
-0.162685153094261
-0.240835280988161
-0.317113540454034
-0.391008625589432
-0.462040059749638
-0.52976366335668
-0.593776577672223
-0.653721773008959
-0.709291976514476
-0.760232962322844
-0.806346155425827
-0.847490509946796
-0.88358363247313
-0.914602131573317
-0.940581185441298
-0.961613330614888
-0.977846485745705
-0.989481235292143
-0.996767408603055
-1
-0.99951448499863
-0.99568159659159
-0.988901633413732
-0.979598378505452
-0.968212713176213
-0.9551960150586
-0.941003432761897
-0.926087131530257
-0.910889604950612
-0.895837147026276
-0.881333576840728
-0.867754304609592
-0.855440823204607
-0.844695703297805
-0.835778163201806
-0.82890027637488
-0.82422387053426
-0.821858162509233
