-1
-0.989630854211521
-0.969058071491526
-0.93860999992616
-0.898772530243015
-0.850181256921185
-0.793611222301581
-0.729964407653596
-0.66025517120247
-0.585593865991286
-0.507168899619901
-0.426227522905898
-0.344055654951895
-0.261957067653273
-0.181232263092206
-0.103157382370894
-0.0289634841561217
0.0401834744587999
0.103201633132091
0.159110893937927
0.207048972924948
0.246285578479779
0.276234487048949
0.296463320086003
0.306700862548209
0.306841802292334
0.296948810693838
0.277251927089689
0.24814525255201
0.210181001357977
0.164061000651016
0.110625769521106
0.0508413474210014
-0.0142159221340685
-0.0833764138362552
-0.15539578103158
-0.228974761720663
-0.302779917274964
-0.375464975750465
-0.445692441584397
-0.512155128711464
-0.573597274813786
-0.628834900517424
-0.676775088776281
-0.716433876265189
-0.74695247008079
-0.76761152908618
-0.777843279425874
-0.77724126760843
-0.765567591573131
-0.742757489742985
-0.70892120959619
-0.66434312010836
-0.609478075853739
-0.544945083920472
-0.471518367408664
-0.390115960467735
-0.301786008940607
-0.207690987098326
-0.109090074093212
-0.00731996310656557
0.0962255987475644
0.2001172212768
0.302911898900034
0.403175311046362
0.499504046334106
0.590547402277044
0.675028418415017
0.751763812297637
0.819682504486036
0.877842440419501
0.925445443284505
0.961849862513583
0.986580816754766
0.999337867554193
1
0.988627828558166
0.965462989633004
0.930924726327488
0.885603714772389
0.830253224549345
0.765777747474155
0.693219268676783
0.613741390890811
0.528611556565656
0.43918164230991
0.346867225792937
0.253125846170758
0.159434595031161
0.067267385519773
-0.0219277474552534
-0.106750963321686
-0.185872201418579
-0.258051700437996
-0.322159132587889
-0.37719105478914
-0.422286405336306
-0.456739804818067
-0.480012454235235
-0.491740460637224
