0.838061566347892
0.83913802381485
0.841260117991061
0.844366589226413
0.848366498375012
0.853140355105629
0.85854160232535
0.86439843988156
0.870515966868912
0.876678618269516
0.882652868337555
0.888190170141906
0.893030098035984
0.896903657562633
0.899536725448357
0.900653580915491
0.899980488557856
0.897249292494337
0.892200981439675
0.884589184711118
0.874183560016364
0.860773035130458
0.84416886724951
0.824207485885273
0.800753087610049
0.773699953745353
0.742974465175588
0.708536791822057
0.670382237892232
0.628542227781571
0.583084921405874
0.534115451735532
0.481775781342932
0.426244178814689
0.367734319875746
0.306494021978358
0.242803624883092
0.176974033360504
0.10934444153363
0.0402797615278558
-0.0298322180349596
-0.100583915594655
-0.171551251920293
-0.242297124850995
-0.312375029742
-0.381332790687336
-0.448716366807062
-0.514073697482192
-0.576958550390871
-0.636934336537793
-0.693577857163847
-0.746482948459139
-0.795263991361205
-0.839559255379279
-0.879034047320144
-0.91338363797408
-0.942335942221322
-0.965653930609472
-0.983137753198253
-0.994626559337073
-1
-0.999179402318881
-0.992128608996103
-0.978854478312286
-0.959407043440935
-0.933879332712961
-0.902406855312509
-0.86516675960704
-0.822376673897046
-0.774293241794529
-0.721210366687479
-0.663457181806097
-0.601395764263833
-0.535418613094197
-0.465945912736802
-0.393422604640199
-0.31831529064426
-0.241108992582881
-0.1623037931129
-0.0824113831332182
-0.00195154131716158
0.0785514287494837
0.158572278542018
0.237588386776158
0.315083299419237
0.390550213833172
0.463495384151628
0.533441425911943
0.599930498982933
0.66252734894029
0.720822188229658
0.774433399712456
0.823010046500614
0.866234173343976
0.903822886229803
0.935530198279884
0.961148631480888
0.980510565252137
0.993489324337411
1
