-0.154533385836943
-0.145820658586727
-0.128560006932583
-0.103078265606819
-0.0698588042446665
-0.0295333935346841
0.0171284335477582
0.0692323527911884
0.125774341528156
0.18565764803605
0.247711361817679
0.310710282801381
0.373395766115221
0.434497202882877
0.492753786722181
0.546936210476264
0.595867938258047
0.638445704136789
0.6736589006452
0.700607537552811
0.718518473765012
0.726759652414569
0.724852100784105
0.71247949213501
0.68949510525946
0.655926059003979
0.611974742478007
0.558017406469278
0.494599927027583
0.422430797527046
0.342371450052574
0.255424049969057
0.162716948336194
0.0654880147755728
-0.0349338921269485
-0.13714902934424
-0.239708135370207
-0.341134723116682
-0.439947949490487
-0.534685701173259
-0.623927531600956
-0.706317085392042
-0.780583653492365
-0.845562514988636
-0.900213739699262
-0.943639149002534
-0.97509716054675
-0.994015275066872
-1
-0.992844044377391
-0.972530661951166
-0.939235064023008
-0.893322869281158
-0.835345604400102
-0.766033315483359
-0.686284395903634
-0.597152779998751
-0.499832693722748
-0.395641192070488
-0.285998748277797
-0.172408190889003
-0.0564323112852158
0.0603295142431581
0.176265327661822
0.289774846860319
0.399293602357759
0.503316578724467
0.600420993400201
0.689287858350254
0.768721988326429
0.837670143109803
0.895237019642482
0.940698842964909
0.973514341851341
0.993332935404257
1
0.993559131200613
0.974251361854795
0.942511344876337
0.89896055637228
0.844397621157497
0.779785907511539
0.706238580605454
0.625001343683668
0.537433132206789
0.44498505817853
0.349177929290697
0.251578689893199
0.153776147778924
0.0573563620975843
-0.0361219268013687
-0.125151445237589
-0.208299737784923
-0.284231360766629
-0.351728573681939
-0.409710207773789
-0.457248419137508
-0.493583066522683
-0.518133490785445
-0.530507513232403
