-1
-0.987373471995332
-0.962285460065827
-0.925063722943037
-0.876194109653939
-0.816313708711295
-0.746201872258332
-0.666769247965499
-0.57904498084721
-0.484162274071055
-0.383342521863174
-0.277878248408034
-0.169115103885332
-0.05843318222258
0.0527720654306707
0.16310904222022
0.271209061749346
0.375744971708634
0.475449075140357
0.569130090902327
0.655688910166149
0.734132924685368
0.803588724803156
0.863312990389173
0.912701425707953
0.951295619194288
0.97878774077983
0.995023022289631
1
0.993868532202873
0.97692563803807
0.949609236421168
0.912489895113382
0.866260729375229
0.81172561677145
0.749785919141094
0.681425924146443
0.607697236848847
0.529702366162755
0.448577761602877
0.36547656231517
0.281551322884606
0.197936978819453
0.115734308964847
0.0359941425028325
-0.0402974551820559
-0.112232800428425
-0.178994815885544
-0.239867687795451
-0.294245807737507
-0.341640878497416
-0.38168709332939
-0.414144328727471
-0.438899322420178
-0.455964840151859
-0.465476866412265
-0.467689885126432
-0.462970345937247
-0.451788439640973
-0.434708332138203
-0.412377029540654
-0.385512067470708
-0.354888234795386
-0.321323555790703
-0.285664764833055
-0.248772514016811
-0.211506556518127
-0.174711147042322
-0.139200895346544
-0.105747299722747
-0.0750661746196992
-0.0478061704952324
-0.0245385647930072
-0.00574848095216884
0.00817233205225554
0.0169310535736522
0.0203376005209897
0.0183066430618271
0.0108578077264949
-0.00188592117500819
-0.0197015612370274
-0.0422711832725113
-0.069188557158288
-0.0999672691832303
-0.134050164057626
-0.170819943424342
-0.209610734230291
-0.24972042496332
-0.290423555777261
-0.330984540103796
-0.370670990613523
-0.408766921410019
-0.444585601128493
-0.477481838112932
-0.506863488950275
-0.532201995176839
-0.55304176971537
-0.569008274273144
-0.57981465120803
-0.585266797883605
