0.905928109397222
0.907371582418893
0.910220737988816
0.914400521073178
0.919799656714103
0.926272199111892
0.933639563990537
0.941693016498675
0.950196580706043
0.958890331043853
0.96749402088648
0.975710998953647
0.983232360389434
0.989741276299679
0.994917443244141
0.998441592714303
1
0.999288932064117
0.996018975098031
0.989919184302936
0.980741001103379
0.968261886407726
0.952288622633671
0.932660241953207
0.909250543509744
0.88197016814156
0.850768205325092
0.81563331353806
0.776594341941492
0.73372044809424
0.687120713245313
0.63694326350067
0.583373911735966
0.526634341432617
0.466979859563365
0.404696751163357
0.340099273218463
0.273526329917649
0.205337875092818
0.135911090760094
0.065636393043901
-0.00508668161672654
-0.0758536562260548
-0.146259305113305
-0.21590180476963
-0.284386791883548
-0.351331278938732
-0.416367380527491
-0.479145806941178
-0.539339085566283
-0.59664447507549
-0.650786542283262
-0.701519376756712
-0.748628423751874
-0.791931921696991
-0.831281936180896
-0.866564988138332
-0.897702279568994
-0.924649525599186
-0.947396406914505
-0.965965661483821
-0.980411838990185
-0.990819745421679
-0.99730260880078
-1
-0.999075544968911
-0.994714466457673
-0.987120994449741
-0.976515685006407
-0.963132687083704
-0.947216996123363
-0.929021731869117
-0.908805475952183
-0.886829702368069
-0.863356331081849
-0.838645431708222
-0.812953100579604
-0.786529530608354
-0.759617289239885
-0.732449815555976
-0.70525014329742
-0.678229852307278
-0.651588246724236
-0.625511754250911
-0.600173537051787
-0.575733301362039
-0.552337289768532
-0.530118437407146
-0.509196671048597
-0.489679328251699
-0.471661672473705
-0.455227479257649
-0.440449668373219
-0.427390957067404
-0.416104510371978
-0.40663456569533
-0.399017010666275
-0.393279895359294
-0.389443862568565
-0.387522482660168
