1
0.989575458471198
0.96884500170525
0.938044286467769
0.897522831542493
0.847739322646833
0.789255458864329
0.722728429848092
0.648902132812593
0.568597256452058
0.482700375130453
0.39215221073817
0.297935231294657
0.201060764521662
0.102555811084188
0.00344974590293634
-0.0952389031677705
-0.192515411936408
-0.287421369106809
-0.379046562940742
-0.466540080166858
-0.549120464406272
-0.626084796074541
-0.696816572415154
-0.760792284760944
-0.817586610020993
-0.86687615444392
-0.908441709589254
-0.942169002810425
-0.968047947072789
-0.986170417253538
-0.996726601857243
-1
-0.996361153250299
-0.986260220168481
-0.970218517885705
-0.94881916956232
-0.922697008851029
-0.892527902383569
-0.859017658660243
-0.822890696448366
-0.784878647828891
-0.745709070352524
-0.706094439402072
-0.666721585872892
-0.628241735785088
-0.591261297575076
-0.55633352976242
-0.5239512066659
-0.494540383095934
-0.468455340750243
-0.445974779679051
-0.427299297975207
-0.412550182105629
-0.40176950936243
-0.394921543105893
-0.391895381124679
-0.39250879786983
-0.396513202833833
-0.403599620230801
-0.41340557965285
-0.425522793767973
-0.439505487592539
-0.45487923458954
-0.471150147948069
-0.487814270987812
-0.504367008762419
-0.520312443624326
-0.535172380737244
-0.548494975216671
-0.559862800640031
-0.56890022895534
-0.575280004154562
-0.578728906256593
-0.579032417928002
-0.576038323195071
-0.569659185885403
-0.559873674382521
-0.546726718672106
-0.530328505187203
-0.510852334304081
-0.488531384186526
-0.463654442719069
-0.436560686217867
-0.407633599188719
-0.377294143365156
-0.345993296382255
-0.314204090531003
-0.282413289934004
-0.25111285006245
-0.220791306690644
-0.191925242111344
-0.164970974705764
-0.140356613809587
-0.118474615312847
-0.0996749646879255
-0.0842591033027512
-0.0724747011265766
-0.0645113644850077
-0.060497351608644
