0.850909457243175
0.85375742146775
0.859359824806773
0.867531342095532
0.877998269333179
0.890403583747517
0.90431355789553
0.919225816871348
0.934578703376104
0.949761793283007
0.964127384766156
0.977002767372592
0.987703063877144
0.995544427591659
0.999857371173012
1
0.995370923921169
0.985421625607861
0.969668071813731
0.947701365419721
0.919197251051554
0.883924305061012
0.841750661478494
0.792649148842814
0.736700738225124
0.674096229882577
0.60513613437162
0.530228733166994
0.449886333402931
0.364719760803807
0.275431163729388
0.182805229060379
0.0876989369447696
-0.00896999421103273
-0.106235799085504
-0.203098300347997
-0.298537278007898
-0.391527351012599
-0.481053139316847
-0.566124468717921
-0.645791378583874
-0.719158694241837
-0.785399931226123
-0.843770307737123
-0.893618654398435
-0.934398026530564
-0.965674843440183
-0.987136401359058
-0.998596631315303
-1
-0.991423480188318
-0.973076547041796
-0.945299187192255
-0.908557938408727
-0.863440008391572
-0.810645551338745
-0.750978209913057
-0.685334057647987
-0.614689102228538
-0.540085533068957
-0.462616916814018
-0.38341256149102
-0.303621283759918
-0.224394823825528
-0.146871158921365
-0.0721579687406215
-0.0013165047282967
0.0646538902273133
0.124830374380621
0.178380087588875
0.224572311674146
0.262789122409157
0.29253436750665
0.313440830266472
0.325275466038041
0.327942627964947
0.321485229140874
0.306083819848097
0.282053590482922
0.249839342601712
0.210008501752319
0.163242275903422
0.110325091879262
0.0521324688040257
-0.0103824882562832
-0.0762037698740803
-0.144268096215375
-0.213481265668299
-0.282734969234925
-0.35092381439113
-0.41696229867511
-0.479801473818936
-0.538445045783787
-0.591964664530845
-0.639514169627983
-0.680342573669604
-0.713805584729986
-0.739375491383039
-0.756649258859774
-0.765354712292888
