0.68979886255629
0.693323062583174
0.70029920334762
0.710583843578873
0.723964498830298
0.740162810398756
0.758838697869904
0.779595434392869
0.801985570289703
0.825517618218941
0.849663402022794
0.873865961758732
0.897547899390673
0.920120043310922
0.940990305372909
0.959572601501144
0.97529570624429
0.987611912856557
0.996005373609541
1
0.999166809250166
0.993130611890427
0.981575945139236
0.964252168098589
0.940977647291525
0.911642974589221
0.876213173902913
0.834728867932073
0.787306391538535
0.734136853725622
0.675484165509411
0.611682065946063
0.543130193000741
0.470289259595062
0.393675407849282
0.313853826055833
0.231431723114451
0.147050763878785
0.0613790759863155
-0.0248970558313935
-0.111081688304853
-0.196477789553788
-0.280395758878457
-0.36216177671656
-0.441125868655524
-0.51666957269217
-0.588213105855175
-0.655221934733347
-0.717212664244867
-0.773758169979343
-0.824491911468106
-0.869111376595955
-0.907380620855248
-0.939131879047662
-0.964266241142118
-0.982753398079095
-0.994630477153793
-1
-0.999027008928472
-0.991935419254995
-0.979003666105533
-0.960559723847845
-0.936975584629301
-0.908661289379944
-0.876058609972421
-0.839634484945722
-0.799874313253269
-0.757275210870148
-0.712339333798218
-0.665567368077397
-0.617452282908042
-0.568473436999767
-0.519091120895685
-0.46974160940945
-0.420832788605803
-0.372740411120883
-0.325805022237489
-0.280329587194895
-0.236577837922826
-0.19477334494934
-0.155099307848598
-0.11769904547077
-0.0826771555309488
-0.0501013021171698
-0.0200045794876188
0.00761160867204058
0.0327742234217638
0.0555348938575275
0.0759659306309732
0.0941561347811397
0.110206489419191
0.124225822719012
0.136326530024754
0.146620440709202
0.155214911747816
0.162209224880953
0.167691357812965
0.171735192255614
0.174398212898454
0.175719741732467
