-0.349805333844022
-0.341819002187201
-0.325943357046514
-0.302371173159141
-0.271388476326132
-0.233370829193526
-0.188778460425772
-0.13815030555241
-0.0820970429339397
-0.0212932222300374
0.043531404740873
0.111601229969556
0.182104682149432
0.254204529375129
0.327048449311666
0.399779721362362
0.47154789434318
0.541519284276795
0.608887160128086
0.672881480559165
0.732778052001416
0.787906987409449
0.837660355835641
0.881498925276508
0.918957914903835
0.94965168759468
0.973277329389072
0.989617078893659
0.998539586465584
1
0.994038891051854
0.980780051595292
0.960427207715852
0.93325971170521
0.899627288162855
0.85994392259786
0.814680992481222
0.764359750562054
0.709543278391699
0.650828034288063
0.588835124336663
0.524201427413486
0.457570705606772
0.389584829820182
0.320875246798974
0.25205480840386
0.183710076762992
0.116394210086535
0.0506205235808759
-0.0131431917765559
-0.0744795226535728
-0.133025402762914
-0.188475156484556
-0.240582589871861
-0.289162117362862
-0.334088927676889
-0.375298207297077
-0.412783454388826
-0.446593929759965
-0.476831304319501
-0.50364557424363
-0.527230325533828
-0.547817438697829
-0.565671331769043
-0.58108284569833
-0.594362880226165
-0.605835890623491
-0.615833356155492
-0.624687329782875
-0.632724175507549
-0.640258594959819
-0.647588038404968
-0.65498758743683
-0.662705387365976
-0.670958696863148
-0.679930610965297
-0.689767501288153
-0.700577204423684
-0.712427976250017
-0.725348216467014
-0.739326954316241
-0.754315073370517
-0.770227240701177
-0.786944493856659
-0.804317428107955
-0.822169916512591
-0.840303286679004
-0.858500870815697
-0.876532839839811
-0.894161228087991
-0.911145052582301
-0.927245429891901
-0.942230594405593
-0.955880724271399
-0.967992485319868
-0.978383208893528
-0.986894626556118
-0.993396093028331
-0.997787238246292
-1
