0.0844102939199729
0.0775194974883109
0.0638283576483878
0.0435165008958442
0.0168501872400462
-0.0158214521681617
-0.0540713435623887
-0.0974004915776143
-0.145245002823369
-0.196984007186466
-0.251948358752462
-0.309429986761722
-0.368691757528197
-0.428977700890853
-0.489523449649765
-0.549566737637559
-0.608357801632153
-0.665169534232304
-0.719307239060378
-0.770117846158103
-0.816998454096871
-0.859404075997408
-0.896854479175901
-0.928940022308419
-0.955326409610416
-0.975758298319477
-0.990061713485075
-0.998145242433141
-1
-0.995698374429071
-0.985391582403194
-0.969306079758267
-0.947738891710897
-0.921051942667933
-0.889665480619616
-0.854050704522196
-0.81472171474601
-0.772226916424524
-0.727140013242112
-0.680050734729469
-0.631555443415601
-0.582247769169903
-0.532709416748421
-0.483501288962832
-0.435155062082068
-0.388165342152909
-0.342982521017873
-0.300006439078281
-0.259580948487089
-0.221989455675421
-0.187451506155396
-0.156120457655072
-0.128082270097799
-0.103355423017041
-0.0818919529824738
-0.0635795857890437
-0.0482449208086234
-0.0356576082972794
-0.0255354448504393
-0.0175502978478833
-0.0113347568542013
-0.00648939873842191
-0.0025905439219488
0.00080162619965285
0.00413472587648078
0.00785573396154304
0.0124026143576006
0.0181961257302437
0.0256319546839687
0.0350733008763429
0.0468440347782881
0.0612225391049703
0.0784363335007097
0.0986575690496594
0.121999464813043
0.148513743096401
0.178189103776803
0.210950761034356
0.24666104850773
0.285121081508218
0.326073447759821
0.369205881458917
0.414155859533144
0.460516044079136
0.50784048131076
0.555651455170587
0.603446883241477
0.650708133909024
0.696908137006698
0.741519655529735
0.784023583503529
0.823917134775767
0.860721789371836
0.893990868078311
0.923316612033115
0.94833665220348
0.968739763592484
0.984270810670375
0.99473480368959
1
