-0.477253896481871
-0.46674756770963
-0.445884572779039
-0.414962087428425
-0.374420533522732
-0.324837258022123
-0.2669182519183
-0.201488032234218
-0.129477837402412
-0.0519123112680963
0.0301051267729038
0.115408008731636
0.202783409344461
0.29098915658824
0.37877140751866
0.464882330696904
0.548097635525822
0.627233691797942
0.701163989612277
0.768834700433125
0.829279114272813
0.881630745557086
0.925134920900679
0.959158685458606
0.983198890360458
0.996888351579114
1
0.992448972987248
0.974292628917665
0.945728497491889
0.907090209652895
0.858841481169463
0.801568252913986
0.73596911813848
0.662844192215581
0.58308260298216
0.497648799661176
0.40756789504655
0.313910268969674
0.217775670831247
0.120277065041022
0.0225244654816066
-0.0743909964197021
-0.169412530725515
-0.26153244481101
-0.349805978137318
-0.433364013924205
-0.511424484501372
-0.583302308686476
-0.648417723496162
-0.706302898459182
-0.756606748352899
-0.799097888887737
-0.833665709263165
-0.860319565149184
-0.879186125042337
-0.890504931643803
-0.894622267460336
-0.891983439807649
-0.883123624397386
-0.868657428342948
-0.849267352394266
-0.825691348218769
-0.798709679345026
-0.76913130378801
-0.73778000224653
-0.705480478026375
-0.673044653476931
-0.641258382772295
-0.610868792414709
-0.582572449038715
-0.557004539151714
-0.534729227613034
-0.51623134122716
-0.501909501145806
-0.492070803211583
-0.48692711933563
-0.486593065907866
-0.491085657532282
-0.500325636510376
-0.514140440914418
-0.532268747243765
-0.554366497974339
-0.580014300206002
-0.60872605947123
-0.639958692944729
-0.673122749103211
-0.707593746599758
-0.742724033963257
-0.777854963884316
-0.812329171425298
-0.845502744558503
-0.876757078001436
-0.905510207333095
-0.931227429736455
-0.953431030261411
-0.971708948029994
-0.985722235053911
-0.995211181001844
-1
