1
0.998340979586825
0.995050286983045
0.990182084172132
0.983816287327561
0.976057000682247
0.967030471276692
0.956882600457045
0.945776055830486
0.933887034494291
0.921401734617521
0.908512597765341
0.895414388625662
0.882300181953265
0.869357328533009
0.856763472745494
0.844682693879403
0.833261841678624
0.822627133762739
0.812881078559801
0.804099782302568
0.796330692543467
0.78959082363611
0.783865501823857
0.779107659093738
0.775237695933306
0.772143923714349
0.76968358777299
0.767684462517537
0.765947000231995
0.764247005812548
0.762338800631229
0.759958830214738
0.756829662597683
0.752664317189329
0.747170857899145
0.740057179202818
0.731035909884531
0.719829356433054
0.706174406549881
0.689827312978745
0.670568278898818
0.6482057684296
0.622580469344614
0.593568839834051
0.561086177024936
0.525089151874309
0.485577762892716
0.44259666981291
0.396235877659596
0.346630751556561
0.293961352874444
0.238451097816001
0.180364750091905
0.120005769793115
0.0577130507508248
-0.00614291156941804
-0.0711643704218902
-0.13693113672605
-0.203005779373647
-0.268939143085896
-0.334276104524677
-0.398561483066385
-0.461346019613509
-0.522192335100831
-0.580680779983337
-0.636415086983797
-0.689027741720671
-0.73818498950142
-0.783591401502046
-0.824993929690013
-0.862185387095387
-0.895007298287044
-0.923352074044338
-0.947164474092815
-0.966442332246622
-0.98123652921163
-0.99165020948642
-0.99783725008269
-1
-0.998386320360395
-0.993285965667776
-0.985026356642526
-0.973967804339703
-0.960498253645905
-0.945027621635468
-0.927981812536116
-0.909796496109225
-0.890910740011009
-0.871760589108192
-0.852772685735802
-0.834358024487672
-0.816905933325753
-0.800778369607491
-0.786304615107862
-0.773776448320995
-0.763443865352104
-0.755511412658229
-0.750135185887249
-0.747420539234596
