-0.518172478713166
-0.514782006858924
-0.508036790504557
-0.498007959697022
-0.484801400473888
-0.468556791343225
-0.449446330736341
-0.427673165739269
-0.403469534854361
-0.377094639902194
-0.348832264429481
-0.318988158124688
-0.287887208743708
-0.255870424898108
-0.223291754743487
-0.190514767111645
-0.157909222944474
-0.125847565997775
-0.0947013626785931
-0.0648377215502693
-0.0366157234767945
-0.0103828935749679
0.0135282539062493
0.0348035669590214
0.0531504731740233
0.0683010336179244
0.0800148048230107
0.0880814817851774
0.0923232964134124
0.092597147656011
0.0887964415364511
0.080852621553372
0.0687363723205519
0.0524584819281844
0.0320703512781002
0.00766414156285289
-0.0206274459000025
-0.0526317601252135
-0.0881371606382079
-0.126894343537968
-0.168618026320717
-0.212988981061354
-0.259656402307353
-0.308240592864851
-0.358335947578843
-0.40951421225904
-0.4613279921095
-0.513314481412638
-0.564999383824432
-0.615900990484308
-0.665534381254895
-0.71341571280675
-0.759066555971807
-0.80201824382469
-0.841816191328681
-0.878024147115091
-0.910228338060151
-0.938041467787977
-0.961106531063493
-0.979100407244017
-0.991737197526905
-0.998771272654128
-1
-0.99526612155873
-0.984459757243875
-0.967520011088313
-0.944436161364058
-0.915248419295977
-0.880048244889454
-0.838978212393812
-0.79223142204341
-0.740050458917474
-0.682725903997165
-0.620594406732507
-0.554036332620431
-0.483473003395925
-0.409363551409393
-0.332201413563555
-0.252510493772882
-0.170841026249575
-0.0877651749765592
-0.00387240746661788
0.080235316702693
0.163948500073284
0.246655160087818
0.327745935146611
0.406619197852179
0.482686129030534
0.555375706244909
0.624139561095477
0.688456660624192
0.747837769609494
0.80182965242833
0.85001897546586
0.892035873744572
0.927557148498602
0.956309065806348
0.978069730081517
0.992671010173197
1
