1
0.994953397016815
0.984930317644676
0.9700698612665
0.950577811351722
0.926723249369916
0.898834126830108
0.867291868056319
0.832525092237167
0.795002557783483
0.755225444858092
0.713719102897917
0.671024398852183
0.627688808566462
0.584257398140322
0.541263844103411
0.499221640855797
0.458615641007097
0.41989406906776
0.383461141475487
0.349670416297248
0.318818984285285
0.291142599468457
0.266811832342932
0.245929312229267
0.228528107749434
0.214571275928838
0.20395259143999
0.196498448280504
0.191970907027039
0.190071842036583
0.1904481248793
0.192697763175027
0.196376898145165
0.201007549840549
0.20608598639768
0.211091583016745
0.21549602782093
0.218772725489762
0.220406245665891
0.219901661683727
0.216793626189466
0.210655033706304
0.201105126097298
0.187816905104712
0.170523726574532
0.149024963448781
0.123190638934267
0.0929649472122638
0.0583685963912535
0.0194999268532188
-0.0234652225857698
-0.0702749084906211
-0.12060372439109
-0.174056658038996
-0.230174112777609
-0.288438022727939
-0.348278973792181
-0.409084226082093
-0.470206518562059
-0.530973523691232
-0.590697808866728
-0.648687152689317
-0.704255057639101
-0.756731296769563
-0.805472330573951
-0.849871431278639
-0.889368355464445
-0.923458412059185
-0.951700781294504
-0.973725951050487
-0.989242149960309
-0.998040671518107
-1
-0.995088667017219
-0.983366786695383
-0.964986237519727
-0.940189479493479
-0.909307016106854
-0.872753531384424
-0.831022752646648
-0.784681109270642
-0.734360276359886
-0.68074870954227
-0.624582292840186
-0.566634235449232
-0.507704365105508
-0.448607975328959
-0.390164391049876
-0.333185421842287
-0.2784638741253
-0.22676229321492
-0.178802103018561
-0.135253305507026
-0.0967248939582648
-0.0637561234669607
-0.0368087695131444
-0.0162604906755096
-0.00239939508567932
0.00458010779910056
