0.390874478546588
0.382493255605434
0.365887904407731
0.341369949590711
0.309400059789388
0.270580226778437
0.225643537454853
0.175441705778371
0.120930568475379
0.063153781726627
0.00322498566158114
-0.057691271204295
-0.118399534837435
-0.177694047523525
-0.234379610040146
-0.287292360686906
-0.335320128388839
-0.377422023313569
-0.412646940104489
-0.440150665749605
-0.459211306013868
-0.469242770916447
-0.469806090514363
-0.460618366772725
-0.441559205012398
-0.412674508729378
-0.374177563835895
-0.32644738190874
-0.270024316151903
-0.205603007784541
-0.134022763748838
-0.0562555083048407
0.0266085094264115
0.11337703322796
0.202773890836218
0.293458576908207
0.384047021611085
0.473133218427017
0.559311369802543
0.641198199703272
0.717455078124767
0.7868096042339
0.848076302057442
0.900176095393078
0.942154246701321
0.973196467869781
0.992642938567879
1
0.994949327719318
0.977354426224317
0.947264329714655
0.904914436980091
0.850724453251495
0.78529345725136
0.709392156927786
0.623952441727111
0.530054382055363
0.428910867120455
0.321850109992919
0.210296282875024
0.0957485756823491
-0.0202410033627403
-0.136090745760672
-0.250212924620283
-0.361037675746722
-0.467036709071796
-0.566746483117726
-0.65879048247917
-0.741900251241073
-0.814934853628828
-0.87689845673393
-0.926955758512848
-0.964445016983836
-0.988888473140843
-1
-0.997689852773775
-0.982066439770028
-0.953435079544328
-0.912293756379127
-0.859325932597424
-0.795390521817023
-0.721509171302571
-0.638851043387683
-0.548715324864666
-0.452511728664962
-0.351739283524257
-0.247963734149671
-0.142793896260768
-0.0378573274168298
0.0652243144920015
0.164859847997312
0.259512703577358
0.34772424793403
0.428135939185964
0.499509972873712
0.560748101679094
0.61090833968666
0.649219294428327
0.675091906350935
0.688128415166277
