1
0.987872997692341
0.963771608615862
0.927998973044732
0.881004604812557
0.823378240167713
0.755841776126095
0.679239415502372
0.594526161751439
0.502754830548253
0.405061766320022
0.30265147040173
0.19678036283948
0.0887399118891001
-0.0201606262261729
-0.128611609847687
-0.235320308060046
-0.339027844387717
-0.4385255480548
-0.53267048258467
-0.620399934649087
-0.700744662402555
-0.772840721801002
-0.835939711303518
-0.889417299551623
-0.932779926737642
-0.96566959800928
-0.987866715985884
-0.999290928842396
-1
-0.990186734796419
-0.970174028147643
-0.940408124722419
-0.901450209115818
-0.853966467538492
-0.798716784274916
-0.736542255284641
-0.668351717544683
-0.595107505823573
-0.517810658352784
-0.437485799185626
-0.35516592782759
-0.271877345961223
-0.188624946803483
-0.106378084909781
-0.0260572332149354
0.0514783800333729
0.125441978801555
0.195129135211594
0.25992621972515
0.319317295190656
0.37288936970159
0.420335949672365
0.461458861705625
0.4961683392711
0.524481397508306
0.546518546175073
0.562498916473462
0.572733901794405
0.577619434956399
0.577627044925539
0.573293853983121
0.565211691581691
0.554015513473738
0.540371323929634
0.524963804853594
0.50848385828116
0.491616268074919
0.475027682656322
0.459355113402513
0.445195133031655
0.43309394508054
0.423538479672833
0.416948652455602
0.413670903154105
0.413973108001097
0.418040936705403
0.425975700024267
0.437793708799489
0.453427139920901
0.472726379506778
0.4954637890486
0.521338816755046
0.549984354227257
0.58097421826031
0.613831619320879
0.648038462390015
0.683045312634928
0.718281847993338
0.753167613380627
0.787122886976078
0.819579467972022
0.849991197288389
0.877844028022664
0.902665470728388
0.924033249850639
0.94158302160402
0.955015020022834
0.964099516569096
0.968680999241086
