0.578834504836923
0.583451058403695
0.592591426879702
0.60607156984892
0.623618997153969
0.644876992802715
0.669410146749355
0.696711110727966
0.726208475791354
0.757275652247817
0.789240617551772
0.821396384621659
0.853012032228829
0.883344130688317
0.911648390213055
0.937191356054661
0.959261973993236
0.977182851861105
0.990321047555522
0.998098221336267
1
0.995584412620359
0.984489271752155
0.966438390098476
0.941246540380879
0.908823085260307
0.869174224334236
0.82240382617232
0.768712834725844
0.708397260926582
0.641844791548661
0.569530068116811
0.49200870848949
0.409910162423466
0.323929509653545
0.234818324536943
0.143374744882645
0.0504328940092966
-0.0431481858182041
-0.136495923765867
-0.228735765700017
-0.319002703911466
-0.406452621952952
-0.490273288929746
-0.569694843783326
-0.643999618721022
-0.712531161827561
-0.774702331869661
-0.830002353162356
-0.878002734867103
-0.918361976973386
-0.950829004193544
-0.975245288774566
-0.991545643488978
-0.999757686491589
-1
-0.992479024558545
-0.977484749669939
-0.955385279532301
-0.926620369224982
-0.891694041690808
-0.851166409036933
-0.805644832823444
-0.755774566962665
-0.702229033482678
-0.645699885622986
-0.586887014474275
-0.526488654632827
-0.465191741138102
-0.403662664362659
-0.342538561628614
-0.282419274271756
-0.223860086834817
-0.1673653512479
-0.113383083476989
-0.0623006034452653
-0.0144412713310693
0.0299376450896309
0.070645956258564
0.107560393008426
0.140623327112017
0.169840410558894
0.195277191465804
0.217054781020733
0.235344661029161
0.250362735233233
0.262362739394124
0.271629134978504
0.27846961901743
0.283207388190722
0.286173298349174
0.287698061475626
0.288104620497726
0.287700838432184
0.286772632132697
0.28557767253862
0.284339762920981
0.283243994371606
0.282432763884836
0.282002725071006
