1
0.991735060473589
0.975292922204857
0.950847877292053
0.918658407799411
0.87906368744502
0.832478998027568
0.779390128292667
0.720346837902316
0.655955482870551
0.586870911055817
0.513787746870152
0.437431193116845
0.358547484669762
0.277894133457386
0.19623010684275
0.114306081959903
0.0328549168743775
-0.0474175243905471
-0.125841061815938
-0.201789281063014
-0.274686893309696
-0.344016271113449
-0.409323071101774
-0.470220868542089
-0.526394744184861
-0.577603779968325
-0.623682436967968
-0.664540806108027
-0.700163739359914
-0.730608886167404
-0.756003676397741
-0.776541306966439
-0.792475804177859
-0.8041162475356
-0.811820253096984
-0.815986825187564
-0.817048694292568
-0.815464266068169
-0.811709311561591
-0.80626853182181
-0.799627131080638
-0.792262531578892
-0.784636359928817
-0.777186829698882
-0.770321637769328
-0.764411483055046
-0.759784305573562
-0.756720331722853
-0.755447998222256
-0.756140812675753
-0.758915193372564
-0.763829314990589
-0.770882970567691
-0.780018443713139
-0.791122368806609
-0.804028541131267
-0.818521623760075
-0.834341683798241
-0.851189477502821
-0.86873239205726
-0.886610941556823
-0.904445706218854
-0.921844597100639
-0.938410323789674
-0.953747939697894
-0.967472338782859
-0.979215578742615
-0.988633908962286
-0.995414386672836
-0.999280971828288
-1
-0.997384942980634
-0.991300378616448
-0.981665104451783
-0.968454343862463
-0.951701008247106
-0.931495994296828
-0.907987511125542
-0.881379447861521
-0.851928807922033
-0.819942251366194
-0.785771801203523
-0.749809783095521
-0.712483080308036
-0.674246796855263
-0.63557743134517
-0.596965671938986
-0.558908928948676
-0.521903725819557
-0.486438071514268
-0.452983937594229
-0.421989961582627
-0.393874494517843
-0.369019105028446
-0.347762644871333
-0.330395971793178
-0.317157414948953
-0.308229056111648
-0.303733886727922
