-1
-0.992725437423763
-0.978284972991671
-0.956894214959208
-0.928872319731171
-0.894636959819998
-0.854697738409518
-0.809648154254094
-0.760156243478297
-0.706954045684655
-0.650826060298171
-0.592596874984928
-0.533118161027519
-0.473255240517024
-0.413873436972801
-0.355824424421246
-0.29993278999914
-0.24698302179595
-0.197707126965256
-0.152773075223927
-0.112774249874779
-0.0782200726390677
-0.0495279501187784
-0.027016668916407
-0.0109013436491786
-0.00128999766448867
0.00181816942147206
-0.00146720022507485
-0.0109293196341623
-0.0262476426853903
-0.047002885522736
-0.0726836050949399
-0.10269423170275
-0.136364429576857
-0.172959638637855
-0.211692632030399
-0.251735908069764
-0.292234722140976
-0.332320554054462
-0.371124799545078
-0.4077924711104
-0.441495693273425
-0.471446780625618
-0.496910693606221
-0.517216676798355
-0.531768897416267
-0.540055917417326
-0.541658851048232
-0.536258080337294
-0.523638423746913
-0.503692677544506
-0.47642347505208
-0.441943435390868
-0.400473600230911
-0.352340183962296
-0.297969689201044
-0.237882465210998
-0.172684811259248
-0.103059749741913
-0.0297566147603823
0.0464203796325853
0.124624411353553
0.203978969114618
0.283591214847369
0.362565579579225
0.440017379094854
0.515086235563428
0.586949094531905
0.654832633223231
0.71802486583222
0.775885764325798
0.827856728925025
0.873468760725707
0.912349209512971
0.944226992417004
0.968936203285104
0.986418058125943
0.996721148313085
1
0.996511964975389
0.986612494552634
0.970748873624195
0.949452516317725
0.923329947381794
0.893052614147366
0.859345692329659
0.822976064763275
0.784739665151913
0.745448388858052
0.705916779501051
0.666948703568391
0.629324225320484
0.593786890984101
0.56103162463558
0.531693428377277
0.506337066564788
0.485447898151721
0.469424002931903
0.45856972686523
0.453090749099048
