-0.900759131487047
-0.885569164262429
-0.855431395362065
-0.810826323773232
-0.752465178214639
-0.681278661905997
-0.598402223551461
-0.505158087133907
-0.403034324306229
-0.293661299876789
-0.178785862381833
-0.0602436873629986
0.0600697898390783
0.180229392664588
0.298310699123197
0.41242053305595
0.520726969166686
0.62148837775369
0.713081050189073
0.794024968554391
0.863007312093546
0.918903328826945
0.960794242221441
0.987981909573423
1
0.996621514837412
0.977862530950471
0.9439821070518
0.895478353674719
0.833080727983791
0.757738674187067
0.67060678799406
0.573026738433379
0.466506231537925
0.352695347115898
0.233360621315314
0.110357283303634
-0.0143999164398195
-0.138966826443311
-0.261400488371227
-0.379789722619284
-0.492285223101522
-0.597128686628309
-0.692680517434813
-0.777445669827043
-0.850097221214717
-0.909497303535224
-0.954715062677596
-0.985041362333914
-1
-0.999355257808824
-0.983115668642369
-0.951533937619936
-0.905103019662491
-0.844548414428094
-0.770816799547107
-0.685061180817366
-0.58862279293843
-0.483010035604095
-0.369874776525583
-0.250986394486621
-0.128203971180981
-0.00344706979047438
0.121334439433827
0.244191031274426
0.36320417246399
0.476516480599671
0.582360919904912
0.679088573844961
0.765194557011122
0.839341657996746
0.900381340733225
0.947371773373756
0.979592600650072
0.996556226944748
0.998015432309991
0.983967201456233
0.954652705419371
0.910553436253174
0.852383555727183
0.781078578684617
0.697780569488332
0.603820084945066
0.500695148382422
0.390047586350621
0.273637100994311
0.153313486832931
0.030987429938611
-0.091399650152898
-0.211906240372778
-0.328621372870013
-0.439694779580068
-0.543366087241612
-0.637992592617995
-0.722075180062259
-0.794281972849025
-0.853469345422325
-0.898699965311982
-0.929257580296696
-0.94465831770149
