-0.108817986828466
-0.110613949619022
-0.114193743218555
-0.119533031771056
-0.126595135638067
-0.135330831143811
-0.14567810125993
-0.157561851879662
-0.170893611362379
-0.185571233656849
-0.201478627471455
-0.218485535596829
-0.236447389555471
-0.255205265219303
-0.274585964876369
-0.294402250430658
-0.314453250985067
-0.334525065999891
-0.3543915825633
-0.37381552209303
-0.392549728058547
-0.41033870212919
-0.426920391584958
-0.442028225949856
-0.455393395707595
-0.466747360726273
-0.475824570747218
-0.482365375080958
-0.48611909359894
-0.4868472163111
-0.484326694372533
-0.478353281358933
-0.468744880176337
-0.45534484810493
-0.438025210289451
-0.416689730540424
-0.391276787650051
-0.361762005591173
-0.328160586981065
-0.290529301064361
-0.248968080197442
-0.203621182382196
-0.154677881768254
-0.102372654173729
-0.0469848305059636
0.011162302576011
0.0717029684100043
0.134230938685968
0.198302142798579
0.263437838544907
0.329128326351535
0.394837181052593
0.460005967201317
0.524059396107105
0.586410875370519
0.646468394759653
0.70364068594713
0.757343588015069
0.807006545833945
0.852079164518692
0.892037740237612
0.92639168575961
0.954689768321621
0.976526077713844
0.991545643932972
0.999449626343659
1
0.993023669579469
0.978415947222267
0.956143337384951
0.926245579528501
0.888836907973868
0.844106497465953
0.792318072771816
0.733808670873091
0.668986554860365
0.598328289357008
0.522374998045912
0.441727834497096
0.357042707849891
0.269024314845105
0.178419539089913
0.0860102871367971
-0.00739416115744562
-0.100965203571183
-0.193863277411114
-0.285246437212234
-0.374279049491195
-0.460140503446408
-0.5420338354393
-0.619194165349204
-0.690896844474363
-0.75646521753963
-0.815277905535856
-0.866775521506809
-0.910466737949645
-0.945933632121324
-0.972836244147115
-0.990916292296338
-1
