1
0.995831177659599
0.987517850189314
0.975108589582986
0.958676095939816
0.93831700294212
0.914151610231615
0.88632353592013
0.854999281167746
0.820367697705845
0.782639348412701
0.742045750597501
0.6988384915413
0.653288206099193
0.60568340679877
0.556329157879155
0.505545586098563
0.453666222883978
0.401036174484065
0.3480101191879
0.29495013335243
0.242223350898839
0.190199464044229
0.139248076277019
0.0897359219043585
0.0420239698366867
-0.00353556743547712
-0.0466022955390921
-0.0868507434555644
-0.123973482401552
-0.157684226000289
-0.187720877293947
-0.21384848646728
-0.235862081937297
-0.253589336755521
-0.26689303210365
-0.275673280067377
-0.279869468865241
-0.279461895298859
-0.274473051377547
-0.264968534844075
-0.251057556669086
-0.232893022460087
-0.210671169107556
-0.184630742817525
-0.155051709900297
-0.122253497234266
-0.086592765130849
-0.0484607213140269
-0.00827999081379838
0.0334989373286527
0.076401659623305
0.11993417118211
0.163587503874427
0.20684264593934
0.249175694568148
0.290063188636227
0.328987565008451
0.365442678733598
0.398939325040218
0.429010699399268
0.455217731068035
0.477154225504909
0.49445175186383
0.50678421344731
0.513872041512235
0.515485956165666
0.51145024222888
0.501645492845461
0.486010779210529
0.464545211039724
0.437308859204778
0.40442301925493
0.366069802229646
0.322491047150993
0.273986557760812
0.220911674332359
0.163674199628815
0.102730706192328
0.0385822600173984
-0.0282303968159618
-0.0971321549041686
-0.167519281512985
-0.238765537760599
-0.310228601799639
-0.38125672645748
-0.451195556309884
-0.519395026597116
-0.585216264784736
-0.648038414951668
-0.707265305570515
-0.762331882630888
-0.812710332433384
-0.857915821723993
-0.897511787107217
-0.931114710819156
-0.958398325895825
-0.979097200461753
-0.993009658204722
-1
