-0.923668670278214
-0.925329209205455
-0.928588691158521
-0.933325133938368
-0.93935856717635
-0.946454577177377
-0.95432893663378
-0.962653238357434
-0.971061434513392
-0.979157166812146
-0.986521758997874
-0.992722730993458
-0.997322684432138
-0.999888402184345
-1
-0.997259966611679
-0.991301929618947
-0.981798988190071
-0.968471460021009
-0.951093898985584
-0.929501251355258
-0.903594032181831
-0.873342419204094
-0.838789179208345
-0.800051360861211
-0.757320708334178
-0.710862771224909
-0.661014708007621
-0.608181802160463
-0.552832731864607
-0.495493655391891
-0.436741194646662
-0.377194418467225
-0.317505944905564
-0.258352297496594
-0.200423664234304
-0.144413219358456
-0.0910061769249528
-0.0408687513282736
0.00536279664949357
0.0470928491425
0.0837766790766876
0.114930085039896
0.140138249571488
0.159063667985095
0.171453008058378
0.177142776479813
0.176063685600445
0.168243633530137
0.153809231644204
0.132985835803448
0.106096060693294
0.073556780296091
0.0358746412547883
-0.00635986060728611
-0.0524796674482828
-0.101749715164007
-0.153376642048125
-0.206519515715651
-0.260301426656901
-0.313821782031876
-0.366169121035216
-0.416434263564333
-0.463723597171695
-0.507172303496551
-0.545957324625645
-0.579309872153791
-0.606527287082828
-0.626984067043397
-0.640141888533393
-0.645558465780421
-0.642895104250787
-0.631922825503134
-0.612526960743055
-0.584710132767111
-0.548593569654329
-0.504416718213144
-0.45253515044756
-0.393416781783916
-0.327636445109952
-0.255868889433447
-0.178880295788663
-0.0975184255384813
-0.0127015370911387
0.0745937740502687
0.163345640353086
0.252500706772967
0.340988437697728
0.427735740851085
0.511681697310634
0.591792184562806
0.667074180474404
0.736589540196877
0.799468045278637
0.854919534537489
0.902244939388104
0.940846062133375
0.970233953977003
0.990035769924088
1
