1
0.996496694319765
0.989504505630112
0.979052363373631
0.965183867926078
0.94795752682489
0.927447051292695
0.90374169776172
0.87694663591831
0.84718332200745
0.814589853830044
0.779321282086768
0.741549851517942
0.701465144694839
0.659274101358543
0.615200886890469
0.569486584834356
0.522388690361197
0.474180384151949
0.425149569332381
0.375597657782646
0.32583809630352
0.276194627684093
0.226999286606091
0.17859013545437
0.131308750392023
0.0854974734080736
0.041496451358773
-0.000359511797897949
-0.0397442584288957
-0.0763437005504625
-0.109859323089137
-0.140011723427856
-0.166544140481828
-0.189225924103344
-0.207855893889199
-0.222265535509793
-0.232321982534352
-0.237930732418334
-0.239038046859981
-0.235632989122437
-0.227749054141097
-0.215465351264368
-0.198907304267459
-0.178246838777758
-0.153702033388849
-0.12553621743871
-0.0940565055961476
-0.0596117669387669
-0.0225900340088996
0.0165846347124186
0.0574558174865571
0.0995388878272836
0.142325631822513
0.185289279888539
0.227889901661134
0.269580106370007
0.3098109853494
0.348038228405762
0.383728341681034
0.416364891493546
0.445454696471286
0.470533889164351
0.491173768269586
0.506986363640567
0.517629638393726
0.522812255644143
0.522297841683849
0.515908682706598
0.503528798426502
0.485106343058669
0.460655292040155
0.430256381468146
0.394057276407476
0.352271953849909
0.30517929606355
0.253120900217085
0.196498120360546
0.135768367950591
0.0714407069821161
0.00407078928990878
-0.0657448154213197
-0.137374831902331
-0.210159963523858
-0.283419971033065
-0.356461062893
-0.428583509490027
-0.499089389916257
-0.567290377640955
-0.63251547021715
-0.694118568250461
-0.751485810192418
-0.804042572098241
-0.851260045279962
-0.892661309743224
-0.927826827356933
-0.956399285790433
-0.978087732269434
-0.992670945042911
-1
