0.604402228199174
0.600306898989495
0.592124111178346
0.579869939401061
0.563569320115509
0.5432570158642
0.518978859572825
0.490793244447432
0.458772817694806
0.423006329768176
0.383600585264301
0.340682437082783
0.294400762100186
0.244928354485839
0.192463671947131
0.13723237067088
0.0794885665319174
0.0195157632546379
-0.0423726074013108
-0.105833082765994
-0.170492546311112
-0.235949119507315
-0.301773594732015
-0.367511426085348
-0.432685284986248
-0.496798177005036
-0.559337105721497
-0.619777258662424
-0.677586679758378
-0.732231382454335
-0.783180847798828
-0.829913842701165
-0.87192448525724
-0.908728476760704
-0.939869413882237
-0.96492508964293
-0.983513688336216
-0.995299777552984
-1
-0.997388368911611
-0.987301073552932
-0.969640705587376
-0.944379822894907
-0.911563774716606
-0.871312720678159
-0.823822786198178
-0.769366307883454
-0.70829113459843
-0.641018962798961
-0.568042698253685
-0.489922850240594
-0.407282978492569
-0.320804227358291
-0.231218995625703
-0.13930380400594
-0.0458714351823057
0.0482375666156967
0.142163938545509
0.235039176846754
0.325995333172967
0.414175006597204
0.498741403160448
0.578888331432994
0.653850001005145
0.722910491163041
0.785412759258326
0.840767062438197
0.888458672428022
0.928054770886544
0.959210422390405
0.981673533230786
0.995288716775737
1
0.995852320722048
0.982991780910035
0.961664637904118
0.932215032320107
0.895081468508639
0.850792080500163
0.799958733123338
0.743270024199864
0.681483269155551
0.615415563818738
0.545934034389487
0.473945395359295
0.400384946364012
0.326205147407118
0.252363918466071
0.179812814087416
0.109485226111384
0.0422847680980563
-0.020926006660547
-0.0793364054496603
-0.132197772519002
-0.178832907136649
-0.218644598607534
-0.251123165009577
-0.275852895443293
-0.292517310040742
-0.300903167635232
