1
0.995022522502364
0.985112321734449
0.97035841892412
0.950893133695616
0.926890645711075
0.898565103802736
0.866168305238655
0.829986972868308
0.790339662638045
0.747573338289055
0.702059653897405
0.654190988238353
0.604376277714312
0.553036696744279
0.500601236046886
0.447502230142991
0.394170885648971
0.341032861529452
0.2885039514379
0.236985916613368
0.18686251554842
0.138495773831023
0.0922225342337391
0.0483513233252257
0.00715956666604511
-0.0311088199173075
-0.0662454403458506
-0.0980790120386906
-0.126476531089278
-0.151344001878959
-0.172626729475459
-0.190309178442388
-0.204414406837932
-0.215003089140187
-0.222172146540466
-0.226053007435849
-0.226809524975051
-0.224635582119916
-0.219752417837528
-0.212405710701077
-0.202862458324526
-0.191407692667823
-0.178341072314584
-0.163973393339608
-0.148623060353525
-0.132612558748546
-0.116264968091881
-0.0999005550482652
-0.0838334821929123
-0.0683686666395332
-0.05379881959864
-0.0404016948472489
-0.0284375706841593
-0.0181469863197506
-0.00974874986227658
-0.00343823117151665
0.000614051086919032
0.00226354278024044
0.00139246649457681
-0.00208966523530429
-0.00824582988385347
-0.0171115589538871
-0.0286952738299945
-0.0429788784316542
-0.0599185911482629
-0.0794459964044193
-0.101469294438314
-0.125874726491585
-0.152528151611807
-0.181276750658762
-0.211950832876513
-0.244365720532862
-0.278323687618008
-0.313615929412178
-0.350024540849781
-0.387324482993299
-0.42528551854828
-0.463674099163088
-0.502255189223165
-0.540794012927689
-0.579057713584293
-0.616816916232755
-0.653847186869847
-0.68993038365522
-0.724855897494644
-0.758421781287708
-0.790435768860982
-0.82071618615753
-0.849092758596871
-0.875407319637895
-0.899514426457949
-0.921281889296399
-0.940591221397884
-0.957338016631769
-0.971432261767639
-0.982798590064678
-0.991376482302484
-0.997120420663718
-1
