0.330905904239329
0.320249148412948
0.299103158221677
0.267800456382947
0.226833564641584
0.17684759529693
0.11863054869691
0.0531014636199174
-0.0187034000801632
-0.0956461374889953
-0.176504297736106
-0.259989247736384
-0.344765523197071
-0.42947087484816
-0.51273670765493
-0.593208605195645
-0.669566630516458
-0.740545098617255
-0.804951524212033
-0.8616844614089
-0.909749969261805
-0.948276458486345
-0.976527699670811
-0.99391380165988
-1
-0.994513128927012
-0.977345685825948
-0.948557433850685
-0.908374525887925
-0.857186170706357
-0.795538899366572
-0.724128526207082
-0.643789933409501
-0.555484840749867
-0.46028775216483
-0.359370297743766
-0.25398421329172
-0.145443219338944
-0.0351040771060426
0.0756528897607565
0.18544351205424
0.292899432607219
0.396687409135023
0.495527973743947
0.58821317187768
0.673623119058397
0.750741133343936
0.818667224648935
0.876629748591054
0.92399506189823
0.96027504818036
0.985132416523785
0.998383710376199
1
0.990105267819831
0.968972531708722
0.937017786087728
0.894791874112511
0.842970435667203
0.782342104894055
0.713795157109165
0.638302827789594
0.556907545517846
0.470704336047101
0.380823665778514
0.2884139997607
0.194624351740065
0.100587101787961
0.00740135065596981
-0.0838829306176775
-0.172279712023607
-0.256880451505761
-0.336866174203797
-0.411517905887197
-0.480225310348479
-0.542493410688752
-0.597947306375182
-0.646334831158064
-0.687527130867202
-0.721517174215293
-0.74841624347043
-0.768448484678322
-0.781943628491089
-0.78932802209139
-0.791114139718144
-0.787888763473417
-0.78030004703518
-0.76904369228695
-0.754848482429446
-0.738461424650455
-0.720632760751616
-0.702101105186844
-0.683578966747803
-0.665738902697355
-0.649200542629988
-0.634518703922988
-0.622172801589889
-0.612557732973689
-0.605976392389817
-0.602633942963912
