-0.101018383942003
-0.102017219417678
-0.103990608380513
-0.106890542088367
-0.110646384821303
-0.115166496997942
-0.120340350297308
-0.126041093866482
-0.132128521828716
-0.138452384316819
-0.144855977285025
-0.151179940524302
-0.157266188727388
-0.162961897205682
-0.168123462013379
-0.172620353823828
-0.176338785944211
-0.179185119337379
-0.181088931410188
-0.182005680567705
-0.181918905041171
-0.180841902171466
-0.178818843046023
-0.175925287004002
-0.172268070884809
-0.167984558827774
-0.16324124975435
-0.158231751189389
-0.153174139610689
-0.148307738860802
-0.143889359118083
-0.140189049316351
-0.137485425543364
-0.136060646667786
-0.136195116086326
-0.138161994907835
-0.142221616978592
-0.148615899803106
-0.157562847550378
-0.16925124290384
-0.183835623485986
-0.201431635964099
-0.222111856744908
-0.245902162442971
-0.272778726134488
-0.30266570688358
-0.335433690272863
-0.370898926826398
-0.408823403441349
-0.448915770421895
-0.490833133625521
-0.534183707788865
-0.578530313506445
-0.623394686803613
-0.668262556988846
-0.712589435701262
-0.755807047992555
-0.79733032509494
-0.836564868412313
-0.872914785399877
-0.905790790518999
-0.934618458499877
-0.958846512822847
-0.977955029723666
-0.991463437196727
-0.998938189444009
-1
-0.994330521329635
-0.98167836499553
-0.961864364443721
-0.934785991959111
-0.900420852263884
-0.858829187422647
-0.810155341005343
-0.754628143653149
-0.692560197089251
-0.624346048998906
-0.550459266846425
-0.471448434370204
-0.387932109968465
-0.300592801227457
-0.210170024225392
-0.117452529752799
-0.0232697910189136
0.0715171414251254
0.166025302093246
0.259359866715548
0.350624472131139
0.438931665322547
0.523413344288158
0.603231052687317
0.677585991391635
0.745728613225106
0.806967672235894
0.860678605746257
0.906311136078875
0.943395989136682
0.971550638773438
0.990483998966092
1
