1
0.996436848844162
0.989349272824007
0.978814136257525
0.964945274248049
0.947891764897927
0.927835668257779
0.904989267710005
0.879591857337629
0.85190612599216
0.822214195133432
0.790813372969606
0.75801169189019
0.724123299588269
0.68946377655615
0.654345453774987
0.619072804385504
0.583937981924149
0.549216575355677
0.51516364766666
0.482010120259128
0.449959559871449
0.419185418341425
0.389828768316121
0.361996570118138
0.335760496523819
0.311156333329217
0.288183964415005
0.266807940717136
0.246958623213375
0.228533880894112
0.211401315844113
0.195400979160284
0.180348533602371
0.166038811743264
0.152249712066193
0.138746370048465
0.125285536861275
0.111620094973154
0.0975036377240968
0.082695038874252
0.0669629382426844
0.050090070837046
0.0318773693143646
0.0121477731687223
-0.00925031734234738
-0.0324399989166203
-0.0575132844505901
-0.084529026384792
-0.113511378743268
-0.144448823917396
-0.177293781280037
-0.211962805470921
-0.248337372814387
-0.286265244964202
-0.325562389665382
-0.366015429625249
-0.407384582036428
-0.449407043426802
-0.491800767350696
-0.53426857609517
-0.576502542156411
-0.618188570830083
-0.659011111926659
-0.698657926421984
-0.736824832820236
-0.77322035815856
-0.807570219918741
-0.839621567611348
-0.869146916423635
-0.895947710018167
-0.91985745526158
-0.940744378263714
-0.958513558513271
-0.973108505991759
-0.984512154805808
-0.992747255963682
-0.997876161292345
-1
-0.999257258886272
-0.995821786539069
-0.989900250886993
-0.981729088056976
-0.971570988483665
-0.959710973504148
-0.946452122134078
-0.932111013257252
-0.917012952982976
-0.901487060362362
-0.88586128695183
-0.870457446832769
-0.85558633362235
-0.841542999742526
-0.828602270771533
-0.817014564122523
-0.807002076632752
-0.798755399976711
-0.792430616226055
-0.788146918470906
-0.785984793306915
