1
0.988239042024907
0.964882505718642
0.930258642970397
0.884853601961336
0.829304059737576
0.764387577422779
0.69101082743288
0.610195874970844
0.523064726146934
0.430822381820347
0.334738659274094
0.236129062757844
0.136334998468751
0.0367036394623059
-0.0614322488592591
-0.156774211723128
-0.248077430006085
-0.334169170189905
-0.413966076080994
-0.486490037466698
-0.550882393340002
-0.606416253545434
-0.652506752269162
-0.688719079250244
-0.714774169417557
-0.730551968311122
-0.736092228551596
-0.731592831183089
-0.717405664327168
-0.694030129644989
-0.662104384013551
-0.62239445900366
-0.575781433650905
-0.523246866122892
-0.46585671673621
-0.404744017946899
-0.341090566068364
-0.276107924264358
-0.21101803659383
-0.14703375839302
-0.0853396089864649
-0.027073048616451
0.026693427360595
0.0749690973981774
0.116860464006154
0.151585105429533
0.178483714522157
0.197030139566766
0.206839273658217
0.207672673503204
0.19944182455551
0.182209006730299
0.156185752934299
0.12172893071108
0.0793345148314095
0.02962915506626
-0.0266403219090581
-0.0886193050632456
-0.155359484878913
-0.225834404918544
-0.298956228601861
-0.373593451843802
-0.448589277623559
-0.522780358490125
-0.595015607613513
-0.664174778344126
-0.729186516351803
-0.78904559721118
-0.842829075638293
-0.889711090249316
-0.928976089422811
-0.96003026925467
-0.98241104329443
-0.995794395285684
-1
-0.994994032914399
-0.980889626370691
-0.957944967384831
-0.926559069850523
-0.887265290907487
-0.840722697134114
-0.787705420407995
-0.729090175214555
-0.665842138368165
-0.598999418080014
-0.529656361651837
-0.458945969441567
-0.388021696846109
-0.318038935655707
-0.25013647110295
-0.185418211180197
-0.124935480329604
-0.0696701604926624
-0.0205189488871776
0.0217210160233581
0.0563649308047269
0.0828513015595167
0.100750941450152
0.109773847600287
