-1
-0.989851989153104
-0.969693317831669
-0.939796582678192
-0.900565451503243
-0.852528482865209
-0.796331037554816
-0.732725409212376
-0.662559329300102
-0.586763027193349
-0.50633504883959
-0.422327056903842
-0.335827851266486
-0.247946860911932
-0.159797366452011
-0.0724797166367305
0.0129351978478265
0.0954219542082793
0.174015840220854
0.247827091248201
0.316053899126911
0.377993990010527
0.433054591012709
0.480760631100975
0.520761049738133
0.552833116812658
0.576884698965512
0.592954440010061
0.601209856238147
0.601943380485404
0.595566421369144
0.582601535597433
0.563672841180068
0.539494827276934
0.510859741854817
0.478623760887003
0.443692162163328
0.407003742574919
0.369514729746869
0.332182446922484
0.29594899392627
0.261725206786212
0.230375154181755
0.202701420370702
0.179431411769251
0.161204908110749
0.14856305934597
0.14193900648236
0.141650278753499
0.147893091270389
0.160738637078523
0.180131435806419
0.205889768343785
0.23770819374807
0.275162111372508
0.317714298561953
0.364723322691446
0.415453696326485
0.469087616338487
0.524738102357127
0.581463327386941
0.638281914117293
0.694188954719601
0.748172500004835
0.799230255898769
0.846386221410256
0.888707002681878
0.925317542319332
0.95541601192653
0.978287628493212
0.993317171793493
1
0.997951383986065
0.986914006913798
0.966763504279728
0.937511950163998
0.899309227524312
0.852442253488012
0.79733206420481
0.734528797400553
0.664704643791108
0.588644870455629
0.507237049627398
0.421458654660266
0.332363210723407
0.241065210660331
0.14872402605853
0.0565270596042988
-0.0343276030104144
-0.122648775199261
-0.207269715177133
-0.287065365026838
-0.360969017366277
-0.427988152443112
-0.487219201102996
-0.53786100552171
-0.579226769604666
-0.610754314226658
-0.632014478646745
-0.642717538078764
