0.814800669069376
0.817222446820127
0.822009221404582
0.8290483648601
0.838173255047409
0.849166018004622
0.861761116102361
0.875649724836035
0.890484828515974
0.905886953644758
0.921450448585162
0.936750209383101
0.951348744456349
0.964803465404921
0.976674087529615
0.986530021819621
0.99395764021757
0.998567297890719
1
0.997933606005626
0.992088471791344
0.982232438715367
0.968185088965359
0.94982119814561
0.92707332867467
0.89993352112147
0.868454054843608
0.832747263988224
0.792984409841739
0.749393625433891
0.702256962978373
0.651906588934999
0.598720184982215
0.543115625780589
0.485545015888212
0.426488178376444
0.366445696427533
0.305931616336119
0.245465925771225
0.185566924797541
0.126743608946609
0.0694881835409265
0.0142688265076587
-0.0384771868960098
-0.0883498896274262
-0.134992458159162
-0.178096385913406
-0.217405913545849
-0.252721646417641
-0.283903302318434
-0.310871546129602
-0.333608882429849
-0.352159591820371
-0.366628711750842
-0.377180077624478
-0.384033454713955
-0.387460805697734
-0.387781752203189
-0.385358301405003
-0.380588920274869
-0.373902050329564
-0.365749164517236
-0.356597475077544
-0.346922406696485
-0.337199952964646
-0.32789903597996
-0.319473988883555
-0.312357279180639
-0.306952586907727
-0.303628346122355
-0.302711850899519
-0.304484018134968
-0.30917488911897
-0.316959940217834
-0.327957260267284
-0.342225638642139
-0.359763593635371
-0.38050935598211
-0.404341807333509
-0.431082358458274
-0.460497737162717
-0.492303641606235
-0.526169201073715
-0.561722173563717
-0.598554797961752
-0.636230208273851
-0.674289308559175
-0.712257999960896
-0.749654645705828
-0.785997656212644
-0.820813074574561
-0.853642042694728
-0.884048030251028
-0.911623712421596
-0.935997387854111
-0.956838835623153
-0.973864518776425
-0.986842052382809
-0.995593865600593
-1
