-1
-0.990328344589546
-0.971088874508138
-0.942487915437515
-0.904831585900586
-0.858521807550388
-0.804051075161534
-0.741996061393937
-0.673010148028095
-0.59781499062386
-0.517191237202412
-0.431968533390843
-0.343014956324694
-0.251226027330915
-0.157513458899525
-0.0627937946184661
0.0320228984497142
0.126044127035442
0.218405704563805
0.308281971857885
0.39489536616291
0.477525209403107
0.55551559885312
0.628282297360931
0.695318535681915
0.756199656134623
0.810586544410408
0.858227814689586
0.898960731954451
0.932710874257259
0.959490556410614
0.979396054833765
0.99260369083382
0.999364846160732
1
0.994891890428331
0.984477915549354
0.96924189986986
0.949705359822162
0.92641840856689
0.899950444237858
0.870880767566275
0.839789274330269
0.807247365337594
0.773809211719686
0.740003506282742
0.706325822647966
0.673231693070192
0.641130503331975
0.610380289173616
0.581283503565531
0.55408380800249
0.528963924158966
0.506044564960219
0.485384446670059
0.46698136625003
0.450774311279877
0.436646553412104
0.424429660919533
0.413908351623822
0.404826094585747
0.39689135759283
0.389784387869374
0.383164405702375
0.37667708493807
0.369962190639801
0.362661242656658
0.354425074448318
0.344921159224701
0.333840580235773
0.320904528800522
0.305870222276972
0.288536144499715
0.268746523073683
0.246394971114357
0.221427235346073
0.193843007675083
0.16369677319235
0.131097683773447
0.096208462764394
0.059243362407108
0.0204652114039117
-0.01981839490809
-0.0612596951482669
-0.103476073617253
-0.14605599187046
-0.188565438744596
-0.23055478903354
-0.271565954438366
-0.311139705784641
-0.3488230428799
-0.384176487814548
-0.416781178995926
-0.446245646720119
-0.472212156568707
-0.494362514275298
-0.512423234816646
-0.52616998919379
-0.535431254503024
-0.540091106254114
