-0.829505158107334
-0.818329198245317
-0.796166184732646
-0.763390831828818
-0.720557515400231
-0.668391177175763
-0.607775426184898
-0.539738029038434
-0.465434022828637
-0.386126722812595
-0.303166931086511
-0.217970681615325
-0.131995880784923
-0.0467182207115224
0.0363932454158684
0.115900470863567
0.190420331152031
0.25864770033448
0.319377312981241
0.371524056116982
0.41414136008476
0.446437387353247
0.467788753167426
0.477751551116579
0.476069499536771
0.46267907049929
0.437711511235159
0.40149171744564
0.35453396826224
0.297534582847657
0.23136160797277
0.15704169357896
0.0757443585804149
-0.0112361087439036
-0.102500833146285
-0.196568301133884
-0.29189773069826
-0.38691349330883
-0.480030201826958
-0.569678066501523
-0.654328116006539
-0.732516881666907
-0.802870150579553
-0.864125407162349
-0.915152602542042
-0.954972916818145
-0.982775210214935
-0.99792989497547
-1
-0.988749244057546
-0.964146980216357
-0.926369923211163
-0.87580062202081
-0.81302269117323
-0.738812865418071
-0.654129992604284
-0.560101128077762
-0.458004939906357
-0.349252677018248
-0.235366991226589
-0.117958938491143
0.00129648591076381
0.120685899834361
0.238483777977197
0.35297897879006
0.462501141219577
0.565446539079744
0.660302988483569
0.745673417755029
0.820297729373604
0.883072609469858
0.933068971790001
0.969546759393809
0.991966868078734
1
0.993532303488325
0.972667704912149
0.937726889811098
0.889242942638678
0.827953706479425
0.754790975234535
0.670866680199068
0.577456279908495
0.475979605875842
0.367979456686397
0.255098268238757
0.139053218163567
0.0216101471382444
-0.0954433014417593
-0.21032490947392
-0.321285059819828
-0.426633440092216
-0.524764862024912
-0.614183797331585
-0.693527250618097
-0.761585615487548
-0.817321191069479
-0.859884072331344
-0.888625168128436
-0.903106145385444
