1
0.988882878418066
0.966780478327352
0.933954754317065
0.890794333626758
0.837809418113768
0.775625098383668
0.704973173557375
0.626682590924436
0.541668638837232
0.450921043357598
0.355491134127462
0.256478257483211
0.155015624790675
0.0522557912038122
-0.050644035553579
-0.152536655274234
-0.25229930450341
-0.348847659466579
-0.44114922428888
-0.528235925847508
-0.609215748868455
-0.683283259487003
-0.749728882211438
-0.807946813805129
-0.857441477750062
-0.897832444369377
-0.92885776404398
-0.950375683922651
-0.962364741752331
-0.964922253599429
-0.958261234950675
-0.942705816638321
-0.918685237907439
-0.886726518429073
-0.847445928880936
-0.801539395613068
-0.749771988665841
-0.692966653822205
-0.631992358302268
-0.567751826031944
-0.501169042064878
-0.433176706675638
-0.364703817881656
-0.29666355674194
-0.229941642813003
-0.165385317746186
-0.103793103351354
-0.0459054667293983
0.00760349048015496
0.0561332188232477
0.0991627022451069
0.136255171744073
0.167061509538786
0.191322322317431
0.208868682683362
0.219621558187293
0.223589967028969
0.220867918319009
0.211630212429333
0.196127193163306
0.174678558004949
0.14766634534864
0.115527228187049
0.078744252100025
0.0378381614317398
-0.00664153880372897
-0.0541256365193192
-0.104034234073879
-0.155785593692967
-0.208804668620622
-0.262531189849474
-0.31642718831044
-0.369983844267573
-0.42272756914499
-0.47422523987322
-0.524088521822714
-0.571977233217701
-0.617601721306664
-0.660724238212295
-0.701159321997241
-0.738773205768067
-0.773482294311921
-0.805250763543377
-0.834087352674411
-0.860041432270451
-0.883198443006221
-0.903674809801009
-0.921612443938638
-0.937172951641086
-0.950531671279296
-0.961871662919787
-0.971377773207734
-0.979230895700104
-0.98560254174667
-0.990649829968428
-0.99451099343242
-0.997301492930944
-0.999110812532672
-1
