-0.980187051721244
-0.981073384839125
-0.982781794944051
-0.985185024635077
-0.988095303708818
-0.991268029072115
-0.994406573715271
-0.997168143153854
-0.99917057986706
-1
-0.999219132221551
-0.99637621637408
-0.991014309617946
-0.982680840326399
-0.970937245149779
-0.955368522524182
-0.935592536488444
-0.9112689079895
-0.882107336851742
-0.84787520616903
-0.808404331915383
-0.763596733889144
-0.713429319495768
-0.657957389092954
-0.597316890395612
-0.531725369468552
-0.461481586802713
-0.386963788541431
-0.308626644751571
-0.226996888370618
-0.142667709755762
-0.0562919822719607
0.0314255862479969
0.119737263371309
0.207861934214261
0.294995432565227
0.380321405633107
0.463022547450529
0.542292028919058
0.617344948142215
0.687429623129305
0.751838550202863
0.809918855494527
0.861082073713321
0.90481309781813
0.940678155181784
0.968331680116944
0.987521969025794
0.998095522684738
1
0.993285728663054
0.978105740168257
0.95471431928526
0.923464080952191
0.884801610313811
0.839261723914566
0.787460431519111
0.73008669833392
0.667893126222138
0.601685689541617
0.532312676221993
0.460652997391517
0.387604039064175
0.314069236937275
0.2409455601053
0.169111091387047
0.0994128909540128
0.032655326048286
-0.0304109571573353
-0.089099252976591
-0.142796052390767
-0.190969195958262
-0.233174800086845
-0.269062851907298
-0.298381388241335
-0.320979195748121
-0.336806991929141
-0.345917069921135
-0.3484614135511
-0.344688312600945
-0.334937531267674
-0.319634105050039
-0.299280862398214
-0.274449787100554
-0.245772355244761
-0.213928996400939
-0.179637842184028
-0.143642936351434
-0.106702088905799
-0.0695745621718149
-0.0330087794126368
0.00226975379638539
0.0355701285074892
0.0662471309045656
0.0937115885991278
0.117439804581586
0.136981932806668
0.151969165768828
0.162119622808888
0.16724284800246
