1
0.996851895228427
0.990568042668016
0.981173234347114
0.968704849867067
0.953213076275045
0.934761184796614
0.913425850803199
0.889297500547372
0.862480665717415
0.83309432479948
0.801272208640267
0.767163046516939
0.730930728475448
0.692754359715424
0.652828183390546
0.611361349358273
0.568577508141738
0.524714211638344
0.480022104892575
0.434763896503199
0.389213098906415
0.343652533807005
0.298372602352081
0.253669324182826
0.209842154179686
0.167191590452773
0.126016591836082
0.0866118277347461
0.049264787562322
0.0142527811054831
-0.0181601351151914
-0.0477262671338958
-0.074217387353976
-0.0974277895745055
-0.117177250360254
-0.133313851010543
-0.14571661422114
-0.154297910109816
-0.159005587602359
-0.159824789251192
-0.156779410370725
-0.149933166897157
-0.1393902405786
-0.125295474925509
-0.107834100741676
-0.0872309759426353
-0.0637493306719115
-0.0376890153588977
-0.00938425623091077
0.0207990702034171
0.0524666251455683
0.0851992324568447
0.118556908267892
0.152083256454526
0.185310185081487
0.217762893300363
0.248965073155522
0.278444266388527
0.305737312714794
0.330395823243492
0.35199161077922
0.370122007725975
0.384415002241367
0.394534124179621
0.400183014218986
0.401109612382154
0.397109905902055
0.388031181021152
0.373774728787345
0.354297961158501
0.329615900672836
0.299802014495194
0.264988371711446
0.225365111207676
0.1811792162238
0.132732600593544
0.0803795206514453
0.0245233356781525
-0.0343873515570227
-0.095863134235367
-0.15937877307198
-0.224378644847105
-0.290282605997455
-0.356492203451045
-0.42239715981248
-0.487382055857389
-0.550833130138526
-0.612145113392058
-0.670728014396429
-0.726013773998505
-0.777462705187674
-0.824569639357862
-0.866869702224206
-0.903943647214563
-0.935422679480421
-0.960992709898025
-0.980397985476181
-0.993444050358447
-1
