1
0.989939235254548
0.969940723842961
0.940248755753125
0.901225426673138
0.85334550361085
0.797189699143944
0.733436454862859
0.662852356787201
0.586281325873322
0.504632744875727
0.418868698501117
0.329990516762802
0.239024821508404
0.147009283103824
0.0549782981072626
-0.036051200596498
-0.125093592314748
-0.211207872590411
-0.293510218483196
-0.371185632582641
-0.443498497783397
-0.509801891914869
-0.569545530637219
-0.622282228291489
-0.667672789291305
-0.70548926681048
-0.73561655057925
-0.758052271162755
-0.772905033762867
-0.780391019961491
-0.780829020518403
-0.774633985969211
-0.762309203976063
-0.744437232825285
-0.721669738830133
-0.694716401404614
-0.664333062984146
-0.631309311580329
-0.596455691413823
-0.5605907416614
-0.524528064818908
-0.48906362450834
-0.454963467780824
-0.422952059172941
-0.393701403093198
-0.367821117725443
-0.345849607755278
-0.32824646511149
-0.315386206858596
-0.307553437700595
-0.304939501605631
-0.307640663201994
-0.315657835206164
-0.328897843609429
-0.347176198058242
-0.370221311197323
-0.397680088075134
-0.429124785393677
-0.464061020751166
-0.50193679438221
-0.542152370518683
-0.584070852611766
-0.627029276468171
-0.670350038014268
-0.71335246801838
-0.755364364734196
-0.795733297089595
-0.833837495699266
-0.869096156543232
-0.900978992497353
-0.929014880852771
-0.952799470304833
-0.972001628375956
-0.986368629575838
-0.995730005481448
-1
-0.999178596003313
-0.993351102921864
-0.982686318384445
-0.967433300207097
-0.947916807600213
-0.924531492013927
-0.897734938234453
-0.868039674855382
-0.836004289783294
-0.802223800733248
-0.767319442500303
-0.731928041971302
-0.696691158222649
-0.662244168535798
-0.629205481700231
-0.598166057558729
-0.569679406424331
-0.544252233851477
-0.52233588541003
-0.504318732767557
-0.490519626750249
-0.481182525380598
-0.476472385467554
