0.485191150655953
0.488518459105064
0.495133285374622
0.50495642953129
0.51787004140771
0.533718750299229
0.552311154690672
0.573421658042546
0.596792633424457
0.622136896705599
0.64914046512709
0.677465575416026
0.706753933181312
0.736630163179469
0.766705428174648
0.796581182558291
0.825853025654497
0.854114618728419
0.880961629144731
0.905995664896188
0.928828162839822
0.949084194438454
0.96640615360276
0.98045729235559
0.990925071484192
0.997524295092757
1
0.998130073224349
0.991727573340135
0.980642734247542
0.964764632850155
0.944022505248632
0.918386699307539
0.887869254803993
0.852524105789838
0.812446903261607
0.767774459702149
0.718683820502528
0.665390970660819
0.608149188454806
0.547247060968443
0.483006179388512
0.415778534851213
0.345943638283043
0.273905390123068
0.200088728013416
0.124936082482864
0.0489036723085923
-0.0275423273898928
-0.103929710203849
-0.179784221757622
-0.254633565980445
-0.328011398883048
-0.399461274585765
-0.468540508848981
-0.534823926167176
-0.597907457595577
-0.657411557871871
-0.71298441206037
-0.764304903866301
-0.811085319924875
-0.853073766743115
-0.890056279540097
-0.92185860496942
-0.948347642591735
-0.969432532968841
-0.985065383347587
-0.995241625064197
-1
-0.999422176630173
-0.993631999400369
-0.982794378314803
-0.967113828696859
-0.946832674063844
-0.922228927916327
-0.893613872956044
-0.861329358792545
-0.825744841556981
-0.787254190992861
-0.746272292521342
-0.703231473467484
-0.658577784071158
-0.612767165081007
-0.566261534633561
-0.519524827745966
-0.473019022095781
-0.427200183823309
-0.382514566871443
-0.339394798878018
-0.29825618586116
-0.259493166896463
-0.223475948685341
-0.190547348368041
-0.161019871155742
-0.135173047359207
-0.113251051193197
-0.0954606213547138
-0.0819693008288354
-0.0729040106893253
-0.0683499698544591
