1
0.991547958711408
0.974719984729693
0.949667504657071
0.916615691192589
0.875861128316584
0.827768740895704
0.7727680245934
0.711348620067826
0.644055282971136
0.571482308135782
0.49426747245804
0.4130855662907
0.328641587570601
0.241663676380066
0.152895870134276
0.0630907610730038
-0.0269978617981129
-0.116622304723149
-0.205048115130235
-0.29156100397764
-0.375473470470412
-0.456131059453466
-0.532918186950678
-0.605263475224463
-0.672644545291958
-0.734592221959523
-0.790694114027487
-0.840597540267194
-0.884011779973966
-0.920709635242003
-0.950528300479335
-0.973369542972176
-0.989199206410956
-0.998046057100898
-1
-0.995209698665154
-0.983879639559163
-0.96626668690315
-0.942676179285835
-0.913457623509512
-0.879000044620352
-0.839727053707176
-0.796091696840194
-0.748571149453207
-0.697661320555768
-0.643871430413699
-0.587718623786732
-0.52972267850111
-0.470400866113047
-0.41026301774538
-0.349806843922199
-0.2895135524589
-0.229843803268505
-0.171234033403346
-0.114093179852477
-0.0587998216482353
-0.00569975679032464
0.0448959765391583
0.0927126309348216
0.137512835125897
0.179097241460758
0.217304748420746
0.252012315847991
0.283134394904118
0.310621998610751
0.334461442119366
0.354672784587607
0.371308006681772
0.384448959270917
0.394205119826735
0.400711193404668
0.404124594874353
0.404622848319114
0.402400938270413
0.397668645726964
0.390647899779028
0.381570173171067
0.37067394734984
0.358202269522537
0.344400421055619
0.329513713245064
0.313785423148389
0.29745487885206
0.280755700316463
0.263914198852478
0.247147935392647
0.230664435073964
0.214660053290762
0.199318986339988
0.184812418095457
0.171297792832389
0.158918203390888
0.147801883320869
0.138061791487298
0.129795277821355
0.123083819460727
0.117992817403967
0.114571444976455
0.112852540829967
