-0.449593829047229
-0.451136209182297
-0.454144458281978
-0.458467139503551
-0.463881033309253
-0.470095782351476
-0.476759956069886
-0.483468427550933
-0.489770931740616
-0.495181652828747
-0.499189669895006
-0.501270074040033
-0.500895557488299
-0.497548265762342
-0.490731698154231
-0.479982439466676
-0.464881507410856
-0.445065105118414
-0.420234576879247
-0.390165377323697
-0.354714879639956
-0.31382886681343
-0.267546571002943
-0.216004149692098
-0.159436512795776
-0.0981774420506523
-0.0326579723360806
0.0365969664013679
0.108973618682176
0.183776127525823
0.260234827711889
0.337515995876756
0.414732919558102
0.490958123860222
0.565236573421735
0.636599649178258
0.70407968433746
0.766724832284932
0.823614031025912
0.873871824392789
0.916682799704944
0.951305404888421
0.9770849152189
0.99346533075208
1
0.996360783291346
0.982345590254959
0.95788414967393
0.923041896212557
0.878021886818985
0.823164689517242
0.758946218361055
0.685973520044965
0.604978549560391
0.516810003844473
0.422423313100162
0.32286891888011
0.219278995655977
0.112852797996384
0.00484083824129544
-0.103471880681829
-0.210783336228713
-0.315792407103757
-0.417216981131674
-0.513811982233905
-0.604387047678196
-0.687823589957119
-0.763090984927887
-0.829261639119069
-0.885524704225313
-0.931198225553833
-0.965739533284464
-0.988753710533763
-1
-0.999396040994904
-0.987019860488476
-0.963109574924763
-0.928060793507336
-0.882421747887221
-0.826886207191416
-0.762284270586791
-0.689571161572518
-0.60981417844222
-0.524177983388928
-0.433908438108232
-0.340315216094402
-0.244753440772998
-0.148604613875038
-0.0532571097919364
0.0399134811240043
0.129563874349552
0.214402193388167
0.293206373242151
0.364841595767449
0.428276501310903
0.482597938668492
0.527024036626815
0.560915404841434
0.583784299197302
0.595301616676484
