-1
-0.998553431738222
-0.99566825232547
-0.991360395156166
-0.985653806404045
-0.978580495185101
-0.97018059201381
-0.960502408589632
-0.949602490530001
-0.937545653449728
-0.924404991806991
-0.910261849220465
-0.895205738533314
-0.879334199774654
-0.862752584358935
-0.845573754373371
-0.827917686631878
-0.809910972313187
-0.791686204437027
-0.773381247145464
-0.755138382720727
-0.737103334455044
-0.719424165855791
-0.702250059180273
-0.685729978904396
-0.670011228391319
-0.655237910690568
-0.641549307014551
-0.62907818895684
-0.617949082884566
-0.608276507106571
-0.600163204342569
-0.593698393652813
-0.588956067292471
-0.585993358894995
-0.584849009934107
-0.58554196154077
-0.58807009844206
-0.592409171032594
-0.598511920382717
-0.606307429334883
-0.615700720752093
-0.626572621478665
-0.638779907680107
-0.65215574397852
-0.666510425232366
-0.68163242597025
-0.697289758428629
-0.713231635918889
-0.72919043391966
-0.744883936918203
-0.760017854675147
-0.774288587325451
-0.787386214621419
-0.79899768073583
-0.808810142437969
-0.816514445192686
-0.821808688868832
-0.824401842329933
-0.824017364262411
-0.820396786214243
-0.813303213001713
-0.802524695418004
-0.787877430560815
-0.769208746094315
-0.746399826372071
-0.719368140561648
-0.688069535709086
-0.652499961034293
-0.612696793620034
-0.56873974000318
-0.520751292945206
-0.468896727790873
-0.413383628254951
-0.354460937136843
-0.292417533278129
-0.227580341971372
-0.160311991920754
-0.0910080376664335
-0.0200937720350429
0.0519793414097984
0.124737580846498
0.197689183824106
0.270328826005572
0.342142313251958
0.412611436106463
0.481218933188639
0.547453508119103
0.610814843393822
0.670818554136295
0.72700102488695
0.778924073543902
0.826179388239559
0.868392685305445
0.90522753951531
0.936388841467208
0.961625841222809
0.98073474211297
0.993560813880872
1
