0.165609817429367
0.172269895111129
0.18548751450819
0.20505905195187
0.230682671584258
0.26196258640307
0.298414643043811
0.339473149350389
0.384498845840277
0.432787905701906
0.483581833214764
0.536078117675517
0.589441489234992
0.642815614657881
0.695335065031065
0.746137383952762
0.794375083780445
0.839227399109436
0.879911630766212
0.915693920162884
0.94589930276687
0.969920900552173
0.987228126442438
0.997373788727156
1
0.994842813077587
0.981735525333646
0.960610612637893
0.931500274320258
0.894535590982574
0.849944317242962
0.798047351317796
0.739253942424922
0.674055715044903
0.603019605836486
0.526779824220911
0.446028961104758
0.361508381708016
0.273998047839418
0.184305922084367
0.0932571111468767
0.00168290795727355
-0.0895901078993434
-0.179750754346394
-0.26801356330833
-0.353628584362641
-0.435890539618175
-0.514147205110176
-0.587806907026399
-0.656345035689355
-0.719309496180111
-0.77632503154228
-0.827096372378504
-0.87141018506224
-0.909135809444473
-0.940224795545643
-0.964709266997222
-0.982699156651905
-0.994378376544387
-1
-0.999880547919488
-0.994393483901483
-0.983962033713061
-0.969051453525532
-0.950160878171648
-0.927814885359511
-0.902554914240295
-0.87493067694995
-0.845491699743421
-0.814779126163401
-0.783317908418366
-0.751609504903994
-0.720125191736174
-0.689300084449633
-0.659527952856062
-0.63115689767412
-0.604485942184066
-0.579762576079718
-0.557181272158002
-0.53688297977571
-0.518955582389834
-0.50343529025475
-0.490308923742076
-0.4795170280311
-0.470957746327651
-0.464491366525784
-0.459945445525839
-0.457120406433893
-0.455795496732612
-0.455734990342078
-0.456694513358758
-0.458427372215007
-0.460690764049363
-0.463251752193924
-0.4658928948096
-0.468417421740403
-0.47065386348978
-0.472460046691839
-0.473726382377446
-0.474378386515197
