-0.214396651845065
-0.205226679814026
-0.187023036840894
-0.160056365631576
-0.124727760509323
-0.0815630043379779
-0.0312050174550235
0.0255953699498879
0.0879901859125867
0.15504646652552
0.225759608614294
0.299067728848971
0.373866818341776
0.449026470426916
0.523405951311558
0.595870378746262
0.665306772851447
0.730639745762975
0.790846602779743
0.844971637110847
0.892139412979288
0.931566847543734
0.962573920603587
0.984592862067345
0.997175690363687
1
0.992872922937877
0.975733215952216
0.948651454247664
0.911828339892812
0.865591161666644
0.810388470266268
0.746783059084556
0.675443365533737
0.597133430793172
0.512701576553372
0.423067975505811
0.329211307721251
0.232154707443846
0.132951214027517
0.0326689466279819
-0.0676237752367704
-0.166873144055198
-0.264054192707441
-0.358184529540336
-0.448337281553856
-0.533653060848785
-0.613350785965286
-0.686737208703288
-0.7532150181505
-0.812289416611955
-0.863573086568469
-0.906789493301289
-0.941774494002042
-0.968476250627877
-0.986953470045875
-0.997372020727237
-1
-0.995201349265397
-0.983428136267198
-0.965211643143139
-0.941152416284973
-0.911909448728528
-0.878188677670186
-0.840730988589171
-0.800299923222373
-0.757669291216449
-0.71361088464778
-0.668882490783271
-0.624216391532948
-0.580308528147325
-0.537808497013885
-0.497310527127231
-0.45934557220637
-0.42437463080639
-0.392783386447695
-0.364878237117679
-0.340883759860785
-0.320941631951457
-0.30511100573653
-0.293370310036763
-0.285620427404452
-0.281689173927233
-0.281336987011975
-0.284263707018877
-0.290116321057808
-0.298497521986418
-0.308974922904787
-0.321090757424541
-0.334371888857197
-0.348339947325062
-0.362521412707753
-0.376457463307782
-0.389713415109161
-0.401887584424166
-0.412619417437762
-0.421596743484227
-0.428562024600893
-0.433317491735965
-0.435729077642657
