0.455949808001239
0.454215065035972
0.450746949940968
0.445548468780301
0.438624784670171
0.429983983243786
0.419638061410334
0.407604112900365
0.393905678448407
0.378574223453732
0.361650701683157
0.343187160124244
0.323248337537182
0.301913207647374
0.279276417309437
0.255449570380848
0.230562309474979
0.204763150206083
0.178220025961473
0.151120505589718
0.12367165161197
0.0960994925641119
0.0686480897633417
0.0415781860535622
0.0151654317978076
-0.0103018085784944
-0.0345250579709374
-0.0571987161256922
-0.0780134093835347
-0.0966596648090595
-0.112831865375898
-0.126232435916208
-0.136576203249845
-0.143594868408556
-0.147041524274728
-0.146695148360541
-0.142364997944606
-0.133894833424929
-0.121166895587193
-0.1041055635543
-0.0826806224858606
-0.0569100736232665
-0.0268624239958362
0.00734160103542036
0.0455279722882322
0.087468940302559
0.132883321108037
0.181437507865341
0.232747221873348
0.286380005806591
0.341858451108187
0.398664140376839
0.456242274522222
0.514006943592472
0.571346989671749
0.62763240027269
0.682221161369807
0.734466490789071
0.78372436522829
0.829361247861777
0.870761918394714
0.907337303674107
0.938532204611487
0.96383281428468
0.982773922697412
0.994945705799757
1
0.997655968497591
0.987705072283078
0.970015266508102
0.944534352029902
0.911292422163795
0.870403355899515
0.822065320902721
0.766560262367208
0.704252367030548
0.635585505231383
0.561079667579194
0.481326426432753
0.396983465746373
0.308768235750727
0.217450801199912
0.123845963358782
0.0288047463556795
-0.0667946521702316
-0.162056338180647
-0.256076511554358
-0.347953449957198
-0.436797563111162
-0.521741392456148
-0.601949431032208
-0.676627639942447
-0.745032540973125
-0.80647976981073
-0.860351980744271
-0.906106001690579
-0.943279147724849
-0.971494611911804
-0.990465863969803
-1
