-0.575198198448463
-0.5753891982777
-0.575783192628476
-0.576403710419915
-0.577284903935728
-0.578470207517534
-0.580010595282544
-0.581962476308058
-0.584385273989663
-0.587338743680824
-0.590880089119296
-0.595060943418035
-0.599924284441953
-0.605501357125122
-0.611808676646387
-0.618845186339195
-0.62658964275231
-0.634998297415386
-0.644002940634769
-0.653509367112299
-0.663396316428078
-0.67351493356384
-0.683688785793321
-0.693714462574684
-0.703362774708062
-0.712380558142208
-0.720493076612072
-0.727407005954921
-0.732813971681982
-0.736394600371471
-0.737823034891567
-0.736771853546515
-0.73291732414536
-0.725944915888665
-0.71555498500716
-0.701468544403487
-0.68343302326042
-0.661227919780523
-0.634670248984383
-0.603619687863373
-0.567983322178954
-0.527719902817717
-0.482843524817406
-0.433426648915292
-0.379602393652481
-0.321566035587361
-0.259575665897323
-0.193951963427562
-0.125077056908447
-0.0533924624213481
0.0206039039533958
0.096361624234212
0.173282559104032
0.250726468614991
0.328017417027346
0.404450892695817
0.4793015616395
0.55183156216057
0.621299237799827
0.686968197205186
0.748116582294406
0.804046420545977
0.854092933458634
0.897633671260664
0.934097343878598
0.962972220015792
0.983813969940955
0.996252833212027
1
0.994853103840886
0.980700734415224
0.957525891191655
0.92540831230898
0.88452562772387
0.835153301214717
0.777663342086713
0.712521784137544
0.640284946377295
0.561594506905114
0.477171437982756
0.387808866467249
0.2943639391339
0.197748786808324
0.0989206944172976
-0.00112840413580162
-0.101382977143448
-0.200815354696123
-0.298397452468786
-0.393112610787814
-0.48396739746227
-0.5700032223443
-0.650307613174979
-0.724025005959969
-0.790366908859537
-0.848621306295327
-0.898161179567944
-0.938452031613955
-0.969058316451282
-0.989648688187979
-1
