0.943645354977334
0.945051628739569
0.947806074606483
0.951793493129796
0.956843578949989
0.962733869227513
0.969193602048971
0.975908423842502
0.982525871398961
0.988661541818706
0.993905852779569
0.997831286120094
1
0.999971688957597
0.997311567123937
0.991598347739092
0.982432091979783
0.969441801951461
0.952292636492978
0.930692634128548
0.904398834990915
0.873222702714507
0.837034758014396
0.795768347759067
0.749422486623351
0.698063722665664
0.641826993188358
0.580915452777904
0.515599271240689
0.446213415004378
0.373154441197515
0.296876348808343
0.217885545821899
0.136735004817628
0.0540176919676434
-0.0296406344840869
-0.113589150530777
-0.197160103756582
-0.279677241739501
-0.360464407111348
-0.438854172407727
-0.514196387323408
-0.585866512433498
-0.653273616823116
-0.715867922332121
-0.773147784181859
-0.824666006495107
-0.870035401509064
-0.908933512951644
-0.94110643691887
-0.966371687453179
-0.98462006866089
-0.995816530392098
-1
-0.997282198256625
-0.987845462885383
-0.971939618137814
-0.949877943159938
-0.922032305340431
-0.88882753720063
-0.850735146484547
-0.808266458765412
-0.761965299956594
-0.712400332477234
-0.660157163381713
-0.605830345451235
-0.550015393028791
-0.493300933249254
-0.43626111029844
-0.379448355482048
-0.323386629280453
-0.268565233318158
-0.215433280423491
-0.164394899854183
-0.115805242498342
-0.0699673376266098
-0.0271298387835717
0.0125143181102587
0.0488283361871396
0.0817310652040668
0.111195616562779
0.137247121361306
0.159959680698442
0.179452570232774
0.195885772717935
0.20945492271015
0.220385756707798
0.22892816949326
0.235349983287604
0.239930540408207
0.242954232376385
0.244704078823652
0.245455468088555
0.245470168107941
0.244990711143366
0.244235249129758
0.243392968101304
0.242620140375781
0.242036882123463
0.241724671790819
