-0.0480566148413488
-0.0403560377757539
-0.0250674113623752
-0.00241415928561561
0.0272726378438295
0.0635590402688011
0.105914533711716
0.153719706710752
0.206275205728705
0.262811834054887
0.322501643528287
0.384469853426865
0.447807418716514
0.511584060417739
0.574861564270344
0.636707150253919
0.696206714906681
0.752477750782505
0.804681752754743
0.852035929128607
0.89382404652999
0.929406251123874
0.958227724666212
0.979826051959821
0.993837196185066
1
0.998159152918861
0.988266588931614
0.970381302256885
0.944667593156364
0.911391779509255
0.87091743298464
0.823699220801916
0.770275454895282
0.71125946947929
0.647329965256848
0.57922047355748
0.507708106315877
0.433601767810536
0.357730011332816
0.280928728344255
0.204028859146014
0.127844312615755
0.0531602781970941
-0.0192778938668097
-0.088775077958872
-0.15469587050849
-0.21647306050847
-0.273614951091021
-0.325711428809321
-0.372438697478873
-0.413562614841909
-0.448940592588132
-0.478522043042952
-0.502347378760304
-0.520545593969651
-0.533330478969074
-0.540995539781484
-0.54390771536745
-0.542500003105183
-0.537263119820426
-0.528736340121101
-0.517497665942101
-0.504153490850516
-0.489327929656972
-0.473651988123294
-0.457752748992563
-0.442242749182359
-0.42770971880724
-0.414706845808889
-0.403743720490893
-0.39527810234019
-0.389708637367313
-0.387368638046443
-0.388521020049056
-0.393354470633689
-0.401980903093696
-0.414434230406613
-0.430670469516807
-0.45056916586796
-0.473936106234776
-0.500507266931002
-0.529953924429658
-0.561888836642276
-0.595873385867193
-0.631425559007177
-0.668028627319078
-0.7051403769039
-0.742202732549148
-0.77865161153094
-0.813926840663902
-0.847481969301614
-0.87879381314465
-0.907371568568099
-0.932765344653759
-0.954573970079375
-0.972451944313924
-0.986115416992145
-0.99534709565708
-1
