-0.60585566260031
-0.59663785628418
-0.578310646471026
-0.551089479106477
-0.51529414238946
-0.471344761475324
-0.419756543227622
-0.361133342421445
-0.296160136703875
-0.225594512263898
-0.150257275346024
-0.0710223162714756
0.0111941376544131
0.0954447362056439
0.180762537419648
0.266172702477682
0.350704199460516
0.433401361951365
0.513335151420483
0.589613977405548
0.661393936615874
0.727888341123394
0.788376416618504
0.842211064137429
0.888825592519928
0.927739343921836
0.958562150758971
0.980997579256893
0.994844932074268
1
0.996454570237139
0.984294716023331
0.963697909047138
0.934929012060491
0.898335224031313
0.854340063915111
0.803436491457583
0.746179274202306
0.683176718923163
0.615081892912363
0.542583465842338
0.466396306223696
0.387251967772821
0.305889200283302
0.223044616897414
0.139443645059643
0.0557918819945453
-0.0272330325957515
-0.108988923630236
-0.188875875669052
-0.266342236301512
-0.340889761679404
-0.41207785209606
-0.479526840200296
-0.542920309454884
-0.602006435565035
-0.656598358577768
-0.706573607956623
-0.751872616944733
-0.792496375731096
-0.828503285132975
-0.860005283522628
-0.887163329400308
-0.91018233021178
-0.929305614616683
-0.944809050349082
-0.956994913016811
-0.966185612632781
-0.972717384359319
-0.976934047903942
-0.979180936287703
-0.979799089397789
-0.97911980094206
-0.977459599275399
-0.975115733217737
-0.972362223601391
-0.969446530056253
-0.966586870663149
-0.963970219784839
-0.961750996833168
-0.960050446163872
-0.958956695920487
-0.958525471683601
-0.958781429420803
-0.959720061664324
-0.961310121240543
-0.963496498394663
-0.96620347993053
-0.969338313134079
-0.972794992859135
-0.976458187291172
-0.980207216606718
-0.983919999025113
-0.987476880590157
-0.990764268380167
-0.993677991658541
-0.996126321651044
-0.998032588055588
-0.999337338919164
-1
