0.130687690635326
0.137354883316065
0.150586346224492
0.170177845476347
0.195827032298897
0.227138174496654
0.263628347946699
0.304734990121281
0.349824696078887
0.39820311770271
0.449125809508829
0.501809849372276
0.555446050264829
0.609211569758246
0.662282717769068
0.713847759905716
0.763119513875337
0.809347539715433
0.851829731081924
0.88992312434898
0.923053754706286
0.950725403580087
0.972527099315925
0.988139252865018
0.997338331899383
1
0.99610067195008
0.985717461335637
0.969026522209615
0.946299812108876
0.917900328820933
0.884275897581393
0.845951608458575
0.803521025182671
0.757636306261743
0.708997396584754
0.658340462566675
0.60642575600607
0.554025101008023
0.501909204428083
0.450834993217603
0.401533181749412
0.354696268678147
0.310967156195611
0.270928574782234
0.235093483883773
0.203896603556238
0.177687214263627
0.156723341963028
0.141167423685856
0.131083525367846
0.126436159063807
0.127090721294473
0.132815548512914
0.143285559953854
0.158087432847436
0.176726230539476
0.198633380849827
0.22317588038683
0.249666580861723
0.277375396024585
0.305541252950005
0.333384599273397
0.360120268811663
0.384970501941927
0.407177914257868
0.426018207422474
0.440812419785823
0.450938521181962
0.45584216625538
0.455046433541274
0.448160393134755
0.434886363889128
0.415025741399845
0.388483300240931
0.355269897677177
0.315503531005946
0.269408726396244
0.217314263186482
0.159649263666445
0.0969377039941159
0.0297914266815922
-0.0410982413633798
-0.114970139303004
-0.191004045401488
-0.268332408941528
-0.346052862143879
-0.423241320791037
-0.498965472816489
-0.572298447809199
-0.642332457299357
-0.708192195886087
-0.769047796739188
-0.824127141702139
-0.872727336039215
-0.914225170652887
-0.948086410149918
-0.973873763213007
-0.991253412057272
-1
