-0.0451508664813225
-0.0365259156385204
-0.0194152458848069
0.00590481444677327
0.0390250786755235
0.0794097768476933
0.126404770857316
0.179247582675975
0.237079080769087
0.298956644204114
0.363868601194778
0.430749719228634
0.498497507797586
0.565989082342099
0.632098329521847
0.695713109468791
0.755752230330859
0.8111819341784
0.861031641160476
0.90440871053928
0.940511992712824
0.968643965314422
0.988221268653557
0.998783480788149
1
0.991674931952286
0.973749909878009
0.946304808294649
0.909556343459977
0.863854586565286
0.809677447993208
0.747623222342918
0.678401313856748
0.602821289902653
0.521780435840891
0.436250007531787
0.347260397569545
0.255885447748156
0.163226153027191
0.0703940111726129
-0.0215057228335215
-0.111390617661904
-0.19821722503988
-0.280996568167604
-0.358808720736666
-0.430816252966753
-0.496276339375145
-0.554551344474471
-0.605117726913705
-0.647573129349485
-0.681641550134591
-0.707176523281918
-0.72416226462511
-0.732712774154298
-0.733068916651521
-0.725593534478828
-0.710764677183642
-0.689167061996349
-0.661481906842939
-0.628475302749114
-0.590985315076847
-0.549908022557959
-0.506182719268407
-0.46077651727126
-0.414668596452692
-0.368834352950451
-0.324229698457374
-0.281775759565592
-0.242344219255898
-0.206743531748922
-0.175706227398694
-0.14987750636076
-0.12980529869569
-0.115931944713659
-0.108587623109031
-0.107985626196031
-0.114219551788671
-0.127262450445244
-0.14696793541118
-0.17307323114371
-0.205204105287919
-0.242881598889446
-0.285530440952084
-0.332489006633903
-0.383020653848473
-0.43632625118666
-0.491557691245024
-0.547832167936422
-0.6042469844114
-0.659894650023001
-0.713878020450411
-0.765325234724655
-0.813404206475393
-0.857336434182295
-0.89640990644602
-0.92999089311113
-0.957534431237964
-0.97859333614106
-0.992825591647859
-1
