1
0.998849446506666
0.99650703847741
0.992891187980494
0.987882029766931
0.981324389108979
0.973031652967383
0.962790472697002
0.950366210868635
0.935509030640901
0.917960513702843
0.89746068233979
0.87375529283457
0.846603261350746
0.815784079764387
0.781105077686669
0.742408388181619
0.69957747842085
0.652543112678236
0.60128862356029
0.545854378061565
0.486341337761119
0.422913627034255
0.355800039310506
0.285294428904436
0.211754954496944
0.135602159650035
0.0573158954818527
-0.0225688895127335
-0.103467447865007
-0.184751556020568
-0.265756779724293
-0.345790582826397
-0.424141164798673
-0.500086898333653
-0.57290622644227
-0.641887868677996
-0.706341178673178
-0.765606490216104
-0.819065286724992
-0.866150029246896
-0.906353481042243
-0.939237372383891
-0.96444025733502
-0.981684424863604
-0.990781739553131
-0.991638302192731
-0.984257837452958
-0.968743734422744
-0.945299685717483
-0.914228891863434
-0.875931819396767
-0.830902523250154
-0.779723566191111
-0.723059589976594
-0.661649614152747
-0.596298158720022
-0.527865305878561
-0.457255833461585
-0.385407568173802
-0.313279120123585
-0.241837171150127
-0.172043497913403
-0.104841916488221
-0.0411453381770119
0.0181768736340626
0.0723110585242965
0.12051074457284
0.162107291378214
0.196519528658877
0.223262242148158
0.241953374441527
0.252319826495236
0.254201765348774
0.247555365055953
0.232453930442733
0.209087376825852
0.17776006287218
0.138886997991998
0.0929884696741041
0.0406831596222523
-0.0173201599158493
-0.0802322369680536
-0.147194125468863
-0.217288995579322
-0.289554802953682
-0.362997638000284
-0.436605565588416
-0.509362757838656
-0.580263717726541
-0.648327389308811
-0.712610951484036
-0.772223096314641
-0.826336600009498
-0.874200004594331
-0.915148240936879
-0.948612038959413
-0.974125988338672
-0.991335132503174
-1
