1
0.988973826838595
0.967089472378778
0.934680305048175
0.892239880101215
0.840414256519214
0.779991940573308
0.711891613141507
0.637147832475317
0.556894935711178
0.472349390522528
0.38479087246953
0.29554236344725
0.205949581849225
0.117360065414063
0.0311022330470194
-0.0515352478760597
-0.12932346711029
-0.201112338364614
-0.265848430465072
-0.322591285422612
-0.370527969749795
-0.408985633111637
-0.437441879660915
-0.455532791705569
-0.463058482146351
-0.45998609082817
-0.446450179960749
-0.42275052445478
-0.389347333749978
-0.346853981842152
-0.296027361118152
-0.237756012670436
-0.173046220406382
-0.103006287948822
-0.0288292455481138
0.0482257414486638
0.126852970978652
0.205720502444441
0.283490837018464
0.358841656759618
0.430486298675693
0.497193644393268
0.557807115633288
0.611262480082036
0.656604191263523
0.69300000935791
0.719753677200917
0.736315456508715
0.74229036321405
0.737443977137079
0.7217057394747
0.695169691170962
0.658092645504094
0.61088982855797
0.554128061001868
0.488516593156356
0.41489574206842
0.334223513677871
0.247560424589955
0.156052765982804
0.0609145763339891
-0.0365913904297968
-0.135173399382634
-0.233530859083482
-0.330374517889331
-0.424446413285394
-0.514539259851849
-0.599514970882045
-0.678322022873828
-0.750011390905068
-0.813750805975667
-0.868837112383035
-0.914706533666142
-0.950942689119967
-0.977282238815629
-0.993618072890793
-1
-0.99663292961465
-0.983872582706674
-0.962218804607176
-0.932306591879847
-0.894894981286466
-0.850853982775102
-0.801149769355277
-0.746828364249717
-0.688998089394463
-0.628811058824721
-0.567444015425983
-0.506078819713776
-0.44588290457157
-0.387990010143175
-0.333481508341383
-0.283368616775524
-0.238575787472121
-0.199925536795606
-0.168124959772517
-0.143754144952465
-0.127256675433221
-0.118932368220845
