0.774132839550321
0.770173660556107
0.76229076955517
0.750554829485052
0.735071158596267
0.715978923094839
0.693450067392277
0.667687987749189
0.638925956569
0.607425306081019
0.573473381647068
0.537381276430783
0.499481360679853
0.46012462038318
0.419677821569697
0.378520518003944
0.337041921493996
0.295637655446803
0.254706413669375
0.214646547705069
0.175852607194511
0.138711858841557
0.103600810526209
0.0708817679185054
0.0408994515895491
0.0139777030681225
-0.00958369146569338
-0.0295120311430991
-0.0455645555474622
-0.057531097043705
-0.0652365030661048
-0.068542802175576
-0.0673510890268743
-0.061603105007082
-0.051282493219004
-0.0364157086825737
-0.0170725671059599
0.00663358167655881
0.0345460665070736
0.0664655016284446
0.10215079158151
0.141320534918829
0.183654823627318
0.228797431292299
0.276358379105931
0.325916864865186
0.377024536162031
0.429209085086618
0.481978137989377
0.534823410226927
0.587225092396334
0.638656431388628
0.688588466710098
0.736494879971422
0.781856913269947
0.824168310425969
0.862940233712374
0.89770610786658
0.928026342817681
0.953492886717742
0.973733561546395
0.988416134768088
0.997252082261131
1
0.996468624743794
0.986519427244128
0.970068745208555
0.947089427408152
0.917611964861406
0.881725089916737
0.839575829243524
0.791369002172338
0.737366161441354
0.677883979146286
0.613292086491926
0.544010381738768
0.470505826461719
0.393288755822603
0.312908733938168
0.229949990535758
0.145026479867684
0.0587766072435392
-0.0281423275179328
-0.115059916969393
-0.201298607594675
-0.286179778069231
-0.369029874529795
-0.449186542086569
-0.526004691391421
-0.598862439321648
-0.667166863752717
-0.730359513969637
-0.787921620491287
-0.839378950933746
-0.884306261988177
-0.92233130159954
-0.953138319961158
-0.976471052937005
-0.992135146932984
-1
