-0.930183440496155
-0.919295988583474
-0.897687833590363
-0.865689803460285
-0.823791508546841
-0.772633502733815
-0.712997027887001
-0.645791505858535
-0.572039978358476
-0.492862727910878
-0.409459342297935
-0.323089509900285
-0.235052853764796
-0.146668127746614
-0.0592521084309959
0.0259014784240881
0.10754265855406
0.184485204364625
0.255625603107032
0.319960692763838
0.376603681465446
0.424798291916101
0.463930802111221
0.493539787104201
0.513323403199844
0.523144095133121
0.523030647914388
0.513177547433009
0.493941656937041
0.465836259463523
0.429522558498967
0.385798769931288
0.335586977063143
0.279917956475358
0.219914215282977
0.156771509291825
0.0917391362764002
0.0260993186635823
-0.0388539950026789
-0.101836570567724
-0.161595227003438
-0.216928730602114
-0.266707908267826
-0.309894655315529
-0.345559530131735
-0.372897649906405
-0.391242628073856
-0.400078324688291
-0.399048215228246
-0.387962220736353
-0.36680088216862
-0.335716803722261
-0.295033333073201
-0.245240490203243
-0.186988200142149
-0.121076927801952
-0.0484458544620647
0.0298412252811047
0.112612070779591
0.198603978315282
0.286483301975484
0.374866209601541
0.462340350713522
0.547487098087431
0.628904014730918
0.705227193532695
0.775153117927583
0.837459698514237
0.891026152589721
0.934851410842722
0.968070757710664
0.98997043881228
1
0.997782157452467
0.983120036304435
0.956001655995807
0.916601583179218
0.865279716990127
0.802577216067618
0.729209621220689
0.646057271366675
0.554153152640699
0.454668360724528
0.348895393840244
0.238229527910993
0.124148555572856
0.00819119655308165
-0.108065491996269
-0.223029360636797
-0.335116713042349
-0.442775791319641
-0.544509841384166
-0.6388994045892
-0.724623493372065
-0.800479325572621
-0.865400314032849
-0.918472034763577
-0.958945927950424
-0.986250520884214
-1
