-0.814310920258404
-0.817737771401145
-0.824481574796943
-0.834324611761454
-0.846945466622217
-0.861925123049032
-0.878754930065514
-0.896846301945005
-0.915541986464644
-0.934128708975318
-0.951850975886875
-0.967925800861407
-0.981558100589043
-0.991956494764656
-0.998349236996949
-1
-0.996223239605229
-0.986398867878667
-0.969985975850626
-0.94653536090595
-0.915700632516685
-0.877247692432386
-0.831062411321629
-0.777156352770665
-0.715670427030797
-0.646876390461724
-0.571176141706233
-0.489098801688607
-0.401295600974483
-0.308532634275659
-0.211681577342915
-0.111708495588208
-0.00966090595961355
0.0933467166676474
0.196148770510744
0.297545453798479
0.396320526404147
0.491259629423723
0.581168874708241
0.664893409693317
0.741335660885279
0.809472962113432
0.868374281117696
0.917215770111143
0.955294882465223
0.982042818367984
0.997035086891473
1
0.990824945205878
0.969560317352958
0.936421025857795
0.891785531105932
0.836192402003286
0.770334425320199
0.695050335831167
0.611314273742174
0.520223111917131
0.422981829393923
0.320887139077978
0.215309605815041
0.107674515820005
-0.000558220725858538
-0.107914835541276
-0.212928826205338
-0.314162120598448
-0.410225961854068
-0.499801196436423
-0.581657655462123
-0.654672331704115
-0.717846071678896
-0.770318523573933
-0.811381107204134
-0.840487801312265
-0.857263575907947
-0.861510332481536
-0.853210252296746
-0.832526491987578
-0.799801205762356
-0.755550914034181
-0.700459278628593
-0.635367384243042
-0.561261663937791
-0.479259642533563
-0.3905937053177
-0.296593129896181
-0.198664645899602
-0.0982718101371012
0.00308649666544092
0.103898131499664
0.202659979987765
0.297900143432193
0.388199689882629
0.472213643185044
0.54869089503567
0.616492740930129
0.674609761335628
0.722176794112658
0.758485772796204
0.78299623737945
0.795343359236145
