0.653164004472398
0.651922542733211
0.649475557412382
0.645894089914888
0.64128263095575
0.635776679085267
0.62953955822692
0.622758555029019
0.615640450024521
0.608406528497969
0.601287167364531
0.59451610308896
0.588324492555226
0.582934883714595
0.578555215697864
0.575372968817533
0.573549583484685
0.573215263535917
0.574464273856413
0.577350834579851
0.58188570466186
0.588033536410855
0.59571106979753
0.604786221258268
0.615078106487901
0.626358020633184
0.638351382615425
0.650740633305888
0.663169060234843
0.675245504721008
0.686549891046698
0.696639501852771
0.705055909552204
0.711332460511976
0.71500219725991
0.715606094242534
0.712701474870724
0.705870471890505
0.694728389622564
0.678931825406385
0.658186408707691
0.632254019807729
0.600959355759026
0.564195719295983
0.521929916525194
0.474206161349385
0.421148898527315
0.362964472835897
0.299941588749229
0.232450523126774
0.160941072334663
0.0859392347188659
0.00804264910468389
-0.0720851702951022
-0.153721742831625
-0.23609359581513
-0.318385208219236
-0.399748811091847
-0.47931491712298
-0.556203438640348
-0.62953524211349
-0.698443978239162
-0.762088020014325
-0.819662337003241
-0.870410132359306
-0.91363407011892
-0.948706923852677
-0.97508148390709
-0.992299569126531
-1
-0.997925403482707
-0.985927735115322
-0.963972421288139
-0.93214104332782
-0.89063250524963
-0.839762648224695
-0.779962296749329
-0.711773743848242
-0.635845705064276
-0.552926793149949
-0.463857586948652
-0.369561388611354
-0.271033782725797
-0.169331128844393
-0.0655581350109099
0.0391453260429413
0.143617984549482
0.246691342358892
0.347204052976674
0.444016319299139
0.53602411406767
0.622173029571734
0.701471567429166
0.773003686305632
0.83594043510737
0.889550511356875
0.933209598967396
0.966408356260597
0.988758943582747
1
