1
0.997656794877799
0.992952935760873
0.98585409525265
0.976310197062073
0.964257082970436
0.949618684694043
0.93230965826398
0.912238429339622
0.889310589560861
0.863432576770673
0.834515565832989
0.802479491939947
0.76725712483519
0.728798110341457
0.687072895012556
0.642076450649319
0.593831717818261
0.542392691358322
0.487847076098222
0.43031844755482
0.369967860138939
0.306994854236794
0.241637823320943
0.17417371281689
0.104917033638494
0.034218184924564
-0.0375389076303468
-0.109939819551773
-0.182543291414643
-0.254885487267582
-0.326484795328964
-0.396847108491582
-0.465471512931394
-0.531856304933007
-0.595505249064318
-0.655933985180396
-0.712676487516982
-0.765291476429144
-0.813368682198894
-0.856534860810508
-0.894459463681452
-0.926859867022286
-0.953506071736763
-0.974224791494746
-0.988902854722268
-0.997489855639369
-1
-0.996513102693614
-0.987174706682136
-0.972195305682429
-0.951848666365394
-0.926469259422682
-0.896448822440187
-0.862232090901939
-0.824311746618435
-0.783222645224774
-0.739535395929334
-0.693849377228003
-0.646785281661272
-0.598977290728201
-0.551064987648577
-0.503685120670288
-0.457463332964823
-0.413005976776716
-0.370892129355755
-0.331665926294114
-0.295829324231542
-0.263835399524844
-0.236082282474082
-0.212907818153723
-0.194585034932977
-0.181318490528739
-0.173241553080141
-0.170414661446614
-0.172824594907688
-0.180384767890527
-0.192936550487516
-0.21025160057367
-0.232035178517076
-0.257930401018608
-0.287523376738618
-0.320349153279173
-0.355898392990049
-0.393624684140407
-0.432952384413632
-0.473284885588225
-0.514013181788744
-0.554524618929151
-0.594211700002505
-0.632480819744604
-0.668760802936064
-0.702511123200461
-0.733229683570538
-0.760460046267341
-0.78379800697938
-0.802897418325749
-0.817475178000518
-0.827315309165765
-0.832272073808654
