0.187869524788264
0.180124480731884
0.16477554408471
0.142102620710661
0.112519616093969
0.0765674009287678
0.0349046126174082
-0.0117035561821556
-0.0623983976584673
-0.116242343109467
-0.172234990152279
-0.229330238835688
-0.286454254046355
-0.342523957603176
-0.396465744234959
-0.447234111387621
-0.4938298935818
-0.535317797833301
-0.570842947369771
-0.599646156361259
-0.62107767838698
-0.634609195570499
-0.63984384334755
-0.636524097240379
-0.624537382300646
-0.603919302503778
-0.574854425747551
-0.537674599613922
-0.492854813064413
-0.441006659114978
-0.382869492637124
-0.319299415130105
-0.251256253997749
-0.179788736967501
-0.106018092273278
-0.0311203316013232
0.04369250486037
0.117191843989711
0.188152505396622
0.255372738351926
0.317694047893495
0.374020489905988
0.423337121967466
0.46472730877014
0.497388597775788
0.520646902203941
0.533968754144936
0.536971420143907
0.529430704557921
0.511286301833631
0.482644597027596
0.443778853798053
0.395126770109269
0.33728542336277
0.271003667950108
0.197172088657634
0.116810652305162
0.0310542368496938
-0.0588637486532938
-0.151629408909778
-0.245867800545975
-0.340163469007154
-0.433081771138556
-0.523190656730707
-0.60908257371746
-0.689396158334473
-0.76283737344435
-0.828199765395621
-0.884383522106564
-0.930413032371429
-0.965452668416746
-0.98882054015606
-1
-0.998648711009462
-0.984605128111394
-0.957892281460061
-0.918718792213578
-0.86747709336852
-0.804738871197512
-0.731247785599802
-0.647909569637874
-0.555779649040973
-0.456048460877358
-0.350024686331584
-0.239116645012365
-0.124812126952028
-0.00865696298937313
0.107767345832006
0.222866604182719
0.335057158125714
0.442789040407099
0.544568676004621
0.638980804742639
0.724709289228315
0.800556492919109
0.865460934544101
0.918512951043731
0.95896813126572
0.986258316396725
1
