1
0.995645541707173
0.98696024647116
0.973991234114012
0.956808877263574
0.935506433086966
0.910199552742612
0.881025669038242
0.848143263003122
0.811731010365843
0.771986809283132
0.729126691097344
0.683383616415369
0.635006159402291
0.584257083869543
0.531411815507168
0.476756815458437
0.420587861355248
0.363208242914661
0.304926880228654
0.246056373946583
0.186910997636569
0.127804643700589
0.0690487352888234
0.0109501176917639
-0.0461910563375895
-0.102083431985674
-0.156446532367186
-0.209012796294811
-0.259529556498203
-0.307760940596666
-0.353489676945266
-0.396518787483662
-0.436673149933743
-0.473800912126362
-0.507774741896327
-0.538492896872357
-0.565880099605634
-0.589888204824035
-0.610496647162507
-0.62771265949351
-0.641571253950957
-0.652134959889729
-0.659493315329836
-0.663762110876057
-0.66508238765373
-0.66361919343019
-0.659560103767756
-0.653113517745
-0.644506740453836
-0.633983867095334
-0.621803486021426
-0.608236220467165
-0.593562130954208
-0.578068002386821
-0.56204454167525
-0.545783513277845
-0.529574841326063
-0.513703707961515
-0.498447678151316
-0.484073881541022
-0.470836281841189
-0.458973063816841
-0.448704167155909
-0.440228995335333
-0.433724326088859
-0.429342448220721
-0.427209547320992
-0.427424360443058
-0.430057117027185
-0.435148780326681
-0.442710600348686
-0.45272398589735
-0.465140699743543
-0.479883377284889
-0.496846365347477
-0.515896874062087
-0.536876431069619
-0.559602623719441
-0.583871111466634
-0.609457887394449
-0.63612176472984
-0.663607061423278
-0.691646453366833
-0.719963964660814
-0.748278061539087
-0.776304815152237
-0.803761097406575
-0.83036777348127
-0.855852854505761
-0.87995457417951
-0.90242435385515
-0.923029621777128
-0.941556453758789
-0.957812004573374
-0.97162670170545
-0.982856175830607
-0.991382905430034
-0.997117556265626
-1
