1
0.99890782477432
0.996703380662379
0.99334706569576
0.988780928758877
0.982930379670444
0.975706416357904
0.967008324950423
0.956726799046001
0.944747415784434
0.930954398833973
0.915234592111001
0.897481563113577
0.877599751253485
0.85550857458533
0.831146407897866
0.804474346268494
0.775479670876728
0.744178938089865
0.710620618511766
0.67488721973638
0.637096834860403
0.597404068251762
0.556000300489898
0.513113265620507
0.469005925717166
0.423974640019285
0.378346638415862
0.332476821558086
0.286743922199989
0.241546074275596
0.197295847519403
0.154414815928748
0.113327737868073
0.0744564339571838
0.0382134559171572
0.00499564513747375
-0.0248223162321751
-0.0508942564563862
-0.0729086617327358
-0.0905945151432194
-0.103726724865017
-0.112131043908254
-0.115688389740569
-0.114338479822622
-0.108082708210082
-0.0969861988470226
-0.0811789828309873
-0.060856259599439
-0.0362777154810122
-0.00776588716873094
0.0242964278098674
0.059469696853129
0.0972620828549495
0.137134733792841
0.178507871680455
0.22076760809559
0.263273401299652
0.305366058908207
0.346376180337659
0.38563292500349
0.422472985623018
0.456249641097755
0.486341760408773
0.512162627816993
0.533168460453854
0.548866492122098
0.558822501777007
0.56266767167156
0.560104668441862
0.55091285037141
0.534952515567419
0.512168118648831
0.482590397600744
0.446337367491952
0.403614153562989
0.354711652540393
0.300004027678497
0.239945059726737
0.175063392519982
0.105956727945266
0.0332850404096403
-0.0422371046111536
-0.119849030043764
-0.198753114827108
-0.278124529320204
-0.357121409390405
-0.434895333107722
-0.51060195894409
-0.583411681361135
-0.6525201587178
-0.717158569561221
-0.776603456570282
-0.830186022660524
-0.877300750959897
-0.917413229426527
-0.950067071673461
-0.974889837936603
-0.991597873892199
-1
