1
0.991564383357417
0.974789035420459
0.949864428412392
0.917073043307799
0.876785549420465
0.829455797043348
0.775614695627917
0.715863066048414
0.650863570225816
0.581331834566288
0.508026895103411
0.431741101752746
0.35328962655106
0.273499726051989
0.193199911109112
0.11320917805504
0.0343264537741814
-0.0426795966042904
-0.117080256635733
-0.188195805424853
-0.25540379978421
-0.318146478905933
-0.375937192259066
-0.428365766339836
-0.475102742008564
-0.515902431196437
-0.550604759496209
-0.579135879291315
-0.601507556350834
-0.617815350945065
-0.628235632242905
-0.633021481770245
-0.632497557781799
-0.627054007286515
-0.617139525947258
-0.603253677949616
-0.585938598028885
-0.565770206012963
-0.543349070366884
-0.519291061228872
-0.494217935258067
-0.468747994254512
-0.443486956980316
-0.419019178958965
-0.395899348341469
-0.37464477731939
-0.35572839818035
-0.339572561113662
-0.326543717478257
-0.316948057659537
-0.311028157100947
-0.308960667848724
-0.310855076253155
-0.316753530591105
-0.326631725578732
-0.340400814293728
-0.357910302179817
-0.378951862808846
-0.403264001158984
-0.430537477544755
-0.46042139419761
-0.492529837012004
-0.526448957281735
-0.561744372466055
-0.597968761225012
-0.634669526197309
-0.671396398277343
-0.707708858464166
-0.743183257654535
-0.777419520954115
-0.810047331074391
-0.840731695028648
-0.869177809473434
-0.895135152473903
-0.91840074299378
-0.938821523798377
-0.956295838473716
-0.97077398865897
-0.982257873110484
-0.990799725609678
-0.996499983743335
-0.999504334979263
-1
-0.998211325723714
-0.994394771634496
-0.988833382784644
-0.981830850964591
-0.973705271933373
-0.964782711164298
-0.9553906932173
-0.945851730562902
-0.936477006446388
-0.927560323220077
-0.919372422543226
-0.912155777040407
-0.90611994453643
-0.901437565992346
-0.898241076920962
-0.896620189551593
