0.790788258492111
0.785189352607855
0.774057121508749
0.757521702895089
0.735775760977271
0.709071482312773
0.677716647184269
0.642069840845644
0.602534883059777
0.559554567172919
0.513603811306316
0.465182333911029
0.414806973768382
0.363003780397184
0.310300004652413
0.257216121004151
0.204258012540169
0.151909447145196
0.100624968613921
0.050823319726323
0.00288150565940071
-0.0428704043340163
-0.0861536511142189
-0.126744263341077
-0.164475580995602
-0.199239782758863
-0.230988391679479
-0.25973175042978
-0.285537474506828
-0.308527908702014
-0.328876628766485
-0.346804046169387
-0.362572188921452
-0.376478745371168
-0.388850470445813
-0.400036064797642
-0.410398646543677
-0.420307942601184
-0.430132331895222
-0.440230875857493
-0.450945472588626
-0.462593269795536
-0.475459468153421
-0.489790641125361
-0.505788689583007
-0.523605539924411
-0.543338682926344
-0.565027637474218
-0.588651408785662
-0.614126995009865
-0.641308979389889
-0.669990227781428
-0.699903693502945
-0.730725313530438
-0.762077962230331
-0.793536411429751
-0.824633228932757
-0.854865531871751
-0.883702496788621
-0.910593515305271
-0.934976872880663
-0.956288818648661
-0.973972886846284
-0.987489325002831
-0.996324480960923
-1
-0.998081684854655
-0.990187875251701
-0.975997209681668
-0.955255640388297
-0.927782582884428
-0.893476093533307
-0.852316982689102
-0.804371786360438
-0.749794536112765
-0.688827284705462
-0.621799363497275
-0.54912536666567
-0.471301876480776
-0.388902962957738
-0.302574509888463
-0.21302743723653
-0.121029906888684
-0.0273986145289854
0.0670107153086306
0.161313501370007
0.254607004673472
0.345981405438919
0.43453110262837
0.51936607668765
0.599623154373675
0.674477015258686
0.743150782615835
0.804926046867178
0.85915217753657
0.905254789581916
0.942743241936286
0.971217059886849
0.990371188357168
1
