0.704623629183474
0.702017309248482
0.696862605466056
0.689274330433215
0.679422071798206
0.667527084031706
0.653858225380444
0.638727007958754
0.622481843835913
0.605501583537576
0.588188455377905
0.570960524279837
0.554243797057093
0.538464107386684
0.524038917791203
0.511369177807492
0.500831377109112
0.492769929677812
0.487490020223368
0.485251037006963
0.486260706140466
0.490670031455013
0.498569131330233
0.509984049651216
0.524874602539273
0.54313330593133
0.564585411725105
0.588990062339682
0.616042555449131
0.645377692619546
0.676574167906299
0.709159935431952
0.742618478840139
0.776395890566893
0.809908655330082
0.842552020329618
0.873708824570211
0.902758651630119
0.929087164237888
0.952095475285137
0.971209408462644
0.985888502588563
0.99563461689418
1
0.998594692973012
0.991093146589616
0.977239944589891
0.956854538118738
0.929834911501113
0.896160115760427
0.85589162360854
0.809173477742594
0.75623122289538
0.697369630910617
0.632969246857112
0.563481802561676
0.4894245616407
0.411373676865161
0.329956656238591
0.245844048255806
0.159740469218024
0.0723751060094324
-0.0155081637775598
-0.103160886183124
-0.1898402274908
-0.274819099255787
-0.357396058626725
-0.43690483394355
-0.512723331034462
-0.584281983328881
-0.651071318734193
-0.712648628042578
-0.768643633259204
-0.818763069465151
-0.862794110412877
-0.900606585742586
-0.932153956230632
-0.957473032548918
-0.976682442331064
-0.989979869606791
-0.997638109580595
-1
-0.997472307697569
-0.990518665028924
-0.97965166561438
-0.965424241794656
-0.948420457328207
-0.929245857914557
-0.908517528982532
-0.886854014726239
-0.864865254533241
-0.843142692693231
-0.822249714604736
-0.802712557651811
-0.78501183757999
-0.769574821673771
-0.756768568474035
-0.746894040351777
-0.740181280182535
-0.73678572687739
