-1
-0.986687010301083
-0.960244668270467
-0.921037519702121
-0.869605602712725
-0.806656427379308
-0.733054473865344
-0.649808369718468
-0.558055942465793
-0.459047376032554
-0.354126728364537
-0.244712092498048
-0.132274703808701
-0.0183173119665165
0.095647853013042
0.208121185469639
0.317637543820276
0.422787494185839
0.522237636531478
0.614749706615523
0.699198166452181
0.774586019822552
0.840058617241175
0.894915246263254
0.938618337606725
0.970800154721294
0.991266873581446
1
0.997155113019617
0.9830579642977
0.958198004210199
0.923219445026196
0.878910009331235
0.82618754731548
0.766084739043232
0.69973212688029
0.628339748426377
0.553177661194616
0.475555666579172
0.396802552108653
0.318245177425971
0.241187730773128
0.166891478980121
0.0965553251296014
0.0312974743407846
-0.0278615102878714
-0.0800140023198411
-0.124378724742276
-0.16031207876233
-0.187317220028144
-0.20505074970673
-0.213326925887198
-0.212119340205146
-0.201560044778755
-0.181936154874293
-0.153683992541988
-0.117380875155397
-0.0737346897397331
-0.0235714286070116
0.0321791064146701
0.0924991954605785
0.156300427513373
0.22244198196572
0.289749668214453
0.35703541546314
0.423116898647361
0.486836985138803
0.547082690641672
0.60280334139995
0.653027653340243
0.696879456860182
0.733591818341927
0.762519335762225
0.783148415560684
0.795105370737599
0.79816221545546
0.792240068648869
0.777410117710739
0.753892132602458
0.722050560105592
0.682388266765201
0.635538036751743
0.582251966790409
0.523388933902691
0.459900342441608
0.392814384291767
0.32321906971444
0.2522443057727
0.181043314265418
0.110773691395736
0.0425784168387415
-0.0224328796289032
-0.0832020902224074
-0.138739945569558
-0.188142195101985
-0.230604389592097
-0.265435026737167
-0.292066847247583
-0.310066098854973
-0.319139618537535
