1
0.99469737678509
0.984120367676435
0.96832537420704
0.947396814077343
0.921446894578352
0.890615302220387
0.855068801798973
0.815000736828664
0.770630422224188
0.722202419344989
0.669985683076786
0.61427257052858
0.555377701194859
0.493636659082328
0.429404528332187
0.36305425527865
0.294974831659753
0.225569295817353
0.155252551161613
0.0844490038958734
0.013590024958652
-0.0568887557076855
-0.12655031116088
-0.194959220963076
-0.261684798022897
-0.326304317267625
-0.388406321403401
-0.447593975963153
-0.503488443024638
-0.555732240467111
-0.603992551483945
-0.647964447334942
-0.687373985055609
-0.721981141084315
-0.75158254155795
-0.776013950390055
-0.79515247720153
-0.808918468732745
-0.817277049527341
-0.820239280432645
-0.81786290678992
-0.810252672060349
-0.797560177010871
-0.779983269419867
-0.757764954499717
-0.731191821807219
-0.700591990252368
-0.666332578844043
-0.628816716945346
-0.588480113966038
-0.54578721450637
-0.501226970896099
-0.455308270755593
-0.408555062554887
-0.361501227076807
-0.314685247121536
-0.268644731647407
-0.223910853758511
-0.181002764463855
-0.140422045894429
-0.102647268632587
-0.0681287179521737
-0.037283353068941
-0.010490061951421
0.0119147281525274
0.0296410275421293
0.0424487953355286
0.0501509370626141
0.0526157459448251
0.0497687513628295
0.041593944719601
0.0281343601030544
0.0094919947491634
-0.0141729377930231
-0.0426434207908953
-0.075647704550907
-0.112862016347929
-0.153913884612513
-0.198386044096398
-0.245820881244414
-0.295725371950711
-0.347576457367425
-0.400826797556004
-0.454910837609428
-0.509251116502094
-0.56326474540752
-0.616369979615515
-0.667992806521075
-0.717573471475358
-0.764572863599936
-0.808478684970675
-0.848811328865407
-0.885129396014568
-0.917034781957868
-0.944177273641681
-0.966258599228092
-0.983035881653284
-0.994324453685704
-1
