-0.0772129243374388
-0.0826443724556918
-0.0934225964069767
-0.109379416421316
-0.130265458600349
-0.155753584575438
-0.185443389670082
-0.218866706916808
-0.25549404033129
-0.294741838004727
-0.335980504023585
-0.378543038128765
-0.421734183527249
-0.464839956488056
-0.507137426384656
-0.547904611755322
-0.586430356780269
-0.622024053331043
-0.654025076415827
-0.681811805378624
-0.704810109537626
-0.722501184969289
-0.734428638735967
-0.740204727869787
-0.73951567269692
-0.732125977429655
-0.717881705168939
-0.696712669335465
-0.668633518862597
-0.633743710013368
-0.592226373198876
-0.544346098450062
-0.490445678007908
-0.43094185863512
-0.366320169513698
-0.297128903789886
-0.223972342790739
-0.147503321514043
-0.0684152420570279
0.0125663519062433
0.0946925217436241
0.177199880732554
0.259319619117637
0.340286485867703
0.419347607964061
0.495771032074102
0.568853879108882
0.637930009327318
0.702377104208608
0.761623081123882
0.815151767735346
0.862507774858851
0.903300519054253
0.937207359257951
0.963975825138877
0.983424928334925
0.995445561104115
1
0.997120544757038
0.986907334462001
0.969525394117626
0.945200974715843
0.914217258788874
0.87690951097595
0.833659759331713
0.784891097832749
0.731061703758523
0.672658665304181
0.610191714922173
0.544186962509173
0.475180719699957
0.403713502270346
0.330324292077655
0.255545133191275
0.179896129017602
0.103880898448587
0.0279825395214752
-0.0473398610609257
-0.121654144755942
-0.194557407349171
-0.265677728299881
-0.334675307800516
-0.401243026472314
-0.465106452513747
-0.526023330359036
-0.583782593339191
-0.638202950331578
-0.68913110281688
-0.736439654034225
-0.78002477595686
-0.819803702544188
-0.855712119126287
-0.887701517832342
-0.915736587696103
-0.939792705493937
-0.959853589551019
-0.975909173766633
-0.987953753058487
-0.995984444424389
-1
