-0.754357777833252
-0.757783381742129
-0.764549980547928
-0.774489739675116
-0.787354344452667
-0.802819065075854
-0.82048807809578
-0.839900962004005
-0.860540266287191
-0.88184003668905
-0.903195164591335
-0.92397141564028
-0.943515982197003
-0.961168396041969
-0.97627163213933
-0.988183231252905
-0.996286268846344
-1
-0.998790014998736
-0.992177747710325
-0.979749188766155
-0.961162667719672
-0.936155582603281
-0.904549971409606
-0.866256837736975
-0.82127916188668
-0.769713548784972
-0.711750484914496
-0.64767319765545
-0.577855131727831
-0.50275607846378
-0.422917014098563
-0.338953722834865
-0.251549298807192
-0.161445637969111
-0.0694340460878229
0.0236548977733353
0.11696207187314
0.209610977401036
0.300719173727495
0.389409814261436
0.474823112796795
0.556127571760282
0.632530807885464
0.703289817463592
0.767720532349796
0.82520652918742
0.875206767671745
0.917262248893596
0.95100150164091
0.976144822725757
0.992507216657819
1
0.998631056202904
0.988503747302278
0.969814509254964
0.942849177567147
0.907978108924553
0.86565018247303
0.816385780942637
0.760768866705275
0.699438280877703
0.633078404531197
0.562409329782533
0.488176694890191
0.411141341374172
0.332068952566413
0.251719831869905
0.170838975386322
0.0901465875322609
0.0103291799087266
-0.0679686168405131
-0.144151410971924
-0.217679474492188
-0.288074147889938
-0.354922154887543
-0.417878775529348
-0.476669844820798
-0.531092563444994
-0.581015126498025
-0.626375195389574
-0.667177256742631
-0.703488929996618
-0.735436302186257
-0.763198383767481
-0.787000793146816
-0.807108789524183
-0.823819783592873
-0.837455463399253
-0.848353678128729
-0.856860225670772
-0.863320690480335
-0.868072476490331
-0.871437175674299
-0.87371340638236
-0.875170246887198
-0.876041378825654
-0.876520042584392
-0.87675489236425
-0.876846822903355
