-0.809258677480154
-0.797509527238795
-0.774165370959945
-0.739532416109441
-0.694064800966069
-0.638358469101854
-0.573143137370107
-0.499272470848507
-0.417712603385793
-0.329529165565344
-0.235873002688714
-0.137964783494471
-0.0370787155006252
0.0654744051255534
0.168364572578333
0.270260137472377
0.369845316392439
0.465837403183452
0.55700344553148
0.642176159091461
0.720268863387413
0.790289238755866
0.851351721489478
0.902688374788752
0.943658095831774
0.973754043878414
0.992609200462728
1
0.995847997132111
0.980219565436847
0.953323650310558
0.915507626480367
0.867251337302962
0.809159418369458
0.741952031589477
0.666454157530093
0.583583613027101
0.494337977695203
0.399780626709854
0.301026077931167
0.199224868951551
0.0955481838851704
-0.00882754935886565
-0.112735872953583
-0.215035111427381
-0.314622578314581
-0.410447984862993
-0.501525872935577
-0.586946911213828
-0.665887913011583
-0.737620455124391
-0.801517999828791
-0.857061446043482
-0.903843060389776
-0.941568764051417
-0.970058776539327
-0.989246642322926
-0.999176690412765
-1
-0.991968966827723
-0.975430584763798
-0.950818574771677
-0.91864450887668
-0.8794880895812
-0.833986755316237
-0.782824789796132
-0.72672211748252
-0.666422968724047
-0.602684596530031
-0.536266222416229
-0.467918381432664
-0.398372826495281
-0.328333139684572
-0.258466183473847
-0.189394508170349
-0.121689813487136
-0.0558675424313255
0.00761733506680695
0.0683733127958019
0.126074098938282
0.180459134241194
0.23133290643001
0.27856311013884
0.322077721049288
0.361861070932534
0.397949026579347
0.430423389919529
0.459405648747734
0.485050217196574
0.507537312281074
0.527065617374527
0.543844885303222
0.558088632850195
0.570007074866056
0.579800439972843
0.587652801133454
0.593726543304977
0.598157577198556
0.601051393066372
0.602480031694688
