-0.65718930770351
-0.648371489765525
-0.630841179320658
-0.604807493364615
-0.570580296510919
-0.528565694161815
-0.479260132663623
-0.423243197882326
-0.361169223764909
-0.293757840825827
-0.221783610826776
-0.14606490794514
-0.067452218231516
0.0131839620408953
0.0949654425704536
0.17701868017213
0.258486955233161
0.338542196771567
0.416396275255296
0.491311591044468
0.562610797724902
0.629685513526543
0.692003890244986
0.749116927350789
0.800663438990397
0.846373603037414
0.886071043903867
0.919673424111391
0.947191543283114
0.968726966874394
0.984468230239973
0.994685686168475
0.999725085446006
1
0.995983216406194
0.988197243727441
0.977204093536959
0.963594501341066
0.947976767277743
0.930965399790667
0.913169748871516
0.895182815380783
0.877570419900488
0.860860908589433
0.845535564697953
0.832019882893997
0.820675849538181
0.811795355744152
0.805594851730472
0.802211330901758
0.801699710608024
0.804031653962697
0.809095853809514
0.816699776285748
0.826572837809219
0.838370966094082
0.851682473344375
0.866035148441535
0.880904455071783
0.895722704647817
0.90988905685486
0.922780186949711
0.933761447782226
0.942198346070772
0.947468146883095
0.948971417642721
0.946143323343462
0.938464488008092
0.925471243722087
0.906765097713371
0.882021259792972
0.850996086835467
0.813533317638352
0.769568990195697
0.719134953861309
0.662360910739882
0.599474943588563
0.530802511175804
0.456763916057887
0.37787027371837
0.294718035595003
0.207982141321158
0.118407897175346
0.0268016979217056
-0.0659792723823101
-0.159038208727638
-0.251450556798208
-0.342276410674139
-0.430573250697459
-0.515408829836829
-0.595874014096966
-0.671095382750711
-0.740247397425435
-0.802563955301926
-0.85734915078776
-0.903987081867659
-0.94195055172705
-0.970808532968266
-0.990232280531286
-1
