-0.0861930595086614
-0.0845781819122908
-0.0813689126470697
-0.0766058107623635
-0.0703486906814077
-0.0626754150995305
-0.0536803215680317
-0.0434723128486032
-0.0321726476385643
-0.0199124741368569
-0.00683015403988563
0.00693157116731169
0.0212285164034689
0.0359180340737006
0.0508619811059721
0.0659296127199651
0.0810003444903162
0.0959663261106549
0.110734773144859
0.125230006924138
0.139395157552689
0.153193490644289
0.166609324836008
0.179648514208424
0.192338477367778
0.204727762988
0.216885149935161
0.228898288563693
0.240871898239455
0.252925544464859
0.265191027012985
0.277809418081455
0.290927796519501
0.304695730538159
0.31926156686897
0.334768588988599
0.351351110686877
0.369130573851054
0.388211720813454
0.408678911925054
0.430592658154231
0.453986436467385
0.478863852545178
0.505196211062235
0.532920548365692
0.561938176002888
0.592113776261505
0.623275082802691
0.655213170708999
0.687683370966244
0.720406814693448
0.753072602477453
0.785340584113697
0.816844724060052
0.847197018135287
0.875991917594208
0.902811207840274
0.927229280838792
0.94881873290593
0.967156213095577
0.981828441998944
0.992438316506821
0.998611013040954
1
0.996292869728916
0.987216901229926
0.972544267089776
0.952096801682151
0.92575025257604
0.893437943180329
0.855153781902807
0.810954561400753
0.760961500736157
0.705360993292428
0.64440453401863
0.578407810788718
0.507748956234533
0.432865968164041
0.354253318438133
0.272457781776552
0.188073527224171
0.101736525764666
0.0141183376581431
-0.0740806476499342
-0.162138437890254
-0.249319042219611
-0.334880358952714
-0.4180822476384
-0.498194682981295
-0.574505886173832
-0.646330328727403
-0.713016504888913
-0.773954371191663
-0.828582355587342
-0.876393843887837
-0.916943057839519
-0.949850246967667
-0.974806125255062
-0.991575493630552
-1
