-1
-0.992344603145225
-0.977100379083785
-0.954399728541593
-0.924439415776947
-0.887478391114459
-0.843834931802194
-0.793883138225393
-0.738048830776014
-0.676804900303041
-0.610666171947572
-0.540183848203333
-0.465939602154256
-0.388539395956658
-0.308607102699521
-0.226778011752971
-0.143692298579079
-0.0599885397234731
0.0237026476595821
0.106764764846501
0.188601315739647
0.268641347290704
0.346344582620917
0.421206089536017
0.49276043409946
0.560585276524393
0.624304374757919
0.683589969639377
0.738164534290878
0.787801879313637
0.832327614286845
0.871618974866935
0.905604033336786
0.934260318634166
0.957612879580353
0.975731832125521
0.988729437829135
0.996756766414247
1
0.998676440465937
0.993030284288323
0.983328231081281
0.969854992957884
0.952908771697818
0.932796769583742
0.909830797677655
0.884323042296057
0.856582046566267
0.826908959276894
0.79559409785531
0.762913866306559
0.729128062432482
0.694477601725067
0.659182678107407
0.623441374296048
0.587428727098195
0.551296245554386
0.515171872607735
0.479160374036741
0.443344131836219
0.407784313169194
0.372522380531728
0.337581903952611
0.302970631959208
0.268682774735703
0.2347014504235
0.201001243894812
0.167550826584545
0.134315586093203
0.101260215261322
0.0683512122364516
0.0355592456664573
0.00286134250451342
-0.0297571400630797
-0.062300792430711
-0.0947627088547365
-0.127123345367538
-0.159349696605852
-0.191394802730663
-0.223197591397391
-0.254683053509012
-0.285762745357537
-0.316335603834637
-0.346289055769965
-0.375500397229723
-0.403838413864981
-0.431165209217093
-0.457338204334317
-0.482212269186416
-0.50564194422771
-0.527483709086089
-0.547598254765373
-0.565852715946876
-0.582122820955623
-0.596294918696563
-0.60826784433253
-0.617954588622676
-0.625283739609933
-0.630200669670899
-0.632668445743704
