-0.070339165503111
-0.0632978786044182
-0.0493077804757094
-0.0285526002084376
-0.00130489302240933
0.0320775579355383
0.0711564601163204
0.115418784135729
0.164283509379645
0.217109248110166
0.27320264139051
0.331827409566136
0.392213931176778
0.453569217156096
0.51508714210174
0.575958791338697
0.635382781492704
0.69257541334688
0.746780518851659
0.797278869242735
0.843397018211919
0.884515462860696
0.920076015608656
0.949588292167034
0.972635233937666
0.988877597556879
0.998057359553618
1
0.994615645360375
0.981899067246219
0.961928550211666
0.934863657833479
0.900941941870748
0.860474654064495
0.813841533899425
0.761484758209531
0.703902149685694
0.641639750978426
0.575283879048452
0.505452780594235
0.432788013699053
0.357945683239974
0.28158765806586
0.204372896490034
0.126949003293617
0.0499441362647115
-0.0260406265986829
-0.100438356597411
-0.172722687891448
-0.242413493711113
-0.309081756187819
-0.372353574050791
-0.431913266408633
-0.487505545278528
-0.538936744212206
-0.586075105065422
-0.628850139436945
-0.667251095339391
-0.70132457304158
-0.731171346536599
-0.756942458552282
-0.778834667260654
-0.797085331709616
-0.811966830366395
-0.823780612925431
-0.832850989617056
-0.839518764608516
-0.844134820694662
-0.847053761339031
-0.848627713282251
-0.849200388445918
-0.849101497814707
-0.848641602490324
-0.848107478313463
-0.847758060499865
-0.847821023807403
-0.848490042030948
-0.849922758310586
-0.852239485044855
-0.855522639337342
-0.859816907087063
-0.865130116273381
-0.871434787892218
-0.87867032157057
-0.886745762307564
-0.895543085234038
-0.904920926902897
-0.91471868455297
-0.924760899141197
-0.934861833799028
-0.944830156800887
-0.954473637170917
-0.96360376170771
-0.972040184456899
-0.979614923463585
-0.986176224919738
-0.991592021490626
-0.995752919540757
-0.998574659044349
-1
