-0.942366453411255
-0.944007905446797
-0.947213352824886
-0.951829371004969
-0.9576295200275
-0.964318710413045
-0.9715389083866
-0.978876083458804
-0.985868280155525
-0.992014676377283
-0.996785473806741
-0.999632451246444
-1
-0.997336451603364
-0.991105502516577
-0.98079753789794
-0.965940657348387
-0.946111209527313
-0.920943649743832
-0.890139544909113
-0.853475563436301
-0.810810303587406
-0.762089832140305
-0.707351825792506
-0.646728230105094
-0.580446374663337
-0.508828508108623
-0.432289742379599
-0.351334421476738
-0.266550955916237
-0.178605189349713
-0.0882323881865917
0.0037720319281358
0.0965629076311634
0.189256702972846
0.28094368693466
0.370700727913809
0.457604508463894
0.540744955375046
0.619238675200848
0.692242183684142
0.758964719237766
0.818680435685131
0.870739777791259
0.914579854597661
0.949733640043805
0.975837847595805
0.992639345346771
1
0.997899861957412
0.986438629042174
0.965835352792944
0.936426378365417
0.898661536441016
0.8530986327433
0.800396307372064
0.741305361763679
0.676658675268991
0.60735985572356
0.53437078861288
0.458698267184083
0.381379900840353
0.303469511132179
0.226022233434753
0.150079547826844
0.0766544646691969
0.00671708887931066
-0.0588192180718342
-0.119110867788713
-0.173396067207386
-0.221005649241887
-0.26137254523156
-0.294039752866572
-0.318666675845629
-0.335033736062107
-0.343045185245876
-0.342730070306346
-0.334241334706904
-0.317853066618241
-0.293955932908939
-0.263050865797516
-0.225741095780494
-0.182722649849956
-0.134773457626471
-0.082741229491666
-0.0275302897742183
0.0299124357725407
0.0886120658177496
0.147580820340955
0.20583325977875
0.262401474655471
0.31634999448623
0.366790188853297
0.41289394115894
0.453906386534696
0.489157519571406
0.51807249470974
0.540180462033726
0.555121803534604
0.562653659315731
