1
0.987187720878432
0.961733966446483
0.923977868132462
0.874421969923318
0.813724948526809
0.742692078455266
0.662263585660704
0.57350106507135
0.477572166404546
0.375733778515338
0.269313964887517
0.159692921343239
0.0482832413574013
-0.0634902157026768
-0.17421055268169
-0.28248885754689
-0.386983723368958
-0.486419975984823
-0.579606332711737
-0.665451732446906
-0.742980098391088
-0.811343319149014
-0.869832261699691
-0.91788566026172
-0.955096757925733
-0.981217612576037
-0.996161014537146
-1
-0.992964981039082
-0.975438549356059
-0.947948046216109
-0.911156024834674
-0.865848763204512
-0.812923014538445
-0.753371208695332
-0.688265340756482
-0.618739801981336
-0.545973423408632
-0.471171013159062
-0.395544674881793
-0.320295196682789
-0.246593797261272
-0.175564508915596
-0.108267465684893
-0.0456833493591711
0.0113007733265775
0.0619040119833079
0.105462428194102
0.14143787028315
0.169424743305599
0.189154623421772
0.200498660193992
0.203467745463574
0.198210462774303
0.185008866250152
0.164272171859316
0.136528476569905
0.102414651515041
0.0626645834589332
0.0180959641527267
-0.0304041508019885
-0.081894773542209
-0.135397151411584
-0.189911405307477
-0.244433367740932
-0.29797134762339
-0.349562551336186
-0.39828889649049
-0.443291965825034
-0.483786863729352
-0.519074756670399
-0.548553901030666
-0.571728987172086
-0.588218656510006
-0.597761078561338
-0.600217506832416
-0.595573765520298
-0.58393965278304
-0.565546280246911
-0.540741401917343
-0.509982818209081
-0.473829971888686
-0.432933881833077
-0.388025587186864
-0.339903298324296
-0.289418471610354
-0.237461041983781
-0.184944060584053
-0.132787993807395
-0.08190494516193
-0.0331830620239087
0.0125286141309922
0.0544346031733409
0.0918065083899291
0.123995381795625
0.150442728593738
0.170689969285166
0.184386203457748
0.191294147341873
