1
0.994346771127659
0.98306757571365
0.966216926521527
0.943876559955678
0.916155388455467
0.883189423378502
0.845141657113152
0.802201890877727
0.754586492721058
0.702538068690004
0.646325029019849
0.58624103057118
0.522604276610137
0.455756655426694
0.386062700216318
0.313908354112009
0.239699526233955
0.163860427099803
0.086831674676932
0.00906816571629854
-0.0689632892661984
-0.14678656496039
-0.223919047508532
-0.299874676908775
-0.37416718992355
-0.446313543300858
-0.51583749265301
-0.582273298035537
-0.645169523213049
-0.704092891871059
-0.758632160711589
-0.808401966529442
-0.853046602072492
-0.892243673802783
-0.925707593646529
-0.95319285649124
-0.97449705558768
-0.989463589162161
-0.997984013448124
-1
-0.99550485853975
-0.984544590677566
-0.967218444601581
-0.943678946193716
-0.91413138793615
-0.87883276335111
-0.838090141482617
-0.792258482991425
-0.741737906696012
-0.686970422750273
-0.628436155996122
-0.566649090257969
-0.502152371347168
-0.435513213210467
-0.367317457882518
-0.29816384558881
-0.228658056398033
-0.159406589156038
-0.0910105469702979
-0.0240594011877305
0.0408751924346789
0.103245450870211
0.162533319968901
0.218256056499998
0.269971465178318
0.317282722949618
0.35984272695793
0.397357907682811
0.42959145466005
0.456365908915429
0.477565083665394
0.493135282877619
0.503085795835158
0.507488654798366
0.506477652090451
0.500246622321369
0.489047004883464
0.473184711171664
0.453016330072287
0.428944714000844
0.401413996027596
0.37090409629314
0.337924782874932
0.303009358419124
0.266708049110107
0.229581176834948
0.192192198646295
0.155100699784901
0.118855427555591
0.0839874532382756
0.0510035479540072
0.0203798560068764
-0.00744405428672046
-0.0320706868459867
-0.053149591300015
-0.0703817503585591
-0.0835233251207351
-0.0923887104872373
-0.0968528616101941
