1
0.991411840830506
0.974358573897005
0.949084330864714
0.915950413192409
0.875429505486342
0.828098106117502
0.774627297350019
0.715772004072559
0.652358914677379
0.585273259300453
0.515444659172366
0.443832275935002
0.371409501209657
0.299148434272865
0.228004399283345
0.158900753046916
0.0927142298105064
0.0302610611104777
-0.0277159036033188
-0.080558865794126
-0.127705345681727
-0.168696881094406
-0.20318601447623
-0.230941452681591
-0.251851313566743
-0.265924404190657
-0.273289507173868
-0.274192683927497
-0.268992635541646
-0.258154193599696
-0.242240043558735
-0.221900812119261
-0.197863676737104
-0.170919679676933
-0.141909950378448
-0.111711058057393
-0.0812197310984371
-0.0513371906760232
-0.0229533529820207
0.00306884267281649
0.0259087238367812
0.0448025422451788
0.0590572571072703
0.0680632161801173
0.071305523354827
0.068373901796229
0.0589708850951409
0.0429181950481394
0.0201611931641563
-0.00922867663629923
-0.0450535048919981
-0.0869906111283189
-0.134596301061618
-0.187311638568292
-0.244470152227382
-0.305307365132671
-0.368972007217613
-0.434538742012968
-0.501022214999107
-0.567392208919005
-0.6325896729347
-0.695543377638386
-0.755186936912157
-0.810475930650097
-0.860404859532361
-0.9040236644271
-0.94045354858093
-0.968901850463934
-0.988675728818545
-0.999194438917544
-1
-0.990766078005113
-0.971304934691627
-0.941572323599572
-0.901670244627689
-0.851847501779232
-0.79249804236252
-0.724157090096423
-0.647495118633535
-0.56330974544423
-0.472515658281809
-0.376132717068195
-0.275272402522328
-0.17112280875336
-0.0649323999516321
0.0420072291280316
0.148379333292245
0.252860470051067
0.354139150288735
0.450934407309069
0.542014005724093
0.626212016561145
0.702445494082748
0.769730003007561
0.827193761888755
0.874090189087171
0.909808661752929
0.933883325131948
0.945999818928587
