0.300686752795383
0.30677318654308
0.318844678946852
0.336699992555953
0.36004103016069
0.388477281881871
0.421531649554346
0.458647560424627
0.49919726274835
0.542491178087808
0.587788169245203
0.634306569066192
0.681235804019671
0.727748437675805
0.773012453097653
0.816203589823776
0.856517550598134
0.893181895304242
0.925467444643992
0.952699023885969
0.974265387369673
0.989628177227762
0.998329784777421
1
0.994361353210064
0.981233073120102
0.96053360672264
0.932281668407988
0.896595808172489
0.853692511301592
0.803882864186477
0.747567842608691
0.685232299570982
0.617437749245704
0.544814061556624
0.468050198031919
0.387884133621049
0.305092120943827
0.220477462760494
0.134858965179355
0.0490592481569339
-0.0361069088599416
-0.119844009761762
-0.201386900870507
-0.280011280932554
-0.355043506012902
-0.425869545044278
-0.491942955724837
-0.552791766362366
-0.60802416687592
-0.657332931206083
-0.70049851354963
-0.737390781803263
-0.767969373042687
-0.792282677439363
-0.810465478388392
-0.822735297451976
-0.829387512687879
-0.830789337720014
-0.827372766226918
-0.819626602105477
-0.808087709172226
-0.793331625685003
-0.775962698031029
-0.756603894498694
-0.735886464034359
-0.714439606228509
-0.692880317465856
-0.671803574241737
-0.651773008164386
-0.633312218241568
-0.616896854841387
-0.602947596407628
-0.591824124819477
-0.583820188463132
-0.579159823903218
-0.577994787800785
-0.580403230733806
-0.586389624158774
-0.595885931237422
-0.608753991971004
-0.624789073361611
-0.643724516471865
-0.665237394582462
-0.68895508043359
-0.714462606039215
-0.741310686013048
-0.769024264939897
-0.797111441230041
-0.825072614233549
-0.85240969825308
-0.878635246524067
-0.903281330235294
-0.925908022204002
-0.946111341820786
-0.963530527223507
-0.977854512191882
-0.988827498785532
-0.996253532056266
-1
