0.760741553645836
0.764440897265788
0.771724187350975
0.782362822387179
0.796019344626303
0.812253869227643
0.830532484469896
0.850237479263892
0.870679222732262
0.891109492037967
0.910736019410475
0.928738007854243
0.944282347685929
0.956540253124689
0.964704029873265
0.968003681120341
0.965723060733872
0.957215288589145
0.941917153894499
0.919362247874965
0.889192587008495
0.851168511869035
0.805176674138052
0.751235955063939
0.68950119208703
0.620264625971671
0.543955018024404
0.461134425229824
0.372492659786215
0.278839497946958
0.181094740647892
0.0802762645145172
-0.0225137640929652
-0.126104307882377
-0.22927227783449
-0.33076049562803
-0.429296521373622
-0.523612052374291
-0.612462586898272
-0.694647040065669
-0.769026997045771
-0.834545291888941
-0.890243608448832
-0.935278812879882
-0.968937744936218
-0.990650217490266
-1
-0.996733591683711
-0.980766623451328
-0.952187763678806
-0.911260041139478
-0.858419538229025
-0.794271448417477
-0.719583532993505
-0.635277052986739
-0.542415292019458
-0.442189824119021
-0.33590471660904
-0.224958891515331
-0.110826898938385
0.00496161792588778
0.120843464416758
0.235244123543961
0.346600340897376
0.453382726095194
0.554118029243346
0.647410753857371
0.731963775919225
0.80659765209693
0.870268318455616
0.922082903967488
0.96131341044547
0.987408041772016
1
0.998913603540963
0.984167622654649
0.955975769202083
0.914744320483339
0.861066900292673
0.79571648342177
0.719634732062001
0.63391881324692
0.539805885006977
0.438655474682409
0.331930005301464
0.221173754574318
0.107990555430648
-0.00597943324106376
-0.119083542222752
-0.229680640956373
-0.336165062655403
-0.436990049490194
-0.530690368399334
-0.615903759994791
-0.691390900083372
-0.756053575264939
-0.808950800557997
-0.849312637643948
-0.876551506646792
-0.890270821852795
