0.970352494236421
0.967102073669386
0.960651455615609
0.951100132520889
0.938594975757638
0.923327442156068
0.905529927333655
0.885471330942325
0.863451913142232
0.839797534457128
0.814853382450301
0.788977298188024
0.762532823065062
0.735882092120638
0.709378703374327
0.683360693895544
0.658143752260632
0.634014793757625
0.6112260192176
0.589989570766204
0.570472888217583
0.552794858427037
0.537022836860361
0.523170606137096
0.511197320596462
0.501007469274065
0.492451872336617
0.485329708285523
0.479391551400469
0.474343381246394
0.469851508905045
0.46554834820271
0.461038944864664
0.455908162494379
0.449728411792065
0.44206779870878
0.432498558468136
0.420605635735551
0.40599526680007
0.38830341754518
0.367203931275195
0.342416243146851
0.313712523007478
0.280924115799043
0.243947158251546
0.202747262223834
0.157363168584907
0.107909290763007
0.0545770837933797
-0.00236480738586564
-0.0625716477824755
-0.125624968230809
-0.191036165343867
-0.258251313696067
-0.326657138799
-0.395588080429207
-0.464334357761769
-0.532150930848274
-0.59826723752708
-0.661897571121577
-0.722251952496419
-0.778547340401486
-0.830019016705642
-0.875931978238499
-0.915592164613093
-0.948357351650812
-0.973647542887578
-0.99095469708239
-0.999851637610549
-1
-0.991157086517866
-0.973181511457386
-0.946037537401867
-0.909798021010675
-0.864645906515016
-0.810874225838325
-0.748884585759449
-0.679184144495221
-0.602381102162913
-0.519178751459403
-0.430368156231603
-0.336819546087603
-0.239472534497625
-0.139325285662827
-0.0374227715138479
0.0651557257088404
0.167309697963526
0.267930906197663
0.365917101684856
0.460185785907351
0.549687819451572
0.633420691618656
0.710441266441464
0.77987782749218
0.840941253167212
0.892935165916087
0.935264912968331
0.967445252301722
0.98910663564972
1
