1
0.991480880414866
0.97452529986453
0.949297565722473
0.916041628207944
0.875078105885484
0.826800383244798
0.77166983366672
0.710210232938834
0.643001439395659
0.570672426565792
0.493893762771263
0.413369639320526
0.329829554664463
0.244019766064967
0.156694622901765
0.068607896682773
-0.019495777881404
-0.106889238710708
-0.192870800987912
-0.276771827923358
-0.35796377186351
-0.435864598160541
-0.509944513626628
-0.579730931858859
-0.644812619078701
-0.704842976211171
-0.759542425550445
-0.808699883330665
-0.852173312648885
-0.889889364275799
-0.921842125745151
-0.948091011545019
-0.968757839061703
-0.984023145977833
-0.994121814941633
-0.999338080360243
-1
-0.996473480593311
-0.989155951768479
-0.978469786270772
-0.964855566588298
-0.948765298716138
-0.930655672891654
-0.910981468741089
-0.890189198443419
-0.868711076314685
-0.846959396737983
-0.825321394723323
-0.804154654707056
-0.78378312363714
-0.76449377409528
-0.746533952347354
-0.730109434964414
-0.715383206197447
-0.702474956801445
-0.691461293668711
-0.682376638624114
-0.67521478422645
-0.66993106457083
-0.666445090046197
-0.66464398690476
-0.664386075465343
-0.665504914901502
-0.66781363793957
-0.671109495472844
-0.675178529125688
-0.67980028919343
-0.684752516136355
-0.689815705892859
-0.694777482650558
-0.699436707306995
-0.703607255576492
-0.707121406451778
-0.709832789387511
-0.711618847002899
-0.712382779155984
-0.712054943766988
-0.71059369960014
-0.707985686186255
-0.704245546014275
-0.699415103872899
-0.693562027621186
-0.686778003554374
-0.679176467762106
-0.670889942316503
-0.662067031656414
-0.652869140047009
-0.643466975403147
-0.634036908002028
-0.62475725462669
-0.615804559448745
-0.607349942469081
-0.599555584602972
-0.592571415555757
-0.586532066541673
-0.581554144725715
-0.577733880108381
-0.575145188534354
-0.573838186711484
