-1
-0.988395694185117
-0.965327635256966
-0.931075057645961
-0.88605216202877
-0.830802607871909
-0.76599229183535
-0.692400514020657
-0.6109096566961
-0.522493520943886
-0.428204485347434
-0.329159667097036
-0.226526279504514
-0.121506390685673
-0.0153212959405982
0.0908042789716172
0.195657924966163
0.298055030154335
0.39685378155694
0.490969483697913
0.579388000588098
0.661178141194984
0.735502824632635
0.801628879747075
0.858935354232407
0.906920230578809
0.945205469687663
0.973540327534358
0.991802915444959
1
0.99826506390576
0.986854674002806
0.966143226544813
0.936616162624027
0.898861767809969
0.853561689396835
0.801480321844541
0.743453225804197
0.680374758334632
0.613185101376641
0.542856882133124
0.470381582628392
0.396755936356339
0.322968507588868
0.249986643662302
0.178743982494566
0.110128686856191
0.0449725637104781
-0.0159587885236311
-0.0719746793912631
-0.122466766278361
-0.166915149088626
-0.204893055701203
-0.236070076550797
-0.260213929402871
-0.277190758140203
-0.286963991778496
-0.289591811641053
-0.285223295312043
-0.274093325339596
-0.256516368381955
-0.232879246318445
-0.203633034549974
-0.169284234094475
-0.130385372982965
-0.0875251987637727
-0.0413186275507617
0.00760338402634764
0.0586038793836707
0.111049694883353
0.164320851854715
0.217819403881556
0.270977607095841
0.323265294835578
0.374196353424107
0.423334212741066
0.470296283390797
0.514757291323103
0.556451480401637
0.59517367331742
0.630779201076653
0.663182730724295
0.692356039677165
0.718324802725593
0.741164474132406
0.760995362047105
0.777977005423393
0.792301974573362
0.804189225239206
0.813877142478513
0.82161641464628
0.827662879260871
0.83227048154885
0.835684483003408
0.838135051432273
0.839831355822983
0.840956279063574
0.841661849307896
0.842065476782403
0.842247067339378
