-0.0541968276116984
-0.0459404861333014
-0.0295536389480292
-0.00528615771129393
0.0264916235485833
0.0652942034296911
0.110527852419577
0.161499095264529
0.21742461286937
0.277442419583249
0.340624153314132
0.405988299931452
0.472514160099347
0.539156356227841
0.604859669788549
0.668573994921324
0.729269193117568
0.785949635815284
0.837668226942464
0.883539705713417
0.922753041185236
0.954582744042351
0.978398937578375
0.993676048630231
1
0.997073808355498
0.984721515387122
0.962890404752795
0.93165148268768
0.891198225706167
0.841843624193601
0.784015575491936
0.718250703954191
0.645186708020496
0.565553355317712
0.480162265795601
0.38989563970674
0.295694101571187
0.198543842935834
0.099463255579388
-0.000510747291612823
-0.100336521435098
-0.198981393303567
-0.295435076055612
-0.388722608943113
-0.477916638162236
-0.562148868937201
-0.640620532776124
-0.712611730263298
-0.777489528163432
-0.834714709712471
-0.883847098433977
-0.924549398307454
-0.956589516268977
-0.979841356480461
-0.994284099194222
-1
-0.997170767416632
-0.986072597839001
-0.967069966451259
-0.940608290572774
-0.907205597746226
-0.867443344473532
-0.821956542657512
-0.771423359357931
-0.7165543613045
-0.658081578655259
-0.596747562719757
-0.53329460980117
-0.468454318012714
-0.402937635997964
-0.337425552079653
-0.272560559663942
-0.208939019959793
-0.14710452649035
-0.0875423577579675
-0.0306750850824378
0.023140617612831
0.0736159361023379
0.120530645314805
0.163732621917382
0.203136176438491
0.238719260975841
0.270519627050867
0.298630025265159
0.323192553813446
0.344392276365184
0.362450241129608
0.377616041889907
0.39016006829281
0.400365596613149
0.408520873524278
0.414911344083331
0.419812171217536
0.423481187549179
0.426152411539092
0.428030248817977
0.429284486404767
0.430046172508675
0.430404458033643
