1
0.993089819842472
0.97935142441767
0.958947603459976
0.932119708177276
0.899184297746426
0.860528744832867
0.816605864517316
0.767927645265164
0.715058173639901
0.658605856144226
0.599215051696203
0.537557236661669
0.474321830943084
0.410206818272293
0.345909296503003
0.282116094311662
0.219494589287306
0.158683858947746
0.100286290817673
0.0448597704303111
-0.00708944291689273
-0.0551130534688573
-0.0988261922944185
-0.137911932813594
-0.172124799254274
-0.201293223967389
-0.225320925372686
-0.244187194504671
-0.257946094432157
-0.266724592985995
-0.27071966500203
-0.270194415430661
-0.265473288951601
-0.256936444947567
-0.245013388635786
-0.230175959653922
-0.212930788292589
-0.193811336730901
-0.173369647962269
-0.1521679285218
-0.130770092600499
-0.109733394642154
-0.0896002750835855
-0.0708905395655492
-0.0540939857869723
-0.0396635843042847
-0.028009310121728
-0.0194927110331695
-0.0144222865382194
-0.0130497379613865
-0.0155671363642401
-0.0221050401811118
-0.0327315794615348
-0.0474525084052537
-0.0662122127674405
-0.0888956439295029
-0.11533113720514
-0.145294058502972
-0.178511211003715
-0.214665922222683
-0.253403721889087
-0.294338512631844
-0.337059128642679
-0.381136172390223
-0.426129016154821
-0.47159285368529
-0.517085687659021
-0.562175140838989
-0.606444982820069
-0.649501269968319
-0.690978003479786
-0.730542219293382
-0.767898433735844
-0.802792380085079
-0.835013983522934
-0.864399535005689
-0.890833038195512
-0.914246717544819
-0.934620689680212
-0.951981814164173
-0.96640175329471
-0.97799428361587
-0.986911914045235
-0.993341876781462
-0.997501567255264
-0.999633518169593
-1
-0.998877346078635
-0.996550104475823
-0.993305121259069
-0.989425660316759
-0.985185663777306
-0.980844254157325
-0.976640574786401
-0.972789058860201
-0.969475209773518
-0.966851966309921
-0.965036715967251
-0.964109008350042
