-0.428068284041445
-0.417810877480079
-0.397460842046221
-0.367345071596956
-0.327947295825632
-0.279900265856514
-0.223975531181674
-0.161070972034062
-0.0921962873527505
-0.0184566713668924
0.0589650590208353
0.138827598898108
0.219851244509771
0.300738613899735
0.380195665672929
0.456952677518209
0.529784846534193
0.597532179202584
0.659118349967971
0.713568223635356
0.760023757930976
0.797758028254851
0.826187146479009
0.844879879141542
0.853564807023012
0.852134907287491
0.840649480504039
0.819333387282676
0.788573602288265
0.748913136352168
0.701042419601946
0.645788279301839
0.584100684791789
0.517037467913126
0.445747260039735
0.371450915771113
0.295421718024223
0.218964679287677
0.143395268851211
0.070017905650744
0.00010456081223098
-0.0651261870410965
-0.124529307124534
-0.177052357705002
-0.221753105429933
-0.257815436928485
-0.284563303333134
-0.301472469021187
-0.308179870208128
-0.304490426499556
-0.290381188537713
-0.266002746832706
-0.231677870087252
-0.187897385125967
-0.135313354234886
-0.0747296486140172
-0.00709005806699914
0.0665358836582237
0.144969141928182
0.226939243531215
0.31110387974334
0.396069746653604
0.480414298970915
0.562708078311497
0.641537267046041
0.715526114331845
0.783358882045351
0.843800964955105
0.895718851537528
0.938098609156082
0.970062599633268
0.990884158200879
1
0.997020153234574
0.981735256217855
0.954121096295774
0.914340311349899
0.862741218608238
0.799853780136824
0.726382758950367
0.643198163468989
0.551323120374027
0.451919356115725
0.346270504768722
0.235763494029563
0.121868291368295
0.00611631820799396
-0.109922138895654
-0.224661175100953
-0.336522816527879
-0.443960511150487
-0.545482201050309
-0.639672621819414
-0.72521448648227
-0.800908228216491
-0.865689998132359
-0.918647641079345
-0.959034403469844
-0.986280161963721
-1
