1
0.994417869532869
0.983312636249104
0.966801580604172
0.945058697145309
0.918312413724021
0.886842600920686
0.850976913983384
0.81108651897352
0.767581263437733
0.720904359662263
0.671526655299147
0.619940571785324
0.566653795424689
0.512182809205791
0.457046355339831
0.401758919099648
0.346824323815305
0.292729524850461
0.239938687079988
0.18888762586698
0.13997868586762
0.093576125264307
0.0500020653451787
0.00953305683025718
-0.0276026948785361
-0.0612274131333217
-0.0912151199743719
-0.117492280837634
-0.140037722876686
-0.158881836249817
-0.174105078019148
-0.185835808238199
-0.194247497219808
-0.199555351739415
-0.202012415911234
-0.201905209561556
-0.19954897301288
-0.195282592199617
-0.189463281892154
-0.18246110746078
-0.174653427032747
-0.166419336071814
-0.158134195346904
-0.150164320980479
-0.14286191182227
-0.136560284842192
-0.13156948365621
-0.128172318785089
-0.126620890906222
-0.127133640313535
-0.129892957180155
-0.135043378161753
-0.142690385529716
-0.152899815530634
-0.165697873181481
-0.181071741376566
-0.198970763147763
-0.219308167322985
-0.24196329980071
-0.266784315322162
-0.293591278087339
-0.322179613922805
-0.352323852049571
-0.383781590883905
-0.416297619780882
-0.449608127230514
-0.483444925751966
-0.517539624596731
-0.551627683343029
-0.585452282499575
-0.618767951278898
-0.651343897674517
-0.68296699179368
-0.713444359956217
-0.742605554257193
-0.770304269983587
-0.796419591343057
-0.820856754270206
-0.843547423483963
-0.864449489339006
-0.883546398206202
-0.900846037997258
-0.916379207888029
-0.930197708172307
-0.942372092382023
-0.95298912924091
-0.962149026590362
-0.969962473066289
-0.976547555958022
-0.982026615304916
-0.986523094860531
-0.990158450073137
-0.993049171707041
-0.995303981191643
-0.997021250280606
-0.998286693194594
-0.999171374184949
-0.999730067483662
-1
