0.448585158409752
0.454700696249811
0.46680559548367
0.484649618595852
0.507862663619447
0.535960974266136
0.568355263327345
0.604360618190735
0.643208028492477
0.684057349652894
0.726011492740301
0.768131611147697
0.809453038268579
0.849001717982693
0.885810861509047
0.918937560185415
0.947479084056998
0.970588600799047
0.987490058388141
0.997491987935565
1
0.994527768239417
0.98070631811968
0.958291465193188
0.927169276771338
0.887359462175922
0.839016629670244
0.782429382119227
0.718017257870858
0.646325557742505
0.56801813278891
0.483868240187176
0.394747605578308
0.301613859061507
0.205496538286327
0.107481875310244
0.00869660371357006
-0.0897089614278352
-0.186578305978297
-0.280766288891457
-0.371156627719206
-0.45667902183413
-0.536325642786076
-0.609166730565287
-0.674365048038328
-0.731188963250648
-0.779023950380467
-0.817382324553918
-0.845911053109696
-0.864397515803957
-0.87277311840452
-0.871114697635567
-0.859643689973862
-0.838723071821523
-0.808852113537566
-0.770659024149937
-0.724891596750269
-0.672405996071528
-0.614153859066539
-0.551167905979579
-0.484546283011453
-0.415435877846469
-0.345014865716852
-0.274474756065063
-0.205002218028603
-0.137760966783073
-0.0738739921738077
-0.0144064060497668
0.0396508246392633
0.0873960054666567
0.128030466887797
0.160870726588243
0.185358871697673
0.201070998365357
0.207723576378434
0.205177638784283
0.193440730347931
0.172666583604597
0.143152526709191
0.105334662683397
0.0597808944620455
0.00718190379795769
-0.0516597759298237
-0.115842423147534
-0.184379330731115
-0.256214326735716
-0.330238371429211
-0.405306971968265
-0.480258143213667
-0.553930634581112
-0.625182138600411
-0.692907197077718
-0.756054525419644
-0.813643484713074
-0.864779444419796
-0.90866779583368
-0.944626397490321
-0.972096258185814
-0.990650290770016
-1
