0.429616701322983
0.418285103205791
0.395799145434745
0.362510616294661
0.318940517776986
0.265771163692421
0.203835832978519
0.13410613656454
0.0576772911001153
-0.0242484751922797
-0.110380130811971
-0.199357385147183
-0.289771269996051
-0.380185444291796
-0.46915789710295
-0.555262718215609
-0.637111604941798
-0.713374778242188
-0.782800990729398
-0.844236323478287
-0.896641487584667
-0.939107369784
-0.970868588799775
-0.991314860008428
-1
-0.996648439149845
-0.981159148826324
-0.953606929741968
-0.914241048589966
-0.863481250861825
-0.80191121798238
-0.730269576000661
-0.649438600433526
-0.560430796895637
-0.464373569323563
-0.362492216418185
-0.256091521946006
-0.146536225374443
-0.0352306756523637
0.076402017460149
0.186941013430424
0.294988629607308
0.399190769090298
0.498256576725024
0.590977025266453
0.676242151482949
0.753056684019814
0.82055383084476
0.878007023643245
0.924839449147214
0.96063123254768
0.985124175301721
0.998223988209746
1
0.99068236119384
0.970656802115018
0.940457041935469
0.900754982022794
0.852348851002145
0.796149500335139
0.733165077362818
0.664484327222795
0.591258795455863
0.514684219152667
0.435981405914251
0.356376906542702
0.277083789146966
0.199282819228513
0.124104342364319
0.052611153468515
-0.0142173804980509
-0.0754996988062805
-0.130464705810394
-0.178462518540981
-0.218973142762178
-0.251612951230818
-0.276138873823451
-0.29245024646039
-0.300588303756288
-0.300733338455542
-0.293199588357961
-0.278427948004397
-0.256976637290158
-0.229509991850177
-0.196785569994384
-0.159639797689577
-0.118972396161665
-0.0757298557653281
-0.0308882345363671
0.0145644299255472
0.0596458010576533
0.103396721471159
0.144898197699812
0.183287609371206
0.217773873916303
0.247651315586392
0.27231200926214
0.291256394963357
0.304101987688509
0.310590038765047
