0.135693252611803
0.126918537847974
0.109501419411876
0.0837046308148408
0.0499175781382777
0.00865078358272386
-0.0394713967411179
-0.0937196748779621
-0.153270223573169
-0.217216408377429
-0.284581689100227
-0.354333503649743
-0.425397933331233
-0.496674937701384
-0.567053939251947
-0.635429533633635
-0.70071709989271
-0.761868087289439
-0.817884760660455
-0.8678341948873
-0.910861320703548
-0.946200838629359
-0.973187835038295
-0.991266953969819
-1
-0.999071870939175
-0.988294743979784
-0.967610464791187
-0.937091115557526
-0.896937764678031
-0.847477427392877
-0.789158292562269
-0.722543295822775
-0.648302142999923
-0.567201909619024
-0.480096362303108
-0.387914165486496
-0.291646151949834
-0.192331847982926
-0.0910454533344339
0.0111185176125088
0.113059723869412
0.213686405554815
0.311929504973539
0.406756301039362
0.497183366281842
0.582288667751359
0.661222647814445
0.733218137870264
0.797598977139617
0.8537872295702
0.901308914230365
0.939798187972186
0.968999943262326
0.988770808526168
0.999078562744199
1
0.991717302835887
0.974513005269377
0.9487636468259
0.914932237640674
0.873559671295916
0.825255236343676
0.770686389213074
0.710567960248399
0.645650970850251
0.576711243019936
0.504537983008661
0.429922518265545
0.353647361526104
0.276475767795128
0.199141939307125
0.122342020486812
0.0467260097119904
-0.0271093024348067
-0.0986262774581846
-0.167351184821782
-0.232877719390278
-0.294869251984491
-0.353059806387144
-0.407253777813186
-0.45732442906042
-0.503211220937031
-0.544916052790553
-0.582498506726798
-0.616070205121187
-0.645788405032761
-0.671848964910971
-0.694478828352402
-0.713928176474892
-0.730462404628496
-0.744354080599092
-0.755875040168878
-0.765288771911545
-0.772843236495749
-0.778764256669416
-0.783249602660997
-0.786463884162281
-0.788534344585931
-0.789547636186177
