1
0.989934400449636
0.969920258466096
0.940190071438726
0.901088567192671
0.853067948505648
0.796681662092723
0.732576783877911
0.661485132679047
0.584213243035687
0.501631344526833
0.414661509305073
0.324265141499565
0.231429991433583
0.137156884124987
0.0424463551946517
-0.0517146119526422
-0.144365555994219
-0.23458502799038
-0.321502423378299
-0.40430898746284
-0.482267839262505
-0.554722873926099
-0.621106421355667
-0.680945557881971
-0.733866988541197
-0.779600439374418
-0.817980521875794
-0.848947054900695
-0.872543852653483
-0.888916010447866
-0.898305742416715
-0.901046846898766
-0.89755789551813
-0.8883342606907
-0.873939113156254
-0.854993535892782
-0.83216591320016
-0.806160763660449
-0.777707192948077
-0.747547146972879
-0.716423647533708
-0.685069191525348
-0.654194490806132
-0.624477723171214
-0.59655445560211
-0.571008389233065
-0.548363061482597
-0.529074624773095
-0.513525803462179
-0.502021111323496
-0.494783391450818
-0.491951719144357
-0.493580686511001
-0.499641065516603
-0.510021824415821
-0.524533451196697
-0.54291251724702
-0.564827395196915
-0.589885027116653
-0.617638623225571
-0.647596157244084
-0.67922951271007
-0.711984125161957
-0.745288958203527
-0.778566647209045
-0.811243642858966
-0.842760187830463
-0.872579963774439
-0.900199252120324
-0.925155461149121
-0.947034883011984
-0.965479557757089
-0.980193136739151
-0.990945654770723
-0.997577138753426
-1
-0.998200177707197
-0.992237021736068
-0.982241923664812
-0.968415725663613
-0.951024956768792
-0.930396965282773
-0.906914033989193
-0.881006581361161
-0.853145566691498
-0.823834229851759
-0.793599306988841
-0.762981871726636
-0.732527957225905
-0.702779117678913
-0.674263088428504
-0.647484701898335
-0.62291721193858
-0.600994172107524
-0.582102003942714
-0.566573379582419
-0.554681529371976
-0.546635569555499
-0.542576928066019
