1
0.989169974067567
0.967634747482
0.935642334428353
0.89356068827918
0.841872884250149
0.781170802164896
0.712147398084448
0.635587673271201
0.552358467077707
0.463397216611796
0.369699840195068
0.272307913496541
0.172295316617118
0.0707545371903227
-0.0312171813429954
-0.132531655786942
-0.232123354492001
-0.328962578981876
-0.422068057798527
-0.510518783826661
-0.593464938131135
-0.670137757332586
-0.739858217541488
-0.802044425622441
-0.856217627797387
-0.90200676602528
-0.939151533907012
-0.967503905735873
-0.98702813441686
-0.997799235981421
-1
-0.99391658602282
-0.979932785952844
-0.958523050684051
-0.930244396155596
-0.895727318936302
-0.855665864352127
-0.810807000822282
-0.761939462333358
-0.709882226748252
-0.655472800849919
-0.599555483630682
-0.542969777367577
-0.486539111524357
-0.43106003758096
-0.377292043638497
-0.325948126243581
-0.277686243514248
-0.233101758553373
-0.192720965552838
-0.156995773192206
-0.126299601205985
-0.100924526632906
-0.0810796965757425
-0.0668910046008665
-0.0584020085006893
-0.0555760483302546
-0.0582995057009348
-0.0663861285428093
-0.0795823301859754
-0.0975733578887619
-0.119990214058931
-0.146417203543185
-0.176399972638092
-0.209453900004238
-0.24507269651055
-0.28273707022555
-0.321923314297021
-0.362111679274303
-0.402794397444635
-0.443483234858185
-0.483716456754518
-0.523065103894577
-0.561138490638229
-0.597588850255572
-0.632115068668342
-0.664465464317957
-0.694439588869928
-0.721889040704583
-0.746717300323585
-0.768878613635216
-0.788375965291012
-0.80525819956591
-0.819616360453433
-0.831579335456687
-0.841308898788755
-0.848994259173306
-0.854846225008545
-0.859091105208056
-0.861964467477573
-0.863704877079746
-0.864547738267773
-0.86471935755816
-0.864431342922733
-0.863875445905383
-0.863218944737475
-0.862600655896005
-0.86212764940707
-0.861872729755805
