0.0211681284387646
0.0255841907229948
0.0343779392697459
0.0474729241575693
0.0647552235482196
0.0860743410230369
0.111244391547564
0.140045567164693
0.172225871399545
0.207503109313517
0.245567118184357
0.286082221927098
0.328689890620412
0.37301158487705
0.418651763307752
0.465201029986931
0.512239397646559
0.55933964131222
0.606070716261673
0.652001213539941
0.696702825813418
0.73975379609507
0.78074232182873
0.81926988698648
0.854954495211774
0.887433777633119
0.916367949778379
0.941442593035704
0.962371237330079
0.978897723108661
0.990798322346226
0.997883600085024
1
0.997031139618318
0.988898803106615
0.975563621954652
0.957025436412106
0.933323333157058
0.904535357369823
0.870777900132147
0.832204764846887
0.78900591915315
0.741405941572225
0.689662174835533
0.634062600492218
0.574923451945664
0.51258658550044
0.447416631289453
0.379797948071988
0.310131407824203
0.238831037763391
0.166320548936198
0.0930297817411767
0.0193910997317843
-0.0541642362564361
-0.127209681202132
-0.199326973654487
-0.270109625778315
-0.339166303814518
-0.406124067885888
-0.470631441183755
-0.532361279971923
-0.591013417531192
-0.646317057127642
-0.698032891305095
-0.745954927258002
-0.78991200071414
-0.829768963622829
-0.865427533977608
-0.896826799274028
-0.923943368383048
-0.946791169976659
-0.965420899041837
-0.979919116427646
-0.990407009754096
-0.99703882733535
-1
-0.999504968793437
-0.995794739489282
-0.98913418758691
-0.979809140000737
-0.968123261926534
-0.95439477937544
-0.938953069575056
-0.922135152829588
-0.904282120491068
-0.885735534408523
-0.866833833582157
-0.847908783749745
-0.829282005270746
-0.811261613952229
-0.794139008385616
-0.778185835944311
-0.763651167842921
-0.750758911596281
-0.739705486861325
-0.730657788020758
-0.723751454001291
-0.71908946274015
-0.716741064453563
