-0.515728013929913
-0.512359325235435
-0.505624776547092
-0.495530337411939
-0.482085734955608
-0.465305360222053
-0.445209442001374
-0.421825459296905
-0.395189757391156
-0.365349326933491
-0.332363700696177
-0.296306918722737
-0.257269509601399
-0.215360433599109
-0.17070893243325
-0.123466230565888
-0.0738070340879856
-0.0219307755084448
0.0319374439533713
0.0875462586995888
0.144617828639435
0.202848047514363
0.26190719575648
0.321441056543146
0.381072505762419
0.440403578270108
0.499018004239356
0.556484200722726
0.612358694913218
0.666189947153586
0.717522533650019
0.765901641240183
0.810877819583278
0.852011929909144
0.888880224101385
0.921079483499762
0.948232143478702
0.969991327664393
0.986045714647277
0.996124160266039
1
0.997494958705742
0.988482598847473
0.97289124345583
0.950706316243875
0.921972048530951
0.886792510776374
0.845331935491294
0.797814307949877
0.744522211319329
0.685794923421126
0.622025773164033
0.553658775588869
0.481184575268003
0.405135738341699
0.326081443583491
0.244621632407339
0.161380686507617
0.077000709716168
-0.00786550246194728
-0.0925617164270837
-0.176435643457796
-0.258846355158485
-0.339171632640271
-0.416815150290352
-0.491213396022071
-0.561842232374383
-0.628223006722837
-0.689928124130322
-0.746586002939513
-0.797885341004587
-0.843578629372766
-0.883484860134557
-0.917491385927012
-0.945554900045412
-0.967701518131859
-0.98402595479205
-0.994689801064747
-0.99991892124922
-1
-0.995276282643115
-0.986142563175353
-0.973039485207017
-0.956447231037533
-0.93687868296316
-0.914872148671861
-0.890983749064121
-0.865779571950101
-0.839827698733127
-0.81369021333826
-0.787915303246012
-0.763029561531181
-0.739530596294348
-0.717880049840857
-0.698497124463476
-0.68175270479666
-0.667964158529218
-0.657390887904156
-0.650230694033097
-0.646617004756982
