1
0.99105740474839
0.973282074755927
0.946892208133151
0.912211316982976
0.869663747191569
0.819768806928828
0.763133589403699
0.700444594366932
0.63245827023032
0.55999061421698
0.483905981439626
0.405105265022639
0.324513618173264
0.243067895338813
0.161703993170797
0.0813442729045308
0.00288524394586664
-0.0728143160311377
-0.144944636256736
-0.212755464657792
-0.275565669520358
-0.332771798319888
-0.383855476990593
-0.428389550559063
-0.466042885127734
-0.496583771367478
-0.51988189065571
-0.535908826455845
-0.544737125147899
-0.546537931959639
-0.541577248587479
-0.530210879219867
-0.51287815068004
-0.490094510005199
-0.462443118713059
-0.43056557703898
-0.395151923352012
-0.356930063604242
-0.316654792898467
-0.275096575976144
-0.233030255571652
-0.19122385713111
-0.150427655375471
-0.111363662659427
-0.0747156911393055
-0.0411201305514731
-0.0111575710889724
0.0146546133481651
0.0358686221324764
0.0521114430105627
0.0630888616389427
0.0685882211246542
0.068479906930579
0.0627175525139629
0.0513369809791442
0.0344539175304108
0.0122605263043527
-0.0149791570481753
-0.0469348091461584
-0.0832163161591754
-0.123381068486418
-0.166941925460996
-0.213375713552571
-0.26213211463987
-0.312642796371021
-0.364330634481612
-0.416618877216881
-0.468940104685916
-0.520744841004082
-0.571509684359946
-0.620744829543854
-0.668000868832821
-0.712874770245584
-0.75501494684024
-0.794125346678641
-0.829968510060709
-0.862367558356632
-0.891207096943201
-0.916433033083765
-0.938051327779586
-0.956125718367257
-0.970774465654135
-0.982166195395953
-0.990514918669811
-0.996074328944787
-0.999131485189692
-1
-0.999012859321726
-0.996515005781174
-0.992855820813523
-0.98838164167477
-0.983428448012664
-0.978314848992716
-0.973335496091983
-0.96875503868897
-0.964802729629739
-0.961667776207298
-0.959495518651873
-0.958384503518101
