-1
-0.987959101512458
-0.964030161672669
-0.928516729876313
-0.88186875036182
-0.824676196419013
-0.757660731246856
-0.681665519881491
-0.597643344108941
-0.506643197444465
-0.409795559718538
-0.308296570215623
-0.203391334371428
-0.096356611504316
0.0115168602503113
0.11894214084645
0.224653705305071
0.32742464216067
0.426083181868234
0.519528314566648
0.606744271135794
0.686813659432531
0.758929068662598
0.822402978710995
0.876675837539053
0.921322198052253
0.956054835708099
0.980726799103872
0.995331377379332
1
0.994998115862183
0.980719129197182
0.957676498979324
0.926494136011709
0.887895257154709
0.842689878889442
0.791761152227135
0.736050757586633
0.676543591418311
0.614251985859849
0.550199708431531
0.485405990639253
0.420869832336218
0.357554822843682
0.296374710251734
0.238179937175157
0.183745344745165
0.133759227044839
0.088813895862125
0.0493978908990784
0.0158899438365336
-0.0114452236633167
-0.0324592173769016
-0.0471203828240655
-0.0555123222040015
-0.0578305556967621
-0.0543773960847209
-0.0455551336411694
-0.0318576545605997
-0.0138606404562593
0.00778948175174166
0.032387651227328
0.0591831416334982
0.0873931697175636
0.116216918128195
0.144849741089179
0.172497319840657
0.19838953678269
0.221793842974342
0.242027902951659
0.25847131357056
0.270576209541955
0.277876587242111
0.279996199940219
0.276654901434953
0.267673340844292
0.25297593853007
0.232592101419986
0.206655664858543
0.175402577109485
0.139166871279534
0.09837499727675
0.0535386130102302
0.00524595895582403
-0.045848036943249
-0.0990327566654068
-0.153553806769838
-0.208625650704385
-0.263444747811922
-0.317202980206956
-0.369101144389256
-0.418362283794334
-0.464244641457834
-0.506054018539974
-0.543155334507343
-0.574983198136536
-0.601051314968509
-0.620960576135197
-0.634405695287093
-0.641180284317525
