-0.241465361944366
-0.231070210872913
-0.210449811776994
-0.179941348081165
-0.140044078749657
-0.0914116316521391
-0.0348419141267635
0.028735203494402
0.0982722412825161
0.172620278521751
0.250546688469433
0.330754165527933
0.411900751462497
0.492620552027677
0.571544824884688
0.647323114163367
0.71864410652885
0.784255888159249
0.842985291552523
0.893756035407065
0.935605379734793
0.967699041569782
0.989344143765132
1
0.999286572767564
0.986990477256326
0.963068442106161
0.927648177422048
0.881026640547077
0.823665730306318
0.756185480107565
0.679354858806268
0.594080325010731
0.501392314949105
0.40242987560745
0.298423683089464
0.19067771060743
0.0805498308142982
-0.0305683469821
-0.141272093060107
-0.250164309072192
-0.355876096190974
-0.45708682412112
-0.552543394092181
-0.641078402322133
-0.721626928365492
-0.793241694944619
-0.855106371952531
-0.906546826894155
-0.947040156629883
-0.976221370383411
-0.99388763101941
-1
-0.994682670586396
-0.978219713146378
-0.951049395241294
-0.91375617688846
-0.867060517434574
-0.811806664268917
-0.748948624624028
-0.679534549472754
-0.604689782603244
-0.525598847965109
-0.443486664023387
-0.359599284893872
-0.275184474299064
-0.191472419789301
-0.109656891206254
-0.0308771390910746
0.0437991842022256
0.113391815321271
0.177022138851637
0.233925695946556
0.283462753005265
0.325126772481275
0.358550662059991
0.383510714487615
0.399928187682907
0.407868512823105
0.407538156257331
0.399279198756699
0.383561732160247
0.360974208338273
0.332211908015666
0.2980637268597
0.259397502866271
0.217144132054377
0.172280738438205
0.125813178891098
0.0787581736166618
0.0321253583427994
-0.0131004450271612
-0.0559764467409264
-0.0956183128207753
-0.131215523758206
-0.162045415858401
-0.187485674679637
-0.207025075587333
-0.220272295312778
-0.226962650107712
