1
0.996228399218943
0.988731792857019
0.977602605200531
0.962977570054992
0.945035482842188
0.923994261525338
0.900107364969773
0.87365962799962
0.844962582100271
0.814349339283942
0.782169123941387
0.74878154342701
0.714550692569825
0.679839190194967
0.64500224703123
0.610381864046185
0.576301258295116
0.543059609822522
0.510927218070336
0.480141149705065
0.450901451880248
0.423367995826254
0.397658005451866
0.373844314514332
0.351954384044614
0.331970099292834
0.313828352684869
0.297422406360266
0.282604015002562
0.269186277083285
0.256947170524507
0.245633717338322
0.234966711211667
0.224645932444479
0.214355766275444
0.20377113358095
0.192563637326895
0.180407824084566
0.166987457461344
0.152001699489585
0.13517109688134
0.116243271584802
0.0949982192360619
0.0712531248265063
0.0448666121163437
0.0157423519089188
-0.0161680358729444
-0.0508628404500424
-0.0882889210922542
-0.128341200394044
-0.170863006532532
-0.215647267671504
-0.262438548103393
-0.310935902242137
-0.360796509406388
-0.411640039674305
-0.46305368914981
-0.514597811947041
-0.565812066252088
-0.616221983119856
-0.665345859350786
-0.712701869987457
-0.757815291771757
-0.800225726381418
-0.839494211466185
-0.875210108447739
-0.906997658725678
-0.934522104308804
-0.957495274904951
-0.975680551065562
-0.98889712198123
-0.997023466826405
-1
-0.997830833029733
-0.990584619112566
-0.978394460049234
-0.961456869486294
-0.940029800686461
-0.914429761286617
-0.885028051452827
-0.852246175286903
-0.816550488070938
-0.778446153756824
-0.738470497832891
-0.697185850161793
-0.65517198043444
-0.61301823539726
-0.571315491881371
-0.530648042814255
-0.491585534776025
-0.454675075248832
-0.420433625503213
-0.389340791100043
-0.361832116319775
-0.338292981546271
-0.319053193840504
-0.304382350772618
-0.294486046193459
-0.289502974191973
