-0.143356656816594
-0.143652535044447
-0.144203741768467
-0.144930032011848
-0.145713159731312
-0.14639938234141
-0.146802732167214
-0.146708998049355
-0.14588034789804
-0.144060511701317
-0.140980434523701
-0.136364300549185
-0.129935822368797
-0.121424684601986
-0.110573027659994
-0.0971418560653435
-0.0809172562614633
-0.0617163112762869
-0.0393926039085565
-0.0138412062203043
0.0149969390508604
0.047131330122866
0.0825189849389196
0.12106234903013
0.162608081204012
0.206946751700738
0.253813472722994
0.302889466100187
0.353804557536509
0.406140571661233
0.45943558719417
0.51318899720039
0.566867305868772
0.619910580729002
0.671739467926086
0.721762668285969
0.769384763594318
0.814014275911934
0.855071837977089
0.891998349880691
0.924262996298136
0.951370999644386
0.972870987577292
0.988361858267916
0.997499033714742
1
0.995649043642159
0.984301104933349
0.965884682185359
0.940403734942536
0.907938549236584
0.86864554362432
0.82275601082164
0.770573805974704
0.712472008739331
0.64888860211896
0.580321226192598
0.507321079207811
0.430486051793508
0.350453192052656
0.26789060983514
0.183488937397333
0.0979524707842518
0.0119901215066947
-0.0736936886570887
-0.158408055683472
-0.241484410934499
-0.322284998071185
-0.400210883821348
-0.474709384012801
-0.545280794958949
-0.611484330666832
-0.672943178270234
-0.729348597390275
-0.780463003589813
-0.82612199149368
-0.8662352692575
-0.900786492635267
-0.929832003664167
-0.953498495695193
-0.971979642891322
-0.985531748137144
-0.994468478309773
-0.999154769817168
-1
-0.997450531219144
-0.991981744037955
-0.984089683706814
-0.974282450045159
-0.963071464700723
-0.950962751585596
-0.938448366014578
-0.925998105706126
-0.914051632385495
-0.903011126320885
-0.893234587824821
-0.885029889692242
-0.878649672878978
-0.874287164629433
-0.872072983942634
