0.706181744329181
0.702829868423699
0.696197749882399
0.686427351853689
0.673728382441406
0.658374471611098
0.640698174086844
0.621084882155918
0.599965750690942
0.577809753427943
0.555115004330977
0.532399490487932
0.510191373210661
0.489019021687238
0.469400948526921
0.451835818764879
0.43679270331346
0.424701744464716
0.415945394914956
0.41085038299038
0.409680545440577
0.412630655511453
0.419821358226646
0.431295307146847
0.447014577620243
0.466859410991224
0.490628322726599
0.518039585292563
0.548734074226234
0.582279443551935
0.618175574853152
0.655861223278242
0.694721763871324
0.734097923201641
0.773295364614503
0.811594980816713
0.84826373517916
0.882565883293256
0.913774399121351
0.941182425657429
0.964114568442953
0.981937851598019
0.994072160218636
1
0.99927541467107
0.991531914122417
0.97648928079094
0.953959138706938
0.923849188352101
0.886166030831096
0.84101652650851
0.788607655869592
0.729244873574119
0.663328970124219
0.591351478890617
0.513888689070392
0.431594347122567
0.345191149998082
0.255461152718242
0.163235230254437
0.0693817489436923
-0.0252053844059681
-0.119619117218239
-0.212951903549338
-0.304308423335751
-0.392818175845129
-0.477647755878069
-0.558012625433537
-0.633188200631509
-0.702520083580139
-0.765433281433968
-0.821440269925065
-0.870147775932523
-0.911262172923315
-0.944593404054305
-0.97005737004893
-0.987676742308907
-0.997580185731004
-1
-0.995268212345289
-0.983811178504386
-0.966142771563181
-0.942856260083399
-0.914614997144053
-0.882142060300371
-0.846208998713824
-0.807623857576223
-0.767218661221768
-0.725836544816332
-0.684318730098336
-0.643491543231395
-0.604153672372362
-0.567063859063918
-0.532929211080099
-0.502394314983746
-0.476031314539875
-0.454331106453649
-0.437695787891317
-0.426432471158796
-0.420748560049198
