0.534697129599101
0.535263047912653
0.536395152312957
0.538093966521598
0.540360246320529
0.543194943133705
0.546599154401647
0.550574059890779
0.555120842934502
0.560240595502301
0.565934205943259
0.572202228256643
0.579044731808947
0.586461130546691
0.594449990948587
0.603008818219349
0.612133820548415
0.621819651637008
0.632059132131211
0.642842951080842
0.654159349066058
0.665993785186811
0.678328590684403
0.691142612548394
0.704410851044109
0.718104095663677
0.732188564544139
0.746625552896913
0.761371096441098
0.776375656216515
0.791583831459259
0.806934107442147
0.822358645305056
0.837783120917236
0.853126619718395
0.868301594272364
0.883213890932861
0.897762851563921
0.9118414956781
0.925336787656357
0.938129992898989
0.950097125833899
0.9611094916855
0.971034322795389
0.979735509097118
0.987074421096025
0.992910822407163
0.997103867576642
0.999513179572559
1
0.998428403789922
0.994666568853847
0.988588090005114
0.980073325342237
0.96901076228972
0.955298389614254
0.938845060996297
0.919571835153829
0.89741327709988
0.872318704879776
0.844253366087051
0.813199528605415
0.779157470372273
0.742146353508614
0.702204968909434
0.659392338334123
0.613788162170823
0.565493102362863
0.514628891466993
0.461338260447378
0.405784679579042
0.348151908720417
0.288643355195409
0.227481239578144
0.164905571773815
0.101172941911338
0.0365551326818172
-0.0286624381556871
-0.0941824343493676
-0.159697464112508
-0.224892074928212
-0.289444863961559
-0.353030686292964
-0.415322941817939
-0.475995920487622
-0.534727184608214
-0.591199966190464
-0.64510555685416
-0.696145667555898
-0.744034735426876
-0.788502155283348
-0.829294413904854
-0.866177105960111
-0.898936811490164
-0.927382816122381
-0.951348656673419
-0.970693476487994
-0.985303176733787
-0.995091351909591
-1
