1
0.999951205260576
0.9998045790579
0.999463143747528
0.998784152525575
0.997582297792103
0.995633897914397
0.992681986323676
0.988442210299288
0.98260943178116
0.974864909359655
0.964883929448261
0.952343745740848
0.936931679547453
0.918353229607012
0.896340038567273
0.870657564534011
0.841112309913003
0.807558466145458
0.769903841774916
0.728114952444381
0.682221164731327
0.632317800974078
0.578568129182114
0.521204180482747
0.460526356040482
0.396901805677057
0.330761581188555
0.26259658826126
0.192952381586127
0.122422867920955
0.0516430011149389
-0.0187194288296134
-0.087972794032846
-0.15541128096407
-0.220325050516415
-0.282010749374189
-0.339782208116819
-0.392981156101158
-0.440987780466965
-0.483230956682312
-0.519197980905723
-0.548443640065079
-0.570598463870003
-0.585376013871663
-0.592579078006848
-0.592104654617372
-0.583947627490413
-0.568203052756187
-0.545066999213321
-0.514835905511756
-0.477904440270885
-0.434761874295265
-0.385986997211427
-0.332241633723412
-0.274262836910821
-0.212853857218579
-0.148874005673409
-0.0832275480885627
-0.0168517832902455
0.0492955275498759
0.114249201794649
0.177049958805204
0.236757832217845
0.29246547403936
0.343311153327743
0.388491254994449
0.427272090016202
0.459000837007657
0.483115446564657
0.499153353880923
0.506758861667218
0.505689074121367
0.495818283334994
0.477140731773193
0.449771697994939
0.413946877242557
0.370020053550009
0.318459085224213
0.25984025055917
0.194841025069034
0.124231385001018
0.0488637540529158
-0.0303382692669666
-0.112392247653508
-0.196270132115451
-0.280912194120247
-0.365241465646091
-0.448178481846331
-0.528656115890789
-0.605634293519756
-0.678114375967367
-0.745153004171414
-0.805875204528605
-0.859486566772897
-0.905284317699632
-0.942667130236463
-0.971143525539948
-0.990338746103944
-1
