1
0.997704090352826
0.993112434931973
0.986225445865007
0.977043950956007
0.965569441490781
0.95180439648179
0.935752678179633
0.917419992518744
0.896814407092248
0.873946918279627
0.848832058293948
0.821488532184851
0.791939874238982
0.760215112769399
0.726349431985591
0.690384819490348
0.652370687960647
0.612364459736874
0.570432103365806
0.526648611613452
0.481098411077739
0.433875694279988
0.385084665987898
0.334839696509871
0.283265375787729
0.230496463287718
0.176677729932803
0.121963689616103
0.0665182191691143
0.0105140670115591
-0.0458677479350661
-0.102438644148386
-0.159003287991365
-0.215360501296486
-0.27130425936701
-0.326624771600475
-0.38110963591858
-0.434545057271912
-0.486717119688121
-0.537413100657289
-0.586422816105656
-0.633539983803938
-0.678563592792993
-0.721299266289067
-0.761560605553239
-0.799170502372901
-0.833962408103257
-0.865781547648412
-0.894486067317384
-0.919948106161641
-0.942054781177591
-0.960709077628469
-0.975830636693249
-0.987356433672376
-0.995241341057774
-0.999458571893549
-1
-0.996876354792556
-0.990117289585186
-0.979771323410939
-0.965905657507582
-0.94860586869144
-0.927975482866199
-0.904135432875214
-0.877223405796594
-0.847393085592219
-0.814813297748191
-0.779667063180058
-0.742150569217626
-0.702472065929167
-0.660850696392457
-0.61751526977091
-0.572702986209069
-0.52665812262607
-0.479630688462619
-0.431875060332145
-0.383648604346183
-0.335210294634993
-0.286819336274567
-0.238733800468772
-0.191209279429013
-0.144497567952022
-0.0988453782281434
-0.0544930939260594
-0.011673569103735
0.0293890230027969
0.0684802867541696
0.105396642368443
0.139946302053995
0.171950180841777
0.201242739358849
0.227672756170257
0.251104027670017
0.271415993823094
0.288504288348777
0.302281212192753
0.312676129362055
0.319635784396777
0.323124540928116
