0.0561182780332685
0.0562952679335516
0.0566588147800866
0.057227926331707
0.0580307995536713
0.0591044462490486
0.0604941992737182
0.0622531038903786
0.0644411998933467
0.0671247011710632
0.0703750803592309
0.0742680671667715
0.0788825698219
0.0842995298795062
0.0906007213469782
0.0978675057172431
0.106179555039275
0.11561355560218
0.126241905154398
0.138131416820275
0.151342043008587
0.165925632628705
0.181924734837703
0.199371462334439
0.218286426893992
0.238677759397968
0.260540226064517
0.283854451918343
0.308586261768828
0.334686148087633
0.362088874200835
0.390713220140889
0.420461877347437
0.451221497171215
0.482862896830898
0.515241425108381
0.548197488654327
0.581557238324134
0.615133413486722
0.648726340757369
0.682125082114235
0.715108725879734
0.74744781259618
0.778905886414097
0.809241161255066
0.838208289722779
0.865560221529523
0.891050137093791
0.914433440960519
0.935469798810563
0.953925201071298
0.969574035525802
0.982201150852747
0.991603892720706
0.997594093915252
1
0.998668112206911
0.993464929618471
0.984278573244829
0.971020275311044
0.953625717949707
0.932056206537377
0.906299664112503
0.876371434659262
0.84231488452577
0.804201792854595
0.762132523625133
0.716235973726507
0.666669293380241
0.613617377197133
0.557292126164313
0.497931482897956
0.435798244544853
0.371178659752643
0.304380818133781
0.235732842602509
0.165580896847603
0.0942870219971006
0.02222681821623
-0.0502130114614624
-0.122637236353798
-0.194644772426625
-0.265831434607889
-0.335792745158122
-0.404126775430015
-0.470436997846895
-0.534335124637487
-0.595443909786847
-0.653399890803099
-0.707856047257162
-0.758484353625683
-0.804978204752031
-0.847054693229884
-0.88445671920025
-0.91695491442518
-0.944349364047393
-0.966471111150276
-0.983183431081243
-0.994382864475696
-1
