-0.846907948961063
-0.835391931304552
-0.812508053215276
-0.778550580222937
-0.733955818300831
-0.679296086552471
-0.615271818562046
-0.542701907813945
-0.462512438134102
-0.375723963525983
-0.283437522714373
-0.186819591856837
-0.0870861939647113
0.0145136046311263
0.11671457210324
0.218252319824072
0.31788019741955
0.414385832219978
0.506607077315603
0.593447142100852
0.673888692221993
0.747006722021579
0.811980021645588
0.868101082647649
0.91478430985221
0.951572433054113
0.978141039436599
0.994301175962716
1
0.995319485630572
0.980473222032085
0.955801368548075
0.921763858170402
0.878931966721169
0.82797838866167
0.769665981817223
0.704835362071258
0.634391544973164
0.559289843990774
0.480521244637778
0.399097479787852
0.316036034073839
0.232345304338998
0.149010138690385
0.0669779688878456
-0.0128542602752467
-0.0896521750925285
-0.162654898044255
-0.231184660894565
-0.294654974583542
-0.352577248375393
-0.404565775893674
-0.450341031947491
-0.489731251010825
-0.522672285434074
-0.549205768512944
-0.56947563399062
-0.583723069010865
-0.59228000157646
-0.595561245827226
-0.594055448591992
-0.588314998382104
-0.578945073012248
-0.566592014133744
-0.551931225969158
-0.535654801318203
-0.518459080388516
-0.50103234716846
-0.484042863933575
-0.468127437146554
-0.453880697606678
-0.441845264411105
-0.432502946335272
-0.426267115892975
-0.423476370905667
-0.424389576234857
-0.42918235477769
-0.43794507228138
-0.450682335399174
-0.467313997099378
-0.487677638461562
-0.511532471457261
-0.538564583911879
-0.56839342585739
-0.600579416265754
-0.63463253102466
-0.670021717269993
-0.706184966073304
-0.742539865204678
-0.778494446412256
-0.813458137490626
-0.846852628412286
-0.878122462978428
-0.906745172764758
-0.932240778501449
-0.954180495290554
-0.972194492039207
-0.985978571938828
-0.99529965947499
-1
