1
0.998012685263246
0.994045954658334
0.988115477853267
0.980244441825291
0.970463177196703
0.958808672144282
0.945323983985642
0.930057560712131
0.913062486673726
0.894395668289548
0.874116977025815
0.852288367923919
0.82897299265339
0.804234326392448
0.778135327793504
0.750737650870114
0.722100926849518
0.692282132882061
0.661335063002629
0.629309914923318
0.596253004130215
0.562206614395072
0.527208991234383
0.491294482097528
0.45449382418951
0.416834577882087
0.378341700691594
0.339038253855126
0.298946230671845
0.258087493045024
0.216484800113514
0.174162910546424
0.131149738036605
0.0874775378073491
0.0431841005783358
-0.00168607054874648
-0.0470806254030091
-0.0929382995276243
-0.139187939423989
-0.185747644526492
-0.232524049021138
-0.279411765039863
-0.326293006773956
-0.373037412679314
-0.419502080224762
-0.465531824600071
-0.510959669495658
-0.555607574539654
-0.59928740028252
-0.641802107810664
-0.682947186207249
-0.722512297220885
-0.760283122712358
-0.796043396786908
-0.829577101044714
-0.860670798152821
-0.889116076012687
-0.91471207221936
-0.937268046327474
-0.956605965695963
-0.972563069412359
-0.984994374026072
-0.993775084568666
-0.998802874620301
-1
-0.9973152120098
-0.990725438037556
-0.980237199700814
-0.965887741567244
-0.947745846781016
-0.925912319617366
-0.900520119031304
-0.871734131607099
-0.839750576893892
-0.804796042866651
-0.767126154114358
-0.727023880260522
-0.684797496995005
-0.640778216870951
-0.595317511627236
-0.548784152168146
-0.501560996403607
-0.454041558864874
-0.406626399306329
-0.359719370334066
-0.313723766422386
-0.269038418453771
-0.226053779117292
-0.185148045103882
-0.146683362032153
-0.111002157421546
-0.0784236458057385
-0.0492405482619878
-0.0237160662437177
-0.00208114667468595
0.015467928168323
0.0287715963455013
0.0377086921707759
0.0421977216488219
