-1
-0.989413872904452
-0.968365015119678
-0.937098590768034
-0.895978297294911
-0.845481571009278
-0.78619330017004
-0.718798134210249
-0.644071497366332
-0.562869433061076
-0.476117421612826
-0.384798327972401
-0.289939648019131
-0.192600231307794
-0.0938566649165893
0.0052104928911767
0.103530439165017
0.200055624344443
0.293774837511659
0.383725701252364
0.469006407942619
0.54878654106583
0.622316839166349
0.688937776048372
0.74808684858424
0.79930448273328
0.842238488797722
0.876647018246232
0.902399996296059
0.919479026532982
0.927975785832901
0.928088949402262
0.920119706556581
0.904465947600116
0.88161522056598
0.852136573357037
0.816671411752496
0.775923516601194
0.730648374130942
0.681641981520109
0.629729295596401
0.575752495680759
0.520559232153675
0.464991030298971
0.409872014427886
0.355998110294372
0.304126874508198
0.254968088197799
0.209175238764264
0.167337998424541
0.129975791614765
0.0975325254833388
0.0703725389352627
0.048777806293643
0.0329464119284815
0.0229922924768544
0.0189462238504061
0.0207580113968078
0.0282998236411267
0.0413705932542876
0.0597013935323076
0.0829616849506774
0.110766314484509
0.14268314052751
0.178241148538751
0.21693891709776
0.258253290920943
0.30164811661366
0.346582898492389
0.392521235662923
0.438938907599586
0.485331483618038
0.531221341718757
0.576163994117553
0.619753630164396
0.661627802049303
0.701471194451442
0.739018435836332
0.774055926166516
0.806422673076839
0.836010145788228
0.862761172907812
0.886667926510053
0.907769050246703
0.926146003442262
0.941918705966108
0.955240579925751
0.96629309371869
0.975279921563344
0.982420837185627
0.987945463783733
0.992087003682192
0.995076070205553
0.997134741277063
0.998470949138646
0.999273313490556
0.999706516390273
0.999907306589469
0.999981208812284
1
