-0.0725569627137891
-0.0689813656615758
-0.0618499241542149
-0.051202133318576
-0.0370972085189677
-0.019614046576898
0.00114883575990321
0.0250733942073842
0.0520221899456796
0.081838574380412
0.114346937929846
0.14935303590106
0.186644404972476
0.225990883889768
0.267145251693867
0.309843996127332
0.353808223810056
0.398744722346202
0.444347182737775
0.49029758836011
0.536267774331645
0.581921158421663
0.626914641728594
0.670900674276184
0.713529477468176
0.754451412070632
0.793319477113385
0.829791921879224
0.863534950042357
0.894225492087173
0.921554019443721
0.945227371374026
0.964971563586666
0.980534545894155
0.991688875001848
0.998234267764791
1
0.99684711621806
0.988670416453439
0.975400187733064
0.957003649623835
0.933486085729669
0.904891635946283
0.871303727697195
0.832845128229582
0.789677604297384
0.742001180148414
0.690052989602307
0.634105723091611
0.574465675768863
0.511470408084284
0.445486035535153
0.376904169500936
0.30613853612952
0.233621305052059
0.159799164201552
0.0851291811215384
0.0100744948084808
-0.0649001147272539
-0.13933272942698
-0.212768816970211
-0.284765722384444
-0.354897073877732
-0.422757049400796
-0.487964451273557
-0.550166537760417
-0.60904256273935
-0.664306977561439
-0.715712252809116
-0.763051281892359
-0.806159333222391
-0.844915523013007
-0.879243786513698
-0.909113331602046
-0.934538565075429
-0.955578488598607
-0.972335567995406
-0.984954086328037
-0.993617997893822
-0.998548306793833
-1
-0.998258570778432
-0.993636173832815
-0.986467458533936
-0.977105131027521
-0.965915299797628
-0.953272662351149
-0.939555593033382
-0.925141193549033
-0.910400368521328
-0.895692988359667
-0.881363200820177
-0.86773495094192
-0.855107766544046
-0.843752863206865
-0.833909618674227
-0.825782461957705
-0.819538217156269
-0.815303936198463
-0.813165248445287
