1
0.995409277190596
0.986309133268948
0.972860755600513
0.955302408613536
0.933945279142065
0.909168044563146
0.881410253780797
0.851164630859221
0.818968429080628
0.785393979107196
0.751038588503613
0.716513960904946
0.682435311413758
0.649410360243498
0.618028389101394
0.588849544279574
0.562394566902718
0.539135124316483
0.519484907293305
0.50379164572636
0.492330180967509
0.485296716170197
0.482804347189953
0.484879956071896
0.491462527243382
0.502402923579867
0.517465135889809
0.536328995447757
0.558594315376956
0.583786403326094
0.611362865374886
0.640721599802606
0.67120985960656
0.702134244783704
0.732771469678837
0.762379737413715
0.790210542761862
0.815520717000761
0.837584523389295
0.855705610069823
0.869228628419038
0.877550329159188
0.880129955831864
0.876498765423357
0.866268518860146
0.849138799568564
0.824903036076006
0.793453124447553
0.754782567893904
0.708988073818394
0.656269572534464
0.59692864650489
0.531365383843774
0.460073694590295
0.38363515251891
0.302711448610832
0.218035564406184
0.130401793934533
0.0406547614571939
-0.0503224014482663
-0.141620542134306
-0.232317448060217
-0.321491086329838
-0.408232919890513
-0.491661096690816
-0.570933309258041
-0.645259126475824
-0.713911606757468
-0.776238012213176
-0.831669456643897
-0.8797293360608
-0.92004040868603
-0.952330411757852
-0.976436124629023
-0.992305811269599
-1
-0.999690583704579
-0.991658249516437
-0.976288272621349
-0.954064734003835
-0.925563246260025
-0.891442294651485
-0.852433322012158
-0.809329705612197
-0.762974791322957
-0.714249165146483
-0.664057354139444
-0.613314157786925
-0.562930816822795
-0.513801229255435
-0.466788422894432
-0.422711489989888
-0.382333182745424
-0.346348358552425
-0.315373450967753
-0.289937126916587
-0.270472272584948
-0.257309430250286
-0.250671786194659
