1
0.99786298295963
0.993637559171277
0.987419927428248
0.979351850062004
0.969617661731854
0.958440366566388
0.946076895002433
0.932812607198829
0.918955143953081
0.904827738377395
0.890762111983624
0.877091087102808
0.864141053578061
0.852224431310211
0.841632271434149
0.832627137630625
0.825436405344771
0.820246110541255
0.817195471169035
0.816372193867305
0.817808665786123
0.821479116922115
0.827297822313934
0.835118396063645
0.844734210731118
0.855879956490091
0.868234334851042
0.881423862070591
0.895027737905997
0.908583716460772
0.921594897820461
0.933537342300888
0.943868393711664
0.952035584340641
0.957485982628695
0.95967583493683
0.958080345583116
0.95220343458268
0.941587310357656
0.925821695152615
0.904552544009194
0.877490103893687
0.844416167863024
0.8051903898864
0.759755538960455
0.70814158627644
0.650468536194626
0.586947930399258
0.517882974564246
0.443667257849899
0.364782057250483
0.28179224088402
0.195340806414155
0.106142112571352
0.0149738828519637
-0.0773319194178363
-0.169899226683825
-0.261818878309525
-0.352160356903123
-0.439984086384735
-0.524354117659025
-0.604351019631947
-0.679084787897634
-0.747707580826224
-0.809426093066815
-0.863513379658229
-0.909319949986078
-0.946283959664855
-0.973940339942664
-0.991928718265483
-1
-0.998021499764649
-0.985980531089862
-0.963986384923927
-0.932270650498535
-0.891185855926741
-0.841202430269355
-0.782904013308503
-0.716981163540133
-0.644223538573533
-0.565510644846395
-0.48180127498212
-0.394121770904754
-0.303553268681958
-0.211218096712417
-0.118265512068024
-0.0258569703366922
0.0648488679780572
0.152711186683989
0.236621909205978
0.315520231756763
0.388406590544814
0.454355866572527
0.512529641850739
0.562187333873071
0.602696050767515
0.633539027445492
0.654322523037776
0.664781081648122
