0.294365880629401
0.293638329527713
0.292188023482213
0.290024638186059
0.287162892440709
0.283622785629542
0.279429899819879
0.274615754444762
0.26921819900152
0.263281827008185
0.256858392631869
0.250007209988969
0.242795514151725
0.23529876240695
0.227600854319733
0.219794249667137
0.211979964324575
0.204267425701143
0.196774171310728
0.189625376504942
0.182953200244699
0.176895941004198
0.171596998431151
0.167203640170696
0.163865577232005
0.161733355366135
0.160956574057527
0.161681948833868
0.164051236593013
0.168199047454869
0.174250570195689
0.182319241540486
0.192504392408557
0.20488890656547
0.219536928976829
0.236491662436909
0.255773291719667
0.27737707454079
0.301271638007568
0.327397517959099
0.355665976664144
0.385958131760266
0.418124426109164
0.451984464443345
0.487327238332994
0.523911756163243
0.561468089544369
0.59969884195213
0.638281039491167
0.676868437575796
0.715094231118957
0.752574149604468
0.788909912284885
0.823693012792581
0.856508796769621
0.88694079080471
0.914575236100992
0.939005775969767
0.959838242528393
0.976695484944014
0.989222179267554
0.997089558393645
1
0.997691410490486
0.989941344003975
0.97657079745746
0.957447625355563
0.932489521695416
0.901666520689208
0.865002973167772
0.822578961356874
0.774531121162302
0.721052848079308
0.662393870266575
0.598859180097466
0.530807323518175
0.458648054695542
0.382839371615231
0.303883956380953
0.22232505185454
0.138741813854025
0.0537441852847094
-0.0320326547861891
-0.117934208083404
-0.203292875767577
-0.28743440990587
-0.369684525235084
-0.449375595923548
-0.525853360234265
-0.598483555175334
-0.666658403412257
-0.729802875914448
-0.787380656004685
-0.838899733651412
-0.883917562951739
-0.922045720746618
-0.95295401012554
-0.976373959140851
-0.992101672275754
-1
