1
0.996453822545438
0.989409181782301
0.978960663690819
0.965248055962782
0.948453878828488
0.928800159375913
0.90654450497932
0.881975543604398
0.85540780977909
0.827176164729396
0.797629847414375
0.767126259815442
0.736024594728963
0.704679417393587
0.673434313499552
0.642615715451881
0.612527016199086
0.583443075531149
0.555605217562396
0.529216810243297
0.50443950831472
0.481390230278937
0.460138927887447
0.44070719353078
0.423067736971712
0.407144748316774
0.392815149208178
0.379910719182544
0.368221069230371
0.357497420045923
0.347457128521195
0.337788892940794
0.328158555295253
0.318215408350565
0.307598905774065
0.295945665881212
0.282896653569154
0.268104420848584
0.251240284153462
0.232001316346427
0.21011703306212
0.185355656725781
0.157529847202884
0.126501795499127
0.0921875861303756
0.054560744583009
0.0136548985236322
-0.0304345050928214
-0.0775494703332612
-0.127469737977675
-0.179914098619693
-0.234542728938837
-0.290960530565185
-0.348721434798126
-0.407333620720834
-0.466265579222035
-0.524952941337733
-0.582805976385599
-0.639217653794305
-0.69357215251927
-0.745253693651776
-0.79365556541031
-0.838189205263246
-0.878293201551783
-0.913442076711072
-0.943154716042543
-0.967002309955433
-0.984615683621449
-0.995691895991971
-1
-0.99738586736724
-0.987775994591336
-0.971180221205347
-0.947693307065478
-0.917495331999591
-0.880850898388936
-0.838107134898525
-0.78969051735025
-0.736102540376614
-0.67791429073266
-0.615759989715278
-0.550329587788095
-0.482360508995364
-0.412628655845767
-0.341938796853336
-0.271114468658213
-0.200987532461795
-0.132387530274917
-0.0661309901011374
-0.00301083059950635
0.0562139850348373
0.110828399261265
0.160170672952604
0.203641126534513
0.240710084632898
0.270924910536567
0.293916029660634
0.309401855582121
0.317192547898495
