1
0.996250625728236
0.988766485182686
0.977576912579551
0.962726199891784
0.944273932006177
0.922295411207945
0.896882152415444
0.868142426699409
0.836201827216778
0.801203828845732
0.763310310592985
0.722702008311988
0.67957886446433
0.634160241605972
0.586684967000467
0.537411177254227
0.48661593412115
0.434594585607597
0.38165985018263
0.328140606207238
0.274380373572773
0.220735479903858
0.167572909445448
0.115267838819551
0.0642008700992402
0.014754977995372
-0.0326878057290773
-0.0777499413269686
-0.120062128411494
-0.159267210828565
-0.195024193247278
-0.227012319181742
-0.254935156359753
-0.278524632320146
-0.297544960924698
-0.311796399173573
-0.321118773362454
-0.325394714247272
-0.324552542505507
-0.318568748402247
-0.307470013168707
-0.291334724149097
-0.270293941220278
-0.244531778274442
-0.214285170599585
-0.179843006704418
-0.141544611409073
-0.0997775757457512
-0.0549749382599444
-0.00761173154155559
0.0417990828908661
0.0927112590207448
0.144550448764474
0.196719872472784
0.24860641946073
0.299587113048406
0.349035867878051
0.39633046143097
0.440859636802901
0.482030249998966
0.519274372354592
0.552056257235848
0.579879079963833
0.602291360967186
0.618892984500153
0.629340728857878
0.633353228843757
0.630715297245301
0.621281539186713
0.604979201362706
0.581810207217467
0.551852338999099
0.515259538163968
0.472261306686923
0.42316120330256
0.368334440402834
0.30822459908571
0.243339491524077
0.174246211239542
0.101565422859946
0.0259649533554007
-0.0518472435651101
-0.1311306693968
-0.211120320803469
-0.291035092581635
-0.370086443116008
-0.447487217631995
-0.522460521732112
-0.594248536299242
-0.662121164887661
-0.725384406210449
-0.783388347255679
-0.835534676890318
-0.881283625486414
-0.9201602430562
-0.95175993652018
-0.975753195947172
-0.991889449774197
-1
