0.82435542874635
0.82729941948969
0.833101641818704
0.841592074033727
0.85251940088495
0.865555406847052
0.880300722494281
0.896291830837089
0.913009220006644
0.929886550006546
0.946320684689206
0.96168242592171
0.975327775309125
0.986609540027618
0.994889093426864
0.999548098186287
1
0.995701103019848
0.986161044554998
0.970952495712593
0.949719926623483
0.922187289442343
0.888164489213806
0.84755253168971
0.800347257967757
0.746641598071054
0.686626298950149
0.620589106495241
0.548912405615599
0.472069346888834
0.390618512318182
0.305197195980703
0.216513397435533
0.12533664633872
0.0324877954536558
-0.0611720641441014
-0.154753397655699
-0.247350551339621
-0.338054419100399
-0.425965256669129
-0.510205446370708
-0.589932015774063
-0.664348716911242
-0.732717479178097
-0.794369058394839
-0.848712716663802
-0.895244782425319
-0.933555957250288
-0.963337255152172
-0.984384481250674
-0.996601179144656
-1
-0.994702470758279
-0.980937163641566
-0.959036293878734
-0.929430796920693
-0.892643959963848
-0.849283704992835
-0.8000336414334
-0.74564302554616
-0.686915780592534
-0.624698746299951
-0.55986933801635
-0.493322804987795
-0.425959283275249
-0.358670841851761
-0.292328720341851
-0.227770953681912
-0.165790572744279
-0.107124560776039
-0.0524437335015382
-0.0023436961134905
0.0426629866382264
0.0821532901909316
0.115798803640451
0.14336930328932
0.164734776217903
0.17986586818928
0.188832754948994
0.191802460727132
0.18903467210339
0.180876118972814
0.167753616779916
0.150165885119202
0.128674276901707
0.10389256925968
0.0764759819384226
0.0471096008764755
0.016496393815352
-0.014654989035479
-0.0456424331203095
-0.075782400255993
-0.104421598827139
-0.130948096457313
-0.154801697230386
-0.175483417421066
-0.192563908201029
-0.205690690687432
-0.214594087726954
-0.219091757660344
