1
0.985935720978179
0.958008898484469
0.916619982202043
0.862362139357993
0.796012374732693
0.718519903143909
0.630991952280654
0.53467721300424
0.43094719011256
0.321275738523277
0.20721709737859
0.0903827572834923
-0.0275824865883062
-0.145024930720102
-0.260306437581363
-0.371828616139269
-0.478056341679446
-0.577540258768044
-0.668937927378848
-0.751033293629928
-0.822754192886695
-0.883187623777858
-0.931592566454527
-0.967410156655082
-0.9902710682211
-1
-0.996617207892144
-0.980337068454383
-0.951563706246948
-0.910883762293514
-0.859056424912567
-0.797000886090459
-0.725781425852926
-0.646590363144474
-0.560729143987444
-0.46958786566819
-0.374623558957884
-0.277337568565761
-0.179252384868552
-0.0818882872711101
0.013259838773511
0.104745153035972
0.191190631584767
0.271309624149498
0.343924884408947
0.407985784833607
0.462583457149338
0.506963632897384
0.540536995413185
0.562886894245808
0.57377431496153
0.573140040754853
0.561103986640791
0.537961731523398
0.504178317425962
0.460379427935737
0.40734009878934
0.345971151863179
0.277303579037213
0.202471133920884
0.122691416777371
0.0392457607331589
-0.046541754835424
-0.133325825259722
-0.219761630219312
-0.304526384730123
-0.386340387992608
-0.463987235910156
-0.536332877676606
-0.602343216468799
-0.661099978643371
-0.711814604529934
-0.753839946470337
-0.786679595650596
-0.809994697930403
-0.823608159673929
-0.827506186871038
-0.821837143932984
-0.806907761762377
-0.783176767343809
-0.751246048498794
-0.711849506937366
-0.665839789690539
-0.614173122835492
-0.557892501592418
-0.498109516900101
-0.435985120055445
-0.372709643591535
-0.309482408009281
-0.247491250091379
-0.18789230922143
-0.131790403399442
-0.0802203165682097
-0.0341293036087321
0.0056389008243567
0.0383583082476335
0.0634329046889563
0.0804066817683406
0.0889713068048306
