1
0.991338430043389
0.974139598054277
0.948650208592785
0.915235570014089
0.874373979079881
0.826649370374301
0.772742344856663
0.713419717074844
0.64952274357228
0.581954215488408
0.511664615957315
0.439637557377527
0.366874724731659
0.294380558705168
0.223146916271394
0.154137946615261
0.0882754167586826
0.0264247140831806
-0.0306182577667141
-0.0821390872027978
-0.127515582078846
-0.166227051107647
-0.197861996960805
-0.222124103597067
-0.238836427076197
-0.247943727223939
-0.249512906578235
-0.243731552611408
-0.230904608823859
-0.211449229477966
-0.185887901029265
-0.154839940272714
-0.119011504433158
-0.0791842714969566
-0.0362029696458848
0.00903804760560489
0.0556089693289994
0.102559215603149
0.148932416075165
0.193781444108771
0.236183271463465
0.275253411631753
0.31015972678077
0.340135383588038
0.364490756963026
0.382624097487817
0.394030798123554
0.398311118001516
0.395176245595592
0.38445260986912
0.366084375687742
0.340134088453408
0.306781462090655
0.26632033374443
0.21915383736851
0.165787876341117
0.10682300189972
0.0429448291212846
-0.0250868550041868
-0.0964501165079671
-0.1702738399241
-0.245651427359182
-0.321655012982675
-0.397349967024144
-0.471809459199961
-0.544128850972144
-0.613439689170986
-0.678923080237503
-0.739822234552079
-0.795453983846671
-0.845219091332649
-0.88861119364834
-0.925224235728814
-0.954758283874805
-0.977023628262856
-0.991943113482118
-0.999552663969991
-1
-0.993541568694072
-0.980537742930777
-0.961446368550917
-0.936814766485952
-0.907270320937954
-0.873509807134299
-0.836287632112058
-0.796403179141058
-0.754687460500075
-0.711989294155358
-0.669161227284148
-0.627045433422504
-0.586459810237059
-0.548184501522627
-0.512949060067144
-0.481420457614354
-0.454192134459607
-0.431774264453813
-0.414585391632487
-0.402945572642433
-0.397071134959247
