0.700887308142436
0.704809904873281
0.712562822778556
0.723963034694215
0.738739785705231
0.756539069205236
0.776929484538507
0.7994093837953
0.823415194972647
0.848330790122472
0.873497750578783
0.898226367144772
0.921807201451721
0.943523025757464
0.962660952372828
0.978524560785147
0.990445830437299
0.997796690020117
1
0.996539793839593
0.986970614840544
0.970925799563319
0.948124575139845
0.918377856233608
0.881592647629616
0.837774980136152
0.787031330311355
0.729568498132553
0.665691940735223
0.595802584385377
0.520392160537865
0.440037134802796
0.355391319533878
0.267177281223665
0.176176672621889
0.0832196361918718
-0.0108265600737413
-0.105069481567144
-0.198603898610356
-0.290524382186968
-0.379937932012221
-0.465976444680421
-0.54780883221204
-0.624652606859332
-0.695784756429637
-0.760551745515741
-0.818378491705908
-0.868776181865643
-0.911348811685683
-0.945798351590358
-0.971928463483441
-0.989646715338277
-0.998965263960649
-1
-0.992968173084211
-0.978184538431733
-0.956056089084433
-0.927075459648186
-0.891813107786104
-0.850908398363376
-0.805059731802448
-0.755013872613636
-0.701554645996087
-0.645491179673394
-0.587645874595312
-0.528842291704473
-0.469893142583225
-0.411588569455674
-0.354684894765488
-0.299894012468601
-0.24787358240389
-0.199218175808945
-0.154451504446272
-0.114019848148422
-0.0782867761611701
-0.0475292367725986
-0.0219350676959624
-0.00160195687637976
0.0134621398214985
0.0233371408467284
0.0281875808538929
0.0282580142398663
0.0238671635208765
0.0154009155786898
0.00330428694900164
-0.0119275045063453
-0.029758710263972
-0.0496233013733948
-0.0709356266369464
-0.0931013010222194
-0.115528143368249
-0.13763698213236
-0.158872150524083
-0.178711497841725
-0.196675752076426
-0.212337079743849
-0.225326702269212
-0.23534144387182
-0.242149103519709
-0.245592562870444
