0.0567310745424408
0.0619376030619836
0.0722425059735794
0.0874314105392195
0.107187563853034
0.131097509559514
0.158658507194747
0.189287569058942
0.222331962134453
0.257080997663371
0.292778909001322
0.32863859963144
0.363856028064039
0.397624985015179
0.429152010941459
0.457671198834373
0.482458628204185
0.502846181401348
0.518234502756155
0.528104874320968
0.532029799066389
0.529682102943996
0.520842390958147
0.50540471891024
0.483380371367636
0.454899667203877
0.420211746263093
0.379682323801854
0.333789432823038
0.283117207698317
0.228347795039878
0.170251509099682
0.109675378536094
0.0475302587101745
-0.0152232916909119
-0.0775901493644945
-0.138556542008516
-0.197106488080592
-0.252238497603567
-0.302982264768798
-0.3484150812329
-0.387677701491945
-0.419989398526975
-0.444661958955204
-0.461112382033787
-0.468874065823526
-0.46760628634283
-0.45710180128414
-0.43729243843086
-0.408252559860826
-0.370200325872347
-0.323496716808454
-0.268642306048534
-0.206271812833153
-0.137146498729936
-0.0621445058808372
0.0177507318502721
0.101463842610622
0.187842444227894
0.275673428982335
0.363700366012143
0.450641762867969
0.535209912651081
0.616130042272948
0.69215947084845
0.762106485198963
0.824848641943926
0.879350212678119
0.924678500173676
0.960018769249015
0.984687555682062
0.998144140019928
1
0.990026085142893
0.968157789453253
0.934497532576904
0.889314895686219
0.833044295249393
0.766280215116547
0.689770054452382
0.60440468538871
0.511206849298817
0.411317553766429
0.305980663120115
0.196525903350178
0.084350526883505
-0.02910009632315
-0.142352677929061
-0.253926704441366
-0.36235532014265
-0.466206091694473
-0.564101347437865
-0.654737790113644
-0.736905092007209
-0.809503196232526
-0.871558066787787
-0.922235652855809
-0.960853859239363
-0.986892344414179
-1
