1
0.991400259144709
0.974296586829571
0.948879293360447
0.915430592220119
0.874320751267197
0.826003049412314
0.771007612821693
0.709934221078633
0.643444188741248
0.572251441142777
0.497112914886619
0.418818423117597
0.338180133159694
0.256021809387343
0.173167977165521
0.0904331643118994
0.00861137479707952
-0.0715340546625243
-0.149280070783549
-0.223952856805796
-0.294935997129993
-0.361677740493056
-0.423697262687168
-0.480589845289728
-0.532030903535567
-0.577778814072253
-0.617676511621009
-0.651651842237453
-0.679716679640183
-0.701964829662557
-0.718568765998769
-0.729775257782543
-0.735899965890713
-0.737321099956331
-0.734472241678838
-0.727834451927816
-0.717927789174659
-0.705302374805342
-0.690529146751339
-0.674190446542374
-0.65687058628638
-0.639146541206812
-0.62157891023853
-0.604703281859589
-0.589022134909859
-0.574997394743811
-0.56304375383968
-0.553522853124295
-0.546738405980984
-0.542932331417608
-0.5422819464315
-0.544898250480494
-0.550825317427034
-0.560040792643467
-0.572457475430753
-0.587925949785857
-0.606238210123899
-0.627132213076472
-0.650297272188607
-0.675380199445078
-0.701992086270792
-0.729715607142176
-0.758112721360546
-0.786732642987062
-0.815119945502103
-0.842822666475883
-0.869400278433498
-0.894431395143393
-0.917521087696251
-0.938307691881196
-0.956468997385914
-0.971727720095063
-0.983856171058338
-0.992680049342425
-0.998081300745783
-1
-0.998435230351384
-0.993444951046979
-0.985144859970704
-0.973706275217356
-0.959353075487782
-0.94235775457849
-0.923036659675874
-0.901744496417683
-0.878868195540356
-0.854820246201227
-0.830031609586181
-0.804944333051428
-0.780003989698285
-0.755652070870509
-0.732318459556047
-0.710414111064369
-0.690324063666298
-0.67240089618798
-0.656958741939753
-0.644267958960102
-0.634550545519723
-0.627976377341993
-0.624660329258744
