0.742418474474744
0.730240228292472
0.706055042109914
0.670203074360313
0.623188464264744
0.565672115078744
0.498462239038354
0.422502804115599
0.338860053685442
0.248707298599676
0.153308206528319
0.0539988353826926
-0.0478313241539144
-0.150759017765173
-0.253347319116202
-0.354165849150023
-0.451810827123191
-0.544924660749124
-0.632214790531364
-0.712471515359214
-0.784584542513697
-0.8475580251388
-0.900523873659265
-0.942753154206014
-0.973665416429993
-0.992835824689942
-1
-0.995056514803537
-0.978067018065597
-0.949254003803404
-0.908996271456011
-0.857822160890658
-0.796400677830165
-0.725530656561138
-0.646128135476376
-0.559212146884252
-0.465889145195326
-0.367336316735215
-0.264784029751706
-0.159497694462439
-0.0527593100695756
0.0541510215419745
0.159973337230838
0.26348553675513
0.363520327223933
0.458981139361268
0.548856784806186
0.632234644842091
0.708312205235045
0.776406778871385
0.835963287185093
0.886560002486315
0.9279121857487
0.959873587670434
0.982435814366547
0.995725592350602
1
0.995639763962987
0.983140748470727
0.963103792808121
0.936223076852379
0.903273216232242
0.86509530696534
0.82258215412319
0.776662929937355
0.728287513642671
0.67841076816424
0.627977007469145
0.577904903062058
0.529073068810687
0.482306550210025
0.438364427560647
0.397928722629162
0.361594775512995
0.329863233027404
0.303133762390329
0.281700574753423
0.265749812694303
0.255358824642234
0.25049731786389
0.251030350595766
0.25672309367741
0.267247263102546
0.282189097728845
0.301058731407631
0.323300786411345
0.348305995605988
0.375423644645697
0.403974612811908
0.433264782177309
0.46259857968169
0.491292415536916
0.518687784141991
0.544163800332885
0.567148954199309
0.587131881694443
0.603670965608399
0.616402601882447
0.625047989369578
0.629418326614795
