0.797769808406561
0.800614009211171
0.806230209553169
0.814475329318961
0.825138031943567
0.837942602254491
0.852554013891029
0.868584100158267
0.885598723321503
0.903125820217555
0.920664186936552
0.937692852461743
0.95368088075901
0.968097433056106
0.9804219170752
0.990154047867304
0.996823645683657
1
0.999300635331181
0.994399323735441
0.985033200765774
0.971008855892855
0.952207284874278
0.928587609916115
0.90018949347179
0.867134192829386
0.829624224909497
0.787941633573009
0.742444874852284
0.693564358496092
0.641796706685436
0.58769781236832
0.531874800024055
0.474977010467862
0.41768614823458
0.360705744855521
0.304750103717981
0.250532901963185
0.198755631867391
0.15009606823814
0.105196949464828
0.0646550579589176
0.0290108808211309
-0.00126097625449295
-0.0257604594750256
-0.044169672783135
-0.0562592857407749
-0.0618936281605489
-0.0610343761188399
-0.0537427555591972
-0.0401802125732429
-0.0206075232732499
0.00461765942704173
0.035044800211683
0.0701359706296896
0.109272763097681
0.151764536643161
0.196857879853132
0.243747156618538
0.291585982376438
0.339499462938165
0.386597014907368
0.43198557635264
0.474783008978507
0.514131488664326
0.549210679993944
0.57925049231209
0.603543219899552
0.62145487699205
0.632435549463161
0.636028598888842
0.631878571205202
0.619737681016226
0.599470763521121
0.571058608695659
0.534599616434352
0.490309736473617
0.438520682686365
0.379676437370719
0.314328087049762
0.243127056656525
0.166816833407619
0.0862232947919672
0.0022437765597505
-0.0841649639425974
-0.171999716585778
-0.260224532323421
-0.347784983222181
-0.433622760960368
-0.516690400416818
-0.595965912506744
-0.670467111217009
-0.739265423842796
-0.801498980673558
-0.856384790712401
-0.903229823285284
-0.941440831405621
-0.970532771264233
-0.990135692934124
-1
