0.465167242080659
0.470524348834294
0.481137136170757
0.496804399304589
0.517228423705999
0.542019823217133
0.570703870344674
0.6027282178788
0.637471888805942
0.674255391249571
0.712351797210172
0.750998608467378
0.78941022039854
0.826790784858889
0.862347266811743
0.895302486195779
0.924907936621818
0.950456175902814
0.971292590084829
0.986826342459031
0.996540331840792
1
0.996860846270732
0.986874527772228
0.96989344601449
0.945873744588018
0.914876667770278
0.877068255824228
0.832717379106674
0.782192139429768
0.725954693011429
0.664554574399987
0.598620624568781
0.528851648570496
0.456005948367401
0.380889894391536
0.30434571475388
0.227238693569492
0.150443979397025
0.074833211153738
0.00126117195918396
-0.0694473188683686
-0.136510068987065
-0.199199531515618
-0.256853988936123
-0.308887725500446
-0.35480002700036
-0.394182865089156
-0.426727143934625
-0.452227409516258
-0.470584945998822
-0.481809208940638
-0.486017571229016
-0.48343338416585
-0.474382382635234
-0.459287489354285
-0.43866209842711
-0.413101942392138
-0.383275669296704
-0.349914276696926
-0.313799567544039
-0.275751808394757
-0.236616783028192
-0.197252444164993
-0.158515372413124
-0.121247254706449
-0.0862615943065439
-0.054330860906414
-0.0261742825617713
-0.00244647118695274
0.0162729396551806
0.0294884817633951
0.0367967195931851
0.0378926739914558
0.032574701149561
0.0207477497765247
0.00242494493568968
-0.0222725267522005
-0.0531172291711897
-0.0897789580178844
-0.131829837116839
-0.178750950132903
-0.229940403942126
-0.284722697419682
-0.342359248879079
-0.402059917174791
-0.462995335847408
-0.524309866892753
-0.585134970975841
-0.644602784341063
-0.701859689395308
-0.756079666012784
-0.80647721402848
-0.852319644097915
-0.892938543999219
-0.927740240384002
-0.956215091743085
-0.977945466694357
-0.992612282334509
-1
