1
0.987563079984163
0.96286743474063
0.926266719191806
0.878284621802891
0.819606830814446
0.751070518774521
0.673651509589036
0.588449328472856
0.496670368200815
0.399609434409199
0.298629957923556
0.195143182792291
0.0905866545629497
-0.0135976558989525
-0.115985252248217
-0.215190695202389
-0.309888532031623
-0.39883324770145
-0.480877927936194
-0.554991344887009
-0.620273201036395
-0.675967296056867
-0.721472414106655
-0.756350764973254
-0.780333851000396
-0.793325672248557
-0.795403224205451
-0.786814284921969
-0.767972531030727
-0.73945006403876
-0.70196746891322
-0.656381565660249
-0.603671050724369
-0.544920258041073
-0.481301298940402
-0.41405486536322
-0.344470001618582
-0.273863165854761
-0.203556913289119
-0.134858538873907
-0.0690390173798743
-0.00731257385465511
0.0491827928600528
0.0994035262254409
0.142417180586028
0.177417279818461
0.203736132476371
0.220855402372442
0.228414269208583
0.226215052126955
0.214226209303926
0.192582668309792
0.161583484252219
0.121686865043057
0.0735026448082294
0.0177823268411281
-0.0445931440558206
-0.112627684095398
-0.185226219357235
-0.261212423261936
-0.339347759881691
-0.418351529700646
-0.496921598642113
-0.573755480436208
-0.647571436879149
-0.717129260320159
-0.781250407805861
-0.838837166633388
-0.888890546448242
-0.930526613226696
-0.962991005185435
-0.985671399471713
-0.998107730949775
-1
-0.991213544423117
-0.971781690689333
-0.941905741256574
-0.901952296847572
-0.85244795475585
-0.794071465779218
-0.727643472600049
-0.654113990708912
-0.574547828697399
-0.490108177362908
-0.402038626057495
-0.311643889616934
-0.220269549631538
-0.129281129444737
-0.0400428328420375
0.0461037182447213
0.127860411629781
0.203992908211134
0.273349921055453
0.334881206037345
0.387653980151355
0.430867508411934
0.463865629146861
0.486147020016838
0.497373042744279
