1
0.995706358856964
0.987168810721234
0.974486014214345
0.957803946604573
0.937313528682724
0.913247520054633
0.885876736785583
0.855505654697462
0.822467471944807
0.787118713610674
0.749833468816683
0.710997357104986
0.67100132551863
0.630235380802061
0.58908236241366
0.54791186156355
0.507074389267153
0.466895892471105
0.427672711724123
0.389667066718993
0.353103147436343
0.318163878713344
0.284988414999549
0.253670410025389
0.224257093290288
0.196749171883947
0.171101562402842
0.147224943837653
0.124988108512069
0.104221074674294
0.0847189114003439
0.0662462142753286
0.0485421590767539
0.0313260505786712
0.0143032747962444
-0.00282844435490914
-0.0203725887759337
-0.0386272991556117
-0.0578788484040843
-0.0783952472910701
-0.100420092745899
-0.124166766187379
-0.149813084398017
-0.177496498908628
-0.207309931712318
-0.239298325503736
-0.273455975686702
-0.309724699279119
-0.347992882755805
-0.388095437011188
-0.429814673211423
-0.472882098565751
-0.516981116212341
-0.561750598719519
-0.606789290382699
-0.651660979779511
-0.69590037115066
-0.739019571310107
-0.780515098148043
-0.819875307548161
-0.85658812784981
-0.890148984975252
-0.920068797115651
-0.945881915502724
-0.967153887333079
-0.983488918376766
-0.994536916177804
-1
-0.999638370714572
-0.993275442566735
-0.980802149069874
-0.962180347006325
-0.937445255488963
-0.906706881063459
-0.870150394696057
-0.828035441971168
-0.780694383681802
-0.728529479992198
-0.672009047241183
-0.611662631993238
-0.54807526189283
-0.481880847005694
-0.413754818419826
-0.344406102725707
-0.274568541415193
-0.204991873068263
-0.13643240329746
-0.069643492678388
-0.00536599622613732
0.0556812106734408
0.112810485627512
0.165374320306152
0.212773762256955
0.254466237030674
0.2899726585168
0.318883725402487
0.340865313215839
0.355662884322893
0.363104852323512
