1
0.997851348347043
0.993593382676527
0.987304015295552
0.979098220593458
0.969125799280698
0.957568458586375
0.944636259570031
0.930563493877149
0.915604062403561
0.900026437261868
0.884108296012851
0.868130923208568
0.85237347878749
0.837107235687582
0.822589890149745
0.809060047548715
0.796731984216877
0.78579078165255
0.776387923789859
0.768637440741223
0.762612673720029
0.758343725848223
0.755815652411023
0.754967432017317
0.755691747254317
0.757835589996688
0.761201692761063
0.765550773610714
0.770604568338503
0.776049610214805
0.781541704701827
0.786711034419401
0.791167818501257
0.794508440491129
0.796321950263531
0.796196838262148
0.793727974754511
0.788523602904357
0.780212272335619
0.768449599549044
0.752924743069774
0.733366484538488
0.709548812067366
0.681295908994203
0.648486459584984
0.611057193132691
0.569005599129303
0.522391758578701
0.471339249880517
0.41603510184336
0.356728781060983
0.293730215878505
0.227406874252992
0.158179927736493
0.0865195483444505
0.0129393989875741
-0.0620096087810047
-0.137746203928789
-0.213666195465079
-0.289150356410917
-0.363572638525454
-0.436308598017428
-0.506743908199218
-0.574282832653467
-0.638356532025351
-0.698431079044172
-0.754015059802854
-0.804666644639517
-0.850000019098867
-0.889691074300977
-0.923482266482805
-0.951186567350003
-0.972690440006856
-0.987955789424337
-0.997020851446841
-1
-0.997082468207706
-0.988529995311831
-0.974673427366391
-0.95590831540286
-0.93268956989393
-0.905525244646408
-0.874969536509654
-0.841615099288938
-0.806084780817061
-0.769022901098054
-0.731086196653321
-0.69293456155946
-0.655221719082494
-0.618585959229452
-0.58364107692962
-0.55096764292987
-0.521104734877586
-0.49454224953763
-0.471713908742634
-0.452991061632683
-0.438677374151255
-0.429004483802924
-0.424128683539674
