-0.310399228837733
-0.302691127595027
-0.287370146340445
-0.264625418361149
-0.234737389942399
-0.198073969713371
-0.155085483098782
-0.106298506128877
-0.0523086692810538
0.00622746293229381
0.0686013174812952
0.134061912669825
0.201825991911351
0.271088543513194
0.341033553287746
0.410844833862787
0.479716773976693
0.546864852822926
0.61153576861996
0.673017036960431
0.730645923034349
0.783817582390227
0.831992297328357
0.874701710117356
0.911553969767962
0.942237725844861
0.966524920487512
0.984272348170295
0.995421971476448
1
0.998114758134593
0.989953385671502
0.975777432532546
0.955917425341221
0.930766498637797
0.90077319714248
0.866433567360059
0.828282666822096
0.786885627230572
0.742828413584347
0.69670842495468
0.649125083881657
0.600670560378278
0.551920773278007
0.503426806204535
0.455706867873822
0.409238916885106
0.364454059777374
0.321730818106667
0.281390345848697
0.243692662783478
0.208833952925158
0.176944959785891
0.148090492582703
0.122270039691256
0.0994194680019338
0.0794137696201758
0.0620708008449886
0.0471559428158539
0.0343875988813089
0.0234434308352849
0.0139672248891622
0.00557626877167916
-0.00213088618078505
-0.00956640955170207
-0.0171450579298889
-0.0252760586412912
-0.0343551461687551
-0.0447568830847028
-0.0568273919934893
-0.0708776176331364
-0.0871772290444615
-0.105949260733643
-0.127365579213623
-0.151543247416695
-0.178541844452372
-0.208361782286016
-0.240943644393052
-0.276168554568611
-0.313859567116087
-0.353784052873834
-0.395657039237218
-0.439145446755503
-0.483873150279526
-0.529426779240871
-0.575362159670181
-0.621211290202548
-0.666489735736027
-0.710704315741281
-0.753360959571073
-0.79397259855991
-0.832066964275356
-0.867194163987409
-0.898933908230745
-0.926902271182601
-0.950757872369608
-0.970207377822066
-0.985010230056579
-0.99498252900383
-1
