0.978669816806306
0.979678093902726
0.981617411995826
0.984334902176767
0.987605241119912
0.991135348667223
0.994570521903841
0.997501897607608
0.999475111337397
1
0.99856117586173
0.994629283966151
0.987672742054198
0.977169752577179
0.96262037041193
0.943558407538449
0.919562957272384
0.890269325646428
0.855379166134587
0.814669625981394
0.76800132774731
0.715325028070992
0.656686816787519
0.592231743092719
0.522205781030347
0.446956073790286
0.366929424703306
0.28266903194214
0.194809493316935
0.104070136707346
0.0112467601272206
-0.0827981072957904
-0.17714628647384
-0.270836211066497
-0.362876189971878
-0.452258469431892
-0.537973879288508
-0.619026836003514
-0.694450466710431
-0.763321613958509
-0.824775480030849
-0.878019672805977
-0.922347422058017
-0.95714974576639
-0.981926360283379
-0.996295145880381
-1
-0.99291693416887
-0.975058296617115
-0.946575030805385
-0.907756909846356
-0.859030717763276
-0.800956380172055
-0.734221078811367
-0.659631415877428
-0.578103724849917
-0.4906526539366
-0.398378175948461
-0.302451203902323
-0.204098014524289
-0.1045837017244
-0.00519489870555612
0.0927779796170856
0.188058712996092
0.279403204887974
0.365617096810704
0.445572803594393
0.518225712076255
0.58262929675284
0.63794892069531
0.683474108445095
0.718629099369021
0.742981514743284
0.756248999284898
0.758303727545766
0.749174697080292
0.729047763115682
0.698263403095965
0.657312233423484
0.606828334466238
0.547580472918879
0.480461342392263
0.406474973171806
0.326722489964514
0.242386421717132
0.154713789841335
0.0649982200798245
-0.0254386615061166
-0.115266276591447
-0.203164307564864
-0.287841793215964
-0.368055826070585
-0.442629575698474
-0.510469371861445
-0.570580594933426
-0.622082138404788
-0.664219229222528
-0.696374415900505
-0.718076561395634
-0.72900770727795
