0.341365139684157
0.338606745075905
0.333163108408348
0.325179137901605
0.314868727611055
0.302510662079754
0.288443265673384
0.273057888386503
0.256791339995203
0.240117402678166
0.22353756833436
0.207571160524359
0.192745012025477
0.179582877233165
0.168594763922496
0.160266371111981
0.155048818904706
0.153348852226254
0.155519693392528
0.161852708529964
0.172570040189892
0.187818343247205
0.207663743592148
0.232088119492374
0.260986784133503
0.294167625082016
0.331351732619735
0.372175524456883
0.416194349635046
0.462887529881303
0.511664772668391
0.561873867163348
0.612809552484849
0.663723427594173
0.713834754046861
0.762341987031714
0.808434856884473
0.851306812809232
0.890167633051165
0.924256001372668
0.952851848475598
0.975288259018617
0.990962750083147
0.999347735275715
1
0.992569027621913
0.976804033073173
0.952559579638043
0.919799675950759
0.878600273270212
0.829150107537296
0.771749856179269
0.706809605707474
0.63484465245159
0.556469684872104
0.472391421381996
0.383399802085333
0.290357855916578
0.194190385972111
0.095871635023798
-0.0035878900154811
-0.103155241814734
-0.201789300507848
-0.298455273646275
-0.39213921131321
-0.481862318004802
-0.56669484476462
-0.64576935028838
-0.718293128227255
-0.783559609589567
-0.840958563801786
-0.889984939423466
-0.930246205456023
-0.961468076341397
-0.983498527777942
-0.996310036021535
-1
-0.994789332940208
-0.981019237869481
-0.959146208880676
-0.929735327019191
-0.893451945643651
-0.851051884727964
-0.803370276429238
-0.751309224988678
-0.695824462338029
-0.637911196366777
-0.578589361420816
-0.518888490053288
-0.459832431182428
-0.402424142530836
-0.347630784478864
-0.296369338268899
-0.249492963907314
-0.20777830223926
-0.171913911681715
-0.142490013203584
-0.119989697594577
-0.104781727164556
-0.097115040095618
