1
0.993464610689502
0.980440878139701
0.961022483198031
0.935348923001356
0.903604293457842
0.866015684824831
0.822851206342156
0.774417659535457
0.721057883242122
0.663147796595823
0.60109316910003
0.53532614949522
0.466301587351981
0.394493183179749
0.320389504310254
0.244489904882068
0.167300388908931
0.0893294556556763
0.0110839663723308
-0.066934929145111
-0.144235768679384
-0.220340620278572
-0.294788757109993
-0.367140132156847
-0.436978622817756
-0.503915018137963
-0.567589724320585
-0.627675167301033
-0.683877874479951
-0.735940221160349
-0.783641830782875
-0.826800621658472
-0.865273496519174
-0.898956674805306
-0.92778567114133
-0.951734926885365
-0.970817104932821
-0.985082061079085
-0.994615508168685
-0.999537391950942
-1
-0.996185827219232
-0.988305223318883
-0.976593849217813
-0.961309970565737
-0.942731617505725
-0.921153640396092
-0.896884691488358
-0.870244162519429
-0.841559107830958
-0.811161181989603
-0.779383619964494
-0.746558286741112
-0.713012821834995
-0.679067902537419
-0.645034647903302
-0.611212183505282
-0.577885384854538
-0.545322815156368
-0.513774870754698
-0.48347214525285
-0.454624020905107
-0.42741749348182
-0.402016234445173
-0.37855989195747
-0.357163630001087
-0.337917902739472
-0.320888459210183
-0.30611657152971
-0.293619478019777
-0.283391031046901
-0.275402537910351
-0.269603781824464
-0.265924208923778
-0.264274266275227
-0.264546875110368
-0.266619022889786
-0.270353457377072
-0.275600465625118
-0.282199720655503
-0.289982178633594
-0.29877200949811
-0.308388544283663
-0.318648222767234
-0.329366525563269
-0.340359875375717
-0.35144749277749
-0.362453192617571
-0.373207107942815
-0.383547329155451
-0.39332144699946
-0.402387988870917
-0.410617738872067
-0.417894932969776
-0.424118321571064
-0.429202092787201
-0.433076650620218
-0.435689243269153
-0.437004437716402
