1
0.999630383216232
0.998850794981294
0.997581492479879
0.995705259778258
0.993070235652775
0.989493601416086
0.984766059753573
0.978657020578235
0.970920396348949
0.96130089740918
0.949540707898199
0.935386414840842
0.918596057276897
0.898946158853136
0.87623860623728
0.850307237052043
0.821024004756939
0.788304593974339
0.752113368073436
0.712467541263174
0.669440479838618
0.623164051377632
0.573829956368902
0.521689993714886
0.467055229518277
0.410294057234531
0.351829156348853
0.292133375899015
0.231724588096984
0.171159575686787
0.11102703420411
0.0519397866782878
-0.00547367674012311
-0.060578208490999
-0.112741425590909
-0.161343397624651
-0.205786447561726
-0.245504907733075
-0.279974671340065
-0.308722380480076
-0.331334094873992
-0.347463291242522
-0.356838051530621
-0.359267308812502
-0.35464603257488
-0.342959249987669
-0.324284816509822
-0.298794867493495
-0.266755902065379
-0.228527471180642
-0.184559463045425
-0.135388000758085
-0.0816299886897056
-0.0239763654704316
0.0368158578674567
0.0999326763452888
0.164513169461267
0.229660446166978
0.29445330807802
0.357958469819198
0.419243164963778
0.477387958104455
0.531499578332657
0.580723586903802
0.624256692188095
0.661358528164968
0.691362718686353
0.713687058437688
0.727842652852005
0.733441873026064
0.730204997754485
0.717965432908297
0.696673418275709
0.666398153364557
0.627328296222426
0.579770812727556
0.52414817769242
0.460993953144564
0.390946792944554
0.314742946109415
0.233207353480097
0.147243453364362
0.0578218311816643
-0.0340321343634445
-0.127251460717625
-0.220741405730175
-0.313393775596508
-0.404101497809506
-0.491773255762592
-0.575347979943699
-0.653808991955649
-0.726197601884136
-0.791625966752863
-0.849289027855248
-0.898475357489597
-0.938576760865062
-0.969096496466464
-0.989655997709884
-1
