1
0.988346664077844
0.965181707547522
0.930786666298301
0.885579134322732
0.830107187121302
0.765042070402355
0.691169258126066
0.609378007028149
0.520649555961185
0.426044137396446
0.326686984957541
0.223753534667544
0.1184540284831
0.0120177365063696
-0.0943229811010246
-0.19934855008978
-0.301867775437515
-0.400732936553026
-0.494854177141758
-0.583212993730953
-0.664874640904466
-0.738999287953407
-0.804851780651009
-0.861809882914985
-0.909370895904656
-0.947156576264686
-0.974916300403909
-0.992528447504196
-1
-0.997464386161563
-0.985177614765054
-0.963512776262317
-0.932953008008278
-0.894083042623433
-0.847579478146617
-0.794199925985069
-0.734771207545547
-0.670176782622135
-0.601343601955752
-0.529228582744117
-0.454804909192571
-0.379048360426326
-0.302923865251826
-0.227372477424521
-0.153298956363836
-0.0815601268091007
-0.0129541769293113
0.0517889618799123
0.112016028587834
0.167157534623338
0.216733471032517
0.260357559764914
0.297740011362881
0.328688774872035
0.353109289298547
0.371002769043204
0.382463078083868
0.38767226891201
0.386894882030515
0.38047111988798
0.368809025188337
0.352375807335697
0.331688472152257
0.307303918781124
0.279808673737791
0.24980843532958
0.217917602092598
0.18474895651704
0.150903670205109
0.116961788836478
0.0834733450508136
0.0509502347814992
0.0198589779117182
-0.00938553237193396
-0.0364252051990865
-0.0609627855687154
-0.0827646990039389
-0.101662681264834
-0.11755418809807
-0.130401600910851
-0.140230264707095
-0.147125414280501
-0.151228063201481
-0.152729947261299
-0.15186762947089
-0.148915887205485
-0.144180513424727
-0.137990672902612
-0.130690960932725
-0.122633315933683
-0.114168938711693
-0.105640369829938
-0.0973738726196647
-0.0896722629203301
-0.0828083177724515
-0.0770188841634634
-0.0724997957374341
-0.0694016903516465
-0.0678268047545748
