1
0.994986906279085
0.985003173595213
0.970133348233863
0.950503344491981
0.926279366744681
0.897666485843934
0.864906881415871
0.828277764356376
0.788088996453308
0.744680426568143
0.698418965171267
0.649695421225243
0.598921127431975
0.546524381686486
0.492946734196915
0.43863915112358
0.384058086746909
0.329661497083925
0.275904828526228
0.223237015461424
0.172096520958815
0.122907454444812
0.0760757998618871
0.0319857870970344
-0.00900356151646187
-0.0465616790722567
-0.0803894673032439
-0.110222047867787
-0.135831226459809
-0.157027646739017
-0.173662613540154
-0.185629567481735
-0.192865195936251
-0.195350168324032
-0.193109486829111
-0.186212446882965
-0.174772205094949
-0.158944955699312
-0.138928720009498
-0.114961756791852
-0.0873206048629085
-0.0563177725470086
-0.0222990918737485
0.0143592414824651
0.0532539185453014
0.0939580308917116
0.136024818661067
0.17899162100436
0.222383995161914
0.265719968540938
0.308514386648604
0.350283318540347
0.390548480582431
0.428841638815226
0.464708950048728
0.497715202030955
0.527447913606111
0.55352125672209
0.575579763452201
0.593301782856124
0.606402654508873
0.614637567859272
0.617804079222846
0.615744261146627
0.60834646208052
0.595546657723778
0.577329379055641
0.553728205873237
0.524825818612592
0.49075360528312
0.451690824464071
0.407863329453558
0.359541862787025
0.307039934411887
0.25071130077825
0.190947065942584
0.128172429442937
0.0628431091537482
-0.0045585294703534
-0.073527603432321
-0.143541064574637
-0.214062235100216
-0.284545485123758
-0.354441009627609
-0.423199661081861
-0.490277793290446
-0.555142071752786
-0.617274205988677
-0.676175559863348
-0.731371596965888
-0.782416119529345
-0.828895261222011
-0.870431196369951
-0.906685530769794
-0.937362342193328
-0.962210841943291
-0.981027632361128
-0.993658538977727
-1
