0.570078078098348
0.572672980679366
0.577834471790929
0.585506146484011
0.59560395378961
0.608016860477199
0.622607729432483
0.639214406991762
0.6576510121843
0.677709419469102
0.699160925213758
0.721758086856222
0.745236722422051
0.769318056846616
0.793711000381769
0.818114543257506
0.842220249730143
0.865714833688591
0.888282797119085
0.909609111956273
0.929381925184848
0.947295266511357
0.963051737510218
0.976365160871371
0.986963168248575
0.99458970523575
0.999007432191941
1
0.997374180385613
0.990961831145828
0.980621677542292
0.966240892204683
0.947736457163076
0.925056293081043
0.898180142388685
0.867120194809053
0.83192144572258
0.792661779910286
0.749451775443129
0.702434224825692
0.65178337293864
0.597703873835714
0.540429471015077
0.480221408377701
0.417366581682058
0.352175442878191
0.284979672228263
0.216129635567241
0.145991646398662
0.0749450547287742
0.00337918659070491
-0.0683098399276147
-0.139722394687264
-0.210458682653187
-0.280122128159407
-0.348322765359147
-0.414680603341608
-0.478828934109924
-0.540417551643872
-0.599115850623431
-0.654615774069048
-0.706634580161533
-0.754917399835134
-0.79923955838407
-0.839408636274255
-0.875266246593027
-0.906689509081626
-0.933592203455714
-0.955925587702664
-0.973678870222098
-0.986879328016662
-0.995592066609408
-0.999919420926336
-1
-0.996007381983531
-0.988148469574359
-0.976661519493067
-0.961813863105416
-0.943899338575193
-0.923235458054109
-0.900160336315871
-0.875029409890316
-0.848211978118176
-0.820087599598526
-0.791042379213662
-0.761465182267844
-0.731743813249088
-0.702261197303043
-0.673391602685537
-0.645496942230805
-0.618923191235494
-0.593996958118857
-0.571022242786372
-0.550277415811043
-0.532012449372386
-0.516446428379979
-0.503765367383137
-0.49412035576105
-0.487626050332337
-0.484359530955942
