-0.509345827045594
-0.498367581102605
-0.47656988396661
-0.444268047094366
-0.401929376153605
-0.350166470748071
-0.289728445111917
-0.221490199104769
-0.146439897467848
-0.0656648415452756
0.0196640588617196
0.108308985508608
0.198982838695351
0.290367533126782
0.38113269521921
0.469954489119539
0.55553429748709
0.636616985974653
0.712008487282307
0.780592451531903
0.841345724348236
0.893352432204209
0.935816476007284
0.968072258239857
0.989593495839409
1
0.999062334747868
0.986704298019123
0.963003201557789
0.928187958759479
0.882635022109148
0.826862243606183
0.761520762055175
0.687385049865936
0.605341278618958
0.51637418671494
0.421552653581808
0.322014202848725
0.21894867135351
0.113581291621929
0.00715544239651877
-0.0990846751892343
-0.203911179125388
-0.306129213906521
-0.404592980619725
-0.498220858908272
-0.586009405762878
-0.667046035068115
-0.740520203687757
-0.805732954254741
-0.862104691345766
-0.909181095942788
-0.946637112564368
-0.974278973721629
-0.992044256939145
-1
-0.998338929850999
-0.987373889275371
-0.967530572562425
-0.939338706559161
-0.903421836293424
-0.860485894466137
-0.811306751220304
-0.756716954454096
-0.697591881354787
-0.634835528645184
-0.569366172168189
-0.502102125860581
-0.433947825915796
-0.365780458097375
-0.29843733488694
-0.232704214634293
-0.169304737374784
-0.10889113178948
-0.0520363252477458
0.00077243563319862
0.0491383725440662
0.0927583169849375
0.131424179424226
0.165022747935616
0.193533846010209
0.217026906432783
0.235656044177014
0.249653735793692
0.25932323534387
0.26502987720381
0.267191433717019
0.266267710411171
0.262749573102393
0.257147609496488
0.249980632740621
0.241764235710865
0.232999602629154
0.224162778933847
0.215694591283798
0.207991397314518
0.201396829496828
0.196194679432419
0.192603048460725
0.190769867891124
