1
0.999606824517115
0.99881365224538
0.997607068931223
0.995967519166787
0.993869971862018
0.991284784986165
0.988178750781761
0.984516298613658
0.980260828997663
0.97537614922612
0.9698279784311
0.963585487950206
0.956622841525222
0.948920699199036
0.940467648798689
0.931261529607517
0.921310614230542
0.910634616725797
0.899265497779805
0.887248041006218
0.874640178290333
0.861513046426643
0.847950762030777
0.834049906772373
0.81991872028664
0.805676003589269
0.791449741348491
0.777375456863597
0.763594318965096
0.750251025192982
0.7374914904341
0.725460374619539
0.714298487016272
0.704140108019144
0.695110272093374
0.687322057577481
0.680873930385865
0.675847189214888
0.672303559633902
0.670282983423725
0.669801647713016
0.670850295874132
0.673392858803743
0.677365441171328
0.682675692524507
0.689202587858781
0.696796636465761
0.705280531652752
0.714450247369621
0.724076580985027
0.733907134526786
0.743668719747537
0.753070165505567
0.761805499270464
0.769557468181184
0.776001359103808
0.780809071656347
0.783653393280349
0.784212421227589
0.782174072869172
0.777240623087408
0.769133205729677
0.75759621522711
0.74240154453498
0.7233525965477
0.700288008076905
0.673085028339126
0.641662497649282
0.605983376612549
0.566056781492313
0.521939487535353
0.473736868775243
0.421603250119242
0.365741655251449
0.306402941947344
0.243884324677617
0.178527292763825
0.110714940714029
0.0408687355915118
-0.0305552457663547
-0.103070569276263
-0.176165138386417
-0.249306277107281
-0.321946141496049
-0.393527394774335
-0.463489077097676
-0.53127259775952
-0.596327775353079
-0.658118850169795
-0.716130392906008
-0.769873034587982
-0.818888944502576
-0.862756985814178
-0.901097482421056
-0.933576535404442
-0.959909833086428
-0.979865905160425
-0.993268778501103
-1
