1
0.995509257241894
0.986570400398578
0.973268056807785
0.955727602666388
0.934113313682123
0.908625946153266
0.879499787675394
0.846999225265924
0.811414886511815
0.773059416256411
0.732262957235047
0.689368407849419
0.644726533859359
0.598691013108275
0.551613493446163
0.50383874375335
0.455699976402007
0.407514416644852
0.359579190336087
0.312167596133202
0.265525821983586
0.219870158368352
0.175384752574951
0.132219939331764
0.0904911736057481
0.0502785813921587
0.0116271340743832
-0.0254525584321215
-0.0609828508467742
-0.0950170871832132
-0.127637081782251
-0.158950100754191
-0.189085396325564
-0.218190354210258
-0.246426320789486
-0.273964182477945
-0.300979774080995
-0.32764919613392
-0.354144123103644
-0.380627184890255
-0.407247503276504
-0.434136462845545
-0.461403792449646
-0.4891340286155
-0.517383426385424
-0.546177376107822
-0.575508376712258
-0.605334607158009
-0.63557912816797
-0.666129736202383
-0.696839481048813
-0.727527847573349
-0.757982591264655
-0.787962206381231
-0.817198994955592
-0.845402694786565
-0.872264615025479
-0.897462219187979
-0.920664087543393
-0.941535183977486
-0.959742346705689
-0.974959917728741
-0.986875422748305
-0.995195211453416
-0.999649967685102
-1
-0.996040225575751
-0.987604764200937
-0.974571064218064
-0.956863488666557
-0.934456297410996
-0.90737596962653
-0.875702820520538
-0.839571876454397
-0.799172983536158
-0.754750136118678
-0.706600023284842
-0.655069803154149
-0.600554126522488
-0.543491442769954
-0.484359631963661
-0.423671017473537
-0.361966823047857
-0.299811147011585
-0.237784533918385
-0.176477230485682
-0.116482217868755
-0.058388116201009
-0.00277205978041539
0.0498073577244693
0.0988169691604845
0.143755653938957
0.184160598726796
0.219613110065969
0.24974389634474
0.274237743920227
0.29283752069752
0.305347449978889
0.311635607765249
