-1
-0.986666694234341
-0.960187206877468
-0.920932973999335
-0.869454162308378
-0.80647140484397
-0.732864980834706
-0.649661606247266
-0.558019038266733
-0.459208730502124
-0.354596805578975
-0.2456236375002
-0.133782357328142
-0.0205966120371561
0.0924020824444696
0.203697047113036
0.311808857313243
0.415317129237886
0.51288134325032
0.603260387140294
0.685330522691504
0.758101503790929
0.820730603354153
0.872534339120738
0.91299772437417
0.94178090829711
0.958723111378436
0.96384380340612
0.957341114450065
0.939587512190972
0.911122821313854
0.87264470179655
0.824996742143081
0.7691543603281
0.706208738860544
0.637349050419693
0.563843256499404
0.487017783015058
0.408236393551866
0.328878592607176
0.250317897627694
0.173900319771397
0.100923389123637
0.0326160506412483
-0.0298802574561504
-0.0855290505457722
-0.133414501377691
-0.172755160566541
-0.202915485449411
-0.223415004022396
-0.233934978384094
-0.234322471886109
-0.224591765388699
-0.204923109992784
-0.175658845704729
-0.137296957023864
-0.0904821767702678
-0.0359947879573511
0.0252626904445699
0.0922807149766338
0.163959578011952
0.239127643034892
0.316560659858752
0.395001848348767
0.473182427771854
0.549842262590137
0.62375029444466
0.693724434248424
0.758650597650593
0.817500581491466
0.869348498006133
0.913385507143942
0.9489326150707
0.975451338266135
0.992552067118514
1
0.997718557888183
0.985790230058094
0.964454842560272
0.934105282468386
0.895280751568276
0.848657662622338
0.795038328952212
0.735337633242032
0.670567893616368
0.601822173682217
0.530256307889694
0.457069933871558
0.383486839047186
0.310734939476066
0.240026214552164
0.172536921557183
0.109388409333829
0.0516288404783769
0.00021611664454646
-0.0439977179636631
-0.0802803437409459
-0.108031080221906
-0.126790656249177
-0.13624867854885
