1
0.993691981727807
0.981114513204407
0.96234453508887
0.937496969825135
0.906724135171205
0.870214961958066
0.828194016000288
0.780920324258607
0.728686005657975
0.671814707410717
0.610659848298071
0.545602671135171
0.477050107590717
0.405432459655019
0.331200903345776
0.254824821702242
0.176788975732665
0.0975905237300705
0.0177359012357781
-0.062262424117188
-0.141889306637161
-0.220630367202361
-0.297975508176493
-0.373422476323481
-0.446480449541213
-0.516673621469745
-0.583544756433093
-0.64665868578548
-0.70560571559105
-0.760004914706885
-0.809507251796208
-0.853798549601519
-0.892602224981908
-0.925681783785486
-0.952843040602233
-0.973936034834057
-0.988856616330873
-0.997547676070866
-1
-0.996252727173889
-0.986393396740997
-0.970557572040304
-0.948928034122985
-0.921733541304525
-0.889247155863789
-0.851784143676838
-0.809699457349315
-0.763384818232538
-0.713265417512391
-0.659796261282852
-0.603458189092333
-0.544753599816187
-0.484201922798948
-0.422334875963195
-0.359691555939744
-0.296813408181204
-0.234239127427665
-0.172499540755183
-0.112112526716546
-0.053578024748846
0.00262681094974049
0.0560522594958293
0.106280431054141
0.152929363872377
0.195656772846269
0.234163405052931
0.268195961496266
0.297549548672319
0.322069628439654
0.341653440016577
0.356250873663142
0.365864781674728
0.370550718643535
0.370416109457938
0.365618850127364
0.3563653531594
0.342908055792456
0.32554241581727
0.304603425920605
0.280461683373562
0.253519057387063
0.224204001494593
0.192966562829051
0.160273144074538
0.12660107714041
0.0924330701774219
0.0582515913960961
0.024533254227276
-0.00825673133499927
-0.0396699768561903
-0.0692801399722981
-0.0966878942618794
-0.121525586254677
-0.143461524876601
-0.162203852834651
-0.177503954278408
-0.18915935847819
-0.197016105167188
-0.20097054353292
