-1
-0.988494762362962
-0.965623543556806
-0.931662975809689
-0.887023332831885
-0.832242995835044
-0.767981199639945
-0.695009163391882
-0.614199733565676
-0.526515688194134
-0.432996870278037
-0.334746334849807
-0.232915707922842
-0.128689966361996
-0.0232718554009698
0.0821338349999152
0.186335912577209
0.288172123698969
0.386523977901815
0.480330849647147
0.568603162465445
0.650434475053627
0.7250123059044
0.791627552413327
0.84968238182845
0.898696494548091
0.938311684778461
0.968294649058216
0.988538019251977
0.9990596229113
1
0.991618230485899
0.974286151828171
0.948481068570318
0.914777077736959
0.873835153209326
0.826392149432686
0.773248899438854
0.715257594038414
0.653308637983965
0.588317184806895
0.521209554812921
0.452909740361547
0.384326199075926
0.316339129105066
0.249788411109401
0.185462389427914
0.124087650116904
0.0663199364726006
0.012736323542359
-0.0361712476971487
-0.0800009980257038
-0.118444844296672
-0.1512904090461
-0.178421498225843
-0.199817063961099
-0.215548692820499
-0.225776682825806
-0.230744793965488
-0.230773776979796
-0.226253803348126
-0.217635935457006
-0.20542278961808
-0.190158555738105
-0.172418545856623
-0.152798449345274
-0.131903475235055
-0.110337561880066
-0.0886928310015004
-0.0675394571529782
-0.0474161149222204
-0.0288211548920286
-0.0122046457234789
0.0020385960686673
0.0135748847357782
0.0221363676224859
0.0275244869839035
0.0296121584522662
0.0283446452415765
0.0237391292997906
0.0158830025682577
0.00493092292896002
-0.00889930003695238
-0.0253319050239176
-0.0440393624460839
-0.0646494230881853
-0.0867528997680443
-0.109912038170805
-0.133669323841886
-0.157556565767094
-0.181104093124227
-0.203849900716056
-0.225348580299727
-0.2451798794764
-0.262956736917095
-0.278332652351733
-0.291008261773022
-0.300737002500575
-0.307329768874038
-0.31065847712576
