1
0.986636559186583
0.960105464691564
0.920795277199741
0.869281350829695
0.806316979813054
0.732821810146796
0.649867697060841
0.55866222897345
0.460530174974993
0.356893145216303
0.249247781374169
0.139142817188009
0.0281553665513377
-0.082133191474315
-0.190161355261942
-0.294411295168488
-0.393431930039719
-0.485860927152984
-0.570445284168175
-0.64606017408878
-0.711725761656279
-0.7666217315798
-0.810099305034998
-0.841690560383973
-0.861114916449483
-0.86828268125474
-0.86329561521321
-0.846444504596435
-0.818203787985341
-0.779223324584954
-0.73031743802827
-0.672451411909509
-0.606725653100972
-0.53435777529654
-0.456662887617938
-0.375032401009696
-0.290911688098957
-0.205776949848371
-0.121111654409481
-0.0383829199030793
0.0409817866840712
0.115617267694156
0.184242174462092
0.245679209587319
0.298873635040002
0.34290979638969
0.37702540505108
0.400623356092424
0.413280898282989
0.414756015047895
0.404990919187929
0.384112609910357
0.352430487182964
0.310431064934054
0.258769870442148
0.198260661667975
0.129862136577995
0.0546623480266928
-0.0261389261181421
-0.111249575775391
-0.199306004871497
-0.288895098715106
-0.378576962762215
-0.466908071053072
-0.552464456373365
-0.633864573785961
-0.709791474599517
-0.779013938998196
-0.840406232273877
-0.892966171611867
-0.93583121733315
-0.968292333962679
-0.989805401974669
-1
-0.99868541905056
-0.98585381425924
-0.961680445056585
-0.926521000886899
-0.880906055777244
-0.825532740581267
-0.761253765806456
-0.689063969901249
-0.610084607063968
-0.525545624419588
-0.436766210227587
-0.345133922131916
-0.252082726910804
-0.159070300375527
-0.067554947732233
0.0210274893239488
0.10528637236146
0.183898292043289
0.255628030635327
0.319348128692036
0.374056745585767
0.418893530626653
0.453153253085557
0.476296974982994
0.487960589479416
