1
0.985908626206754
0.95792812361475
0.91645996006296
0.862098828057916
0.795623762102559
0.717986507057442
0.630297314958794
0.533808386872238
0.4298952121671
0.320036089501311
0.205790141319518
0.0887741563635382
-0.0293613877733264
-0.14695675791624
-0.262367483786115
-0.373988590293234
-0.480278177200215
-0.579779990287337
-0.671144644199652
-0.753149178413796
-0.824714653897375
-0.884921528634572
-0.933022584777954
-0.968453218216835
-0.99083894223234
-1
-0.995953025330346
-0.97890973651121
-0.949272693724677
-0.907628195548192
-0.854736433814264
-0.791519067918302
-0.719044418882887
-0.638510519503605
-0.551226289162425
-0.458591129904358
-0.362073263704213
-0.263187149148879
-0.163470328751987
-0.0644600656109924
0.0323298699930534
0.125431907182411
0.213446526663944
0.295062925581421
0.369078181932876
0.434414630090374
0.490135188031107
0.535456409922203
0.569759074169168
0.592596156358814
0.603698078077386
0.602975165705054
0.590517297297211
0.566590759866624
0.531632383082313
0.486241057914044
0.431166789408741
0.367297470950495
0.295643602433582
0.21732120622183
0.133533222090629
0.0455496851281108
-0.0453129915389532
-0.137713294602301
-0.230306107044137
-0.321764079334045
-0.410798535010774
-0.496179579260043
-0.576755093297205
-0.651468316569375
-0.719373742688251
-0.779651083201337
-0.831617085346577
-0.874735025294696
-0.908621736493675
-0.933052072976928
-0.947960749234119
-0.953441540801333
-0.949743872424037
-0.937266862798863
-0.916550935835477
-0.88826714744471
-0.853204413431498
-0.812254857569118
-0.766397528823014
-0.716680762504233
-0.664203481456141
-0.610095749877807
-0.555498903804583
-0.501545588424124
-0.449340033211532
-0.399938891313352
-0.354332959775721
-0.313430082259789
-0.278039516062942
-0.248858020889785
-0.226457898287945
-0.211277178442294
-0.203612115627846
