-1
-0.997381217838673
-0.992192908710299
-0.984532679841117
-0.974544699407315
-0.962417047770171
-0.948378255766501
-0.932693088564478
-0.915657646412528
-0.897593865262889
-0.878843510550677
-0.859761766184873
-0.84071052791487
-0.822051515557364
-0.804139322014218
-0.78731451852368
-0.771896935137039
-0.758179233004336
-0.746420880721413
-0.736842640802792
-0.729621664396924
-0.724887282777239
-0.72271757307537
-0.723136763347555
-0.726113528578341
-0.731560214842398
-0.739333013795466
-0.749233094190175
-0.761008681460164
-0.774358060838322
-0.788933464223141
-0.804345786327702
-0.820170061776417
-0.835951621980946
-0.851212839038078
-0.865460353738904
-0.878192676227987
-0.888908041045925
-0.897112393343731
-0.902327380058532
-0.90409821884214
-0.902001318560289
-0.89565152822192
-0.884708896213821
-0.868884828633941
-0.847947544233847
-0.821726733865696
-0.790117344223263
-0.753082418887379
-0.710654944029466
-0.662938661370115
-0.610107826895699
-0.552405910156316
-0.490143245447422
-0.423693662556439
-0.353490140776632
-0.280019545300552
-0.203816519660492
-0.125456621352385
-0.0455487999477372
0.0352726723292505
0.11635669857721
0.197044157572166
0.276676875067686
0.35460663136704
0.430204069329948
0.502867367913222
0.572030549373411
0.637171293339088
0.697818138017404
0.753556957729473
0.804036616638102
0.848973710778274
0.888156324139082
0.92144673936757
0.948783059442786
0.970179713160101
0.985726834217356
0.995588520844315
1
0.999263736914404
0.993744546912109
0.98386378177452
0.970092677136556
0.952944960351106
0.932968829688257
0.910738425487792
0.886844921799614
0.861887373003237
0.836463453799754
0.811160232755441
0.78654511921538
0.763157120901681
0.741498544900762
0.72202726809684
0.705149694525345
0.691214506731192
0.680507306181763
0.673246224287559
0.669578570831935
