0.749625876249832
0.753273107654971
0.760473446491995
0.771040247691956
0.784697525252614
0.801084658903765
0.819762552105232
0.840221143004254
0.86188814832741
0.884138900423396
0.906307120118916
0.927696452977346
0.947592584196992
0.965275737947553
0.980033360569311
0.991172783850468
0.998033664605313
1
0.996511524463731
0.987074303481083
0.971270351938061
0.948766119796045
0.919319705457179
0.882786676985875
0.839124403052989
0.788394818731145
0.730765575726186
0.666509551896802
0.596002720595006
0.519720406051035
0.438231976323846
0.352194049845337
0.262342314917893
0.169482083314443
0.0744777190357706
-0.0217588990110235
-0.118280706414298
-0.214118388219878
-0.308293723321607
-0.39983313559729
-0.487781245718159
-0.571214217386609
-0.649252694801324
-0.721074134362425
-0.785924342914043
-0.843128047031176
-0.892098332799736
-0.932344812978066
-0.963480398090702
-0.985226569581652
-0.997417076305832
-1
-0.993038160565906
-0.976707857623156
-0.951295970445445
-0.917195463679111
-0.874899370761168
-0.824993350321245
-0.76814693270253
-0.705103593729471
-0.636669810672546
-0.563703270735184
-0.487100415075958
-0.407783511183948
-0.326687453195699
-0.244746493375431
-0.162881108422504
-0.0819852015182864
-0.00291383512572962
0.0735283193943859
0.146597641141617
0.215621168369837
0.280005013931097
0.339241464146089
0.392914658944147
0.440704773848566
0.482390648321711
0.517850829748943
0.547063027538187
0.57010199704401
0.58713589789172
0.59842119538517
0.604296196650378
0.605173334633169
0.601530332694
0.593900400017606
0.582861623104086
0.569025730994935
0.553026421418232
0.535507441562907
0.517110620611608
0.498464051423491
0.480170615860512
0.462797042242035
0.446863674390535
0.432835119841467
0.421111930224043
0.412023449810138
0.405821949048051
0.402678138852987
