0.892402931875353
0.894234670467612
0.897843041610771
0.903118916852987
0.909901293498966
0.91798046944321
0.927102188658126
0.936972684121969
0.947264528994431
0.957623192365627
0.967674183161717
0.977030655003295
0.985301336165061
0.992098642426239
0.997046826642428
0.999790017383426
1
0.997383596996422
0.991689510544569
0.98271449828917
0.970308764132968
0.95438045828902
0.934899195344699
0.911898515166761
0.885477228930237
0.855799611093917
0.823094417470941
0.787652729339869
0.749824643485878
0.7100148478263
0.6686771415338
0.62630797700547
0.583439118330074
0.54062952678905
0.498456598121533
0.457506888547745
0.41836647666685
0.381611116146507
0.347796339460216
0.317447675702613
0.29105114565993
0.269044194813183
0.25180721982735
0.239655836395534
0.232834026168587
0.231508288053513
0.235762904591303
0.245596417644782
0.260919389488913
0.281553505877142
0.307232057058236
0.337601811357828
0.372226274150692
0.410590303174799
0.452106029521346
0.496120012618232
0.541921537442644
0.588751943373124
0.63581485682603
0.68228718439647
0.727330709892404
0.770104127634456
0.809775335879285
0.845533808359598
0.876602858826504
0.902251613195233
0.921806506454671
0.934662126882345
0.940291238242611
0.938253821427696
0.928204990277632
0.909901651895923
0.88320779943623
0.848098344811842
0.804661419785358
0.753099096117376
0.693726498556786
0.626969308093095
0.553359676705699
0.473530598474281
0.388208804998835
0.298206275264301
0.204410471033289
0.107773428238855
0.00929985237833764
-0.0899656186926026
-0.188951808139309
-0.286574862822043
-0.381752390673725
-0.473417673343189
-0.560533752762936
-0.6421071913786
-0.717201309826955
-0.784948712815636
-0.844562923741911
-0.895348961047387
-0.936712704257989
-0.968168914882517
-0.989347796583063
-1
