-0.0438259279665533
-0.0518264509873634
-0.0676979235802659
-0.0911831400461942
-0.121901115379073
-0.159352791500797
-0.20292851023445
-0.251917139694654
-0.305516715750139
-0.362846437318576
-0.422959833838664
-0.484858905642603
-0.547509023392848
-0.609854361472558
-0.670833632400268
-0.729395885093637
-0.784516129196301
-0.835210550711778
-0.880551090807919
-0.919679169758385
-0.951818351413572
-0.976285760130798
-0.992502081482697
-1
-0.998430951347651
-0.987570092304826
-0.967319419315647
-0.937708994772239
-0.89889626914446
-0.851163516132368
-0.794913426738524
-0.730662936093767
-0.659035383591417
-0.580751131979821
-0.496616794146643
-0.407513237047317
-0.31438255026906
-0.218214181807563
-0.120030455539435
-0.0208716934230125
0.0782188294704773
0.176209867473408
0.27209689680701
0.364916296020533
0.453758801357468
0.537782036283622
0.616221929745813
0.688402855887462
0.753746348635728
0.811778267462768
0.862134315345686
0.90456383611291
0.93893184555414
0.965219278456788
0.983521461675714
0.994044851005513
0.997102096571369
0.993105527263962
0.982559169013205
0.966049434047245
0.944234638370947
0.91783352221226
0.887612962857256
0.854375080902567
0.818943949323832
0.782152119768706
0.744827182064537
0.707778571070121
0.67178482973882
0.637581528691235
0.605850030866711
0.577207275130877
0.552196735304702
0.531280691235426
0.51483392657545
0.503138944229101
0.496382765353436
0.494655351763383
0.49794966501335
0.506163348734765
0.519101994430559
0.536483925286276
0.557946408063671
0.58305318018752
0.611303158086056
0.642140174034603
0.674963572479268
0.709139483340143
0.744012579323537
0.778918116973856
0.813194057180347
0.846193060181568
0.877294152787062
0.905913871513115
0.931516694506908
0.953624587358178
0.9718255029686
0.985780693319492
0.995230710959487
1
