1
0.994447921071677
0.98337692134757
0.966853087834099
0.944974979589694
0.917872946718193
0.885708230214515
0.848671849321316
0.806983284628505
0.760888966660433
0.710660581137181
0.656593203455826
0.599003276204727
0.538226444689115
0.47461526650062
0.408536812098663
0.340370174180425
0.270503904291867
0.199333395669304
0.127258231694762
0.0546795195949354
-0.0180027708894449
-0.0903924441912701
-0.162099671495036
-0.232743520095212
-0.301954400930906
-0.369376416344496
-0.434669590905612
-0.49751196907196
-0.557601564518673
-0.614658147150532
-0.66842485510792
-0.718669620478107
-0.765186398917857
-0.80779619496987
-0.846347876502017
-0.880718773401581
-0.910815057403216
-0.936571901704875
-0.957953420815933
-0.974952392871253
-0.98758976841898
-0.99591397143316
-1
-0.999948335763678
-0.995883672779778
-0.987953477897571
-0.976326396163122
-0.961190515991035
-0.942751509981743
-0.921230668252921
-0.896862841998244
-0.869894315675977
-0.840580626756691
-0.809184352318144
-0.775972881961936
-0.741216196538357
-0.705184672001859
-0.668146927380579
-0.630367735331495
-0.592106013072173
-0.553612910636205
-0.515130012399535
-0.476887666677733
-0.439103456910064
-0.401980826536612
-0.365707868152644
-0.330456285904042
-0.296380538384087
-0.263617167521371
-0.232284317127891
-0.20248144292312
-0.174289213981751
-0.14776960368825
-0.122966166438478
-0.0999044945256296
-0.0785928479024637
-0.0590229478415559
-0.0411709239369322
-0.0249984024196139
-0.0104537224114004
0.00252673447090901
0.0140171168121617
0.0241005949517443
0.0328677886834299
0.0404151489517328
0.046843311770963
0.0522554427834636
0.0567555908753685
0.060447069081532
0.0634308806375836
0.0658042074802636
0.0676589777627012
0.0690805280465154
0.0701463747668414
0.0709251083503486
0.0714754220124985
0.0718452857825964
0.0720712747187247
0.0721780585957694
