0.463163072422646
0.461895936847477
0.459387820114607
0.45569065432185
0.450881400881466
0.44506094067121
0.438352617744483
0.430900456329364
0.42286707526016
0.414431328064297
0.405785700615731
0.397133501513156
0.388685883102861
0.380658733305132
0.373269480089803
0.366733851559209
0.361262635121918
0.357058479172827
0.35431278003797
0.353202695707093
0.353888326083538
0.356510097156738
0.361186383682693
0.368011401683813
0.377053398399741
0.388353163288476
0.401922879350651
0.41774532949116
0.435773467906295
0.455930361658057
0.478109502738023
0.502175486098832
0.527965044408631
0.555288425727334
0.583931095975045
0.613655744020332
0.644204563512451
0.675301782265072
0.70665640711124
0.737965149725596
0.768915496978366
0.799188887967093
0.828463958979686
0.856419817281402
0.8827393047865
0.907112213362445
0.929238414703201
0.948830869373875
0.965618481740452
0.979348770018522
0.9897903235609
0.99673502270846
1
0.999429325220869
0.994895400609634
0.986300056479023
0.973575341483031
0.9566840057182
0.935619678726665
0.910406748216916
0.881099948883498
0.84778367404105
0.81057102584764
0.769602622638694
0.725045184292988
0.677089918579398
0.625950733066602
0.571862298403959
0.515077989592928
0.455867732264168
0.394515780961933
0.331318456027129
0.266581864881911
0.200619632376549
0.133750663392892
0.0662969591424951
-0.00141849341035227
-0.0690737417882585
-0.136349783073999
-0.202932361491484
-0.26851363874408
-0.332793729960767
-0.395482100680062
-0.456298822814306
-0.514975689939748
-0.571257194510547
-0.624901371660522
-0.675680516102737
-0.723381780235528
-0.76780766289173
-0.808776399207812
-0.846122262829795
-0.879695792106935
-0.909363952052209
-0.935010243676266
-0.956534771839916
-0.973854282036412
-0.986902175530316
-0.995628511071378
-1
