-0.984841407848108
-0.977420999346846
-0.962689229393129
-0.940862584546582
-0.912261799778236
-0.877307131398659
-0.836512164492138
-0.790476247154759
-0.739875664252286
-0.685453682121284
-0.628009612350746
-0.56838705724946
-0.507461511608512
-0.446127504729002
-0.385285473262942
-0.325828559113996
-0.26862952741207
-0.214527997404442
-0.164318174034017
-0.118737260084653
-0.0784547181895801
-0.0440625388882779
-0.0160666554845929
0.00512037105537888
0.0191852932513696
0.0259186612240672
0.0252177887232454
0.017088162890186
0.00164328295001903
-0.0208970634552711
-0.050210054286096
-0.0858745627473871
-0.127377286021438
-0.174120176006413
-0.225429055982682
-0.280563289981567
-0.338726356584743
-0.39907716615991
-0.460741950325609
-0.522826544881674
-0.584428882646928
-0.644651510674132
-0.702613947181883
-0.757464697227878
-0.808392752577897
-0.854638410287869
-0.895503256059668
-0.930359172264153
-0.958656246421722
-0.979929473634374
-0.99380416568973
-1
-0.998333662872768
-0.988720063498684
-0.971172117139045
-0.945799117957636
-0.912803743423147
-0.872477752877374
-0.825196462400509
-0.771412096207804
-0.711646131205145
-0.646480765766291
-0.576549656055178
-0.502528073121784
-0.425122641406429
-0.345060824092312
-0.263080322888319
-0.179918559285106
-0.0963024011313943
-0.0129382925903817
0.0694970627342546
0.150365326320752
0.229074330479313
0.305084953607102
0.377916969613332
0.44715379398395
0.512446067881436
0.573514041411247
0.630148737408509
0.682211897476747
0.729634732212781
0.772415517250894
0.810616095636491
0.844357364790584
0.873813842666568
0.899207422368694
0.920800437263935
0.938888169273853
0.95379094141346
0.965845941620316
0.975398928398945
0.982795969743652
0.988375365189017
0.992459896705576
0.995349547583049
0.997314819539507
0.998590767214439
0.999371856134403
0.999807735401913
1
