-0.687696852738637
-0.691436398340726
-0.698832591737364
-0.709721100334802
-0.723859058373958
-0.740929358704407
-0.760546263028441
-0.782262236861689
-0.805575894911918
-0.829940923893392
-0.854775833275635
-0.879474370382979
-0.903416424846118
-0.925979238847474
-0.946548734040928
-0.964530763557748
-0.979362098178879
-0.990520959553192
-0.997536920215375
-1
-0.997568801105785
-0.989977539336955
-0.977041846694812
-0.958663240231886
-0.934832173598816
-0.905629610666635
-0.871227084627219
-0.831885230677064
-0.787950805377376
-0.739852230654617
-0.688093724758708
-0.633248105937531
-0.575948376736014
-0.516878217325812
-0.456761534782838
-0.396351231450978
-0.33641736919363
-0.277734917212573
-0.221071279022595
-0.167173798973434
-0.116757450320459
-0.0704929052251198
-0.0289951822300115
0.00718694123302255
0.0375805747640032
0.0617972566980132
0.0795402454934355
0.0906104336644771
0.0949107781877623
0.0924491641710936
0.0833396428630144
0.0678020104253678
0.046159719890583
0.0188361449726291
-0.0136507595180869
-0.0506953304020825
-0.0916125072249395
-0.135647463792572
-0.181986420812374
-0.229768480978791
-0.278098310909839
-0.326059480077415
-0.372728255511828
-0.417187642787754
-0.458541458754883
-0.495928219751591
-0.528534630672076
-0.55560846523206
-0.576470636028562
-0.590526264397318
-0.597274574469236
-0.596317453000029
-0.587366536236175
-0.57024870698708
-0.54490990886399
-0.511417209957094
-0.469959074664986
-0.420843829558696
-0.364496336637009
-0.301452914686508
-0.232354576275376
-0.157938673768963
-0.0790290722557687
0.00347500996598149
0.0886113320236135
0.175367952658808
0.262697348853483
0.349531123174988
0.434795082667302
0.517424465955828
0.596379092470142
0.670658208369135
0.739314807870246
0.801469216179726
0.856321730982826
0.903164133319115
0.941389895429044
0.970502932557988
0.990124767447705
1
