0.625871279618605
0.614574926485926
0.59214212449502
0.558890318251072
0.515289800839115
0.461956765581026
0.399644207286632
0.32923081161693
0.251708001763384
0.168165339614473
0.0797745034970492
-0.0122279139388926
-0.106558526408427
-0.201905918292651
-0.296949768162774
-0.390380042098708
-0.480915966799204
-0.56732449637592
-0.64843799502412
-0.723170870334691
-0.790534908656236
-0.84965308436907
-0.899771638873062
-0.940270252142147
-0.970670159435861
-0.990640097716528
-1
-0.998722390741844
-0.986931470885383
-0.964899916819249
-0.933043452655527
-0.891913289398357
-0.842186557196716
-0.784654887458258
-0.720211329670537
-0.649835812898518
-0.57457938371649
-0.495547470454807
-0.413882437821268
-0.330745705979956
-0.247299713888634
-0.164690008028878
-0.0840277345994129
-0.00637280583983979
0.0672820004654582
0.136025764893716
0.199042749700023
0.255624120407688
0.305177890490922
0.347236942596178
0.381465010595007
0.407660539335755
0.425758372747427
0.435829255411563
0.438077167312568
0.432834545657741
0.420555480887016
0.401807005746637
0.377258626082469
0.347670269351008
0.31387885132238
0.276783682678745
0.237330954864299
0.196497558347698
0.155274496203276
0.114650161458004
0.075593747907192
0.0390390610623348
0.00586898861585139
-0.0230991215863277
-0.0471269433933692
-0.0655673003436485
-0.0778747484903444
-0.0836144481105713
-0.0824691863115186
-0.074244442653943
-0.0588714216823825
-0.0364080091734532
-0.00703764246171634
0.0289338811593798
0.0710836007730686
0.118878503508398
0.171684431415116
0.228776634670102
0.28935179593035
0.352541327189776
0.417425720264636
0.483049715344905
0.548438039170162
0.612611455520705
0.674602865995983
0.733473198555131
0.788326825022972
0.838326256656357
0.882705878791191
0.920784501356014
0.951976521389098
0.975801516320508
0.991892112314438
1
