1
0.993876506956186
0.98171529619138
0.963686538862538
0.940042065246797
0.911111314972724
0.877296039566866
0.83906384283861
0.796940663409522
0.751502320805678
0.703365261698591
0.653176655858573
0.60160400196512
0.549324411431702
0.497013743717451
0.445335769129277
0.394931534822374
0.346409106588024
0.300333853122596
0.25721943089314
0.21751961658767
0.181621120638076
0.149837499644158
0.122404267956763
0.0994752894754449
0.0811205101864776
0.0673250704370778
0.0579898137540655
0.052933186523533
0.0518945004111695
0.0545385073789744
0.0604612158952731
0.0691968567815511
0.0802258884146787
0.092983914007452
0.106871368697575
0.12126382142742
0.135522726300867
0.1490064504273
0.161081400333139
0.171133066921328
0.17857680972746
0.182868204850668
0.183512787375722
0.18007502825279
0.172186397323127
0.159552378291285
0.141958317728162
0.119274008390403
0.091456926975648
0.0585540675889986
0.0207023343414896
-0.0218725207120993
-0.0688584050202455
-0.119860806104346
-0.174408070448155
-0.231957964165976
-0.291905418317821
-0.353591342623738
-0.416312373992708
-0.479331411000979
-0.541888772475436
-0.603213807868752
-0.662536779324579
-0.719100830351053
-0.772173853933284
-0.821060073759234
-0.865111156000924
-0.903736675731173
-0.936413771466521
-0.96269583336771
-0.982220085116287
-0.994713936197707
-1
-0.997999693494407
-0.988735355984896
-0.972330847160279
-0.949010608102209
-0.919097192630176
-0.883007300031053
-0.841246363456511
-0.794401770713866
-0.743134815473803
-0.688171496738498
-0.630292302445363
-0.570321129041993
-0.509113502505927
-0.447544277383713
-0.386494998812008
-0.326841118025687
-0.269439254465335
-0.21511469722552
-0.164649335239259
-0.118770199322398
-0.0781387900993966
-0.0433413540386104
-0.0148802555216798
0.00683342372129325
0.0214859451054046
0.0288655412797778
