1
0.988513707531793
0.965703067314006
0.93188946739107
0.887548775742237
0.833303993059437
0.769915637398296
0.698270012116099
0.619365541827723
0.534297391509366
0.444240610879875
0.350432069364137
0.254151465926087
0.15670171255058
0.0593889999245945
-0.0364971412353293
-0.129703469818338
-0.219032046533261
-0.303358330196801
-0.381648074186917
-0.452972758233467
-0.516523313983226
-0.571621929857842
-0.61773175119303
-0.654464325023858
-0.681584674636752
-0.699013926578645
-0.706829451603598
-0.705262520433949
-0.694693514593677
-0.675644771313419
-0.648771178996734
-0.614848675382681
-0.574760833776596
-0.52948375302308
-0.480069493782952
-0.427628326723347
-0.373310077072066
-0.318284864324833
-0.263723545499493
-0.210778175051371
-0.160562794323273
-0.114134858204202
-0.0724775965938964
-0.0364835934735299
-0.00693984709900342
0.0154854486343707
0.0302541888885857
0.0369675265394263
0.0353727762569922
0.0253679414111794
0.0070037889432415
-0.0195165637075626
-0.0538405459928117
-0.0954714728215961
-0.143776242315719
-0.197995273183404
-0.257254526426092
-0.32057942280811
-0.386910437191901
-0.455120123952648
-0.524031304662209
-0.592436130438847
-0.65911571709569
-0.722860041714726
-0.782487784677588
-0.836865801574636
-0.884927914787054
-0.925692724810944
-0.958280156409009
-0.981926474200348
-0.995997526027431
-1
-0.993590512076761
-0.97658237492164
-0.948949935030369
-0.910830403195884
-0.862523142669147
-0.804486419258
-0.737331657463295
-0.661815285951701
-0.578828293591546
-0.48938365333445
-0.3946018048438
-0.295694417421245
-0.193946681981572
-0.0906984041451687
0.0126758104121387
0.114786972691157
0.214252413781549
0.309716454745772
0.399870722971655
0.483473800206268
0.559369897629654
0.626506268245482
0.683949086323774
0.730897547324602
0.766695969290182
0.790843707684485
0.803002729599073
