-0.239013838634015
-0.231648820687189
-0.217064262598313
-0.195548612460126
-0.167528314833214
-0.133560452385787
-0.0943231239891109
-0.0506037175475408
-0.00328527057482797
0.0466688568499223
0.0982317441133231
0.150330830527374
0.201866698196978
0.251732406591771
0.298833058455862
0.342105272206352
0.380536236746318
0.413182030643608
0.439184898812736
0.45778919600997
0.468355727358299
0.470374241430174
0.463473860731828
0.447431267289431
0.422176496912789
0.387796234036629
0.344534539202706
0.292790982607781
0.233116199042947
0.166204921319086
0.0928865902430156
0.0141136787223892
-0.0690520949998167
-0.155455455250553
-0.243864916764262
-0.332991523531099
-0.421508686232664
-0.508072806937598
-0.59134436573331
-0.670009135116957
-0.742799184411248
-0.808513338278121
-0.866036760559826
-0.914359347081895
-0.952592628521788
-0.97998490671604
-0.995934374506465
-1
-0.991909990460098
-0.971567688425808
-0.93905479248438
-0.894631836781415
-0.83873590618589
-0.771975607363109
-0.695123359164551
-0.60910510803933
-0.514987614939364
-0.413963498784158
-0.307334257359118
-0.196491518974155
-0.0828968067893822
0.0319398780356339
0.146482328683671
0.259190920335814
0.368545563748909
0.473068471577458
0.571346385980629
0.662051923259556
0.743963703859661
0.815984953861342
0.877160286802172
0.926690401979016
0.963944466851687
0.988469986326824
1
0.998457489283352
0.983956919113003
0.956802882951691
0.917485864393595
0.866675173146802
0.805209156821809
0.734082832111416
0.654433118950437
0.567521898468074
0.47471714940914
0.37747244767248
0.277305139225697
0.175773517502062
0.0744533521399122
-0.0250858736629098
-0.12130465500298
-0.212716724842174
-0.297911526072034
-0.375575552605605
-0.444512233099005
-0.503660053022328
-0.552108637625806
-0.589112549468557
-0.614102589113034
-0.62669442579834
