0.119749900646341
0.121946291565783
0.126311219125846
0.132789210657633
0.141297645486592
0.151727457025744
0.163944062395945
0.177788513995136
0.193078866041812
0.209611747721795
0.22716413317466
0.245495297169999
0.264348943949241
0.28345549535194
0.302534523013865
0.321297308126875
0.339449510997602
0.356693931445127
0.372733339949804
0.387273358420064
0.400025368496122
0.410709424474422
0.419057147230121
0.424814574953021
0.42774494611078
0.427631389827464
0.424279498830052
0.417519760283979
0.407209820223174
0.393236557890762
0.375517947151919
0.354004683226184
0.328681554316336
0.299568539285052
0.266721614346632
0.23023325379318
0.190232612053898
0.146885376879945
0.100393286139962
0.0509933035835473
-0.00104354804078155
-0.055413694965789
-0.111782856672875
-0.169788218300044
-0.229040919670295
-0.289128846043899
-0.349619702356231
-0.410064349433936
-0.470000377525189
-0.528955889474052
-0.586453463053221
-0.642014259382034
-0.695162242034105
-0.745428469416178
-0.792355421309108
-0.835501319132774
-0.874444398554988
-0.908787092532447
-0.938160082767124
-0.962226177897454
-0.980683977528539
-0.993271282442371
-0.999768213015516
-1
-0.993839414380107
-0.981208805984546
-0.962081723886056
-0.936484095329513
-0.904494943960952
-0.866246632444667
-0.821924619110865
-0.771766723025382
-0.716061896765828
-0.655148511172685
-0.589412161364589
-0.519283008308412
-0.445232675160099
-0.367770722384676
-0.287440730267688
-0.204816021790714
-0.120495062908199
-0.0350965809820738
0.0507455545419537
0.136387642238806
0.22118160018913
0.304480507526306
0.385644183338114
0.464044749378485
0.539072122772768
0.610139385201398
0.67668797592266
0.738192657440007
0.794166204620593
0.844163770610435
0.887786885942518
0.92468705076542
0.954568884094559
0.977192798362909
0.992377172275462
1
