1
0.99515744524143
0.985515272580627
0.971158949329978
0.9522156644052
0.92885312487584
0.901277969602877
0.869733815357143
0.834498954366345
0.795883725600923
0.754227585246134
0.709895904688369
0.663276526939037
0.614776114704245
0.564816325260371
0.513829848896171
0.462256348916136
0.410538342056482
0.359117058637277
0.30842832185873
0.258898485347515
0.210940467375176
0.164949919113964
0.121301562878559
0.0803457345412779
0.0424051622232902
0.00777201097786584
-0.0232947794804317
-0.0505718398560272
-0.0738733781434366
-0.0930528305804368
-0.108004142434281
-0.118662667946149
-0.12500568241156
-0.127052503068811
-0.124864219167005
-0.118543035253737
-0.108231235324526
-0.094109778977153
-0.0763965440814021
-0.0553442336769194
-0.0312379678200709
-0.00439258388782193
0.0248503286113508
0.0561256303942008
0.0890480416116957
0.123215725905374
0.158214015929738
0.193619245904763
0.229002656035854
0.263934333242001
0.297987152565825
0.33074068389783
0.361785029224464
0.390724556495865
0.417181497391747
0.4407993777277
0.461246250971842
0.478217707313557
0.491439632920627
0.500670696415356
0.505704542169724
0.506371672738847
0.502541005594564
0.494121092260028
0.481060990954473
0.463350786907799
0.441021757570108
0.414146182995517
0.382836804696509
0.347245939219917
0.307564255564581
0.264019228321072
0.216873281044806
0.166421636855393
0.112989895569751
0.0569313588078222
-0.00137587355632662
-0.0615320105012472
-0.123118853922195
-0.185703231777254
-0.248840551400731
-0.312078443269724
-0.374960464953186
-0.437029834659919
-0.49783316373189
-0.556924157599269
-0.613867255119576
-0.668241176859178
-0.719642353734028
-0.767688208498979
-0.812020263851456
-0.852307052384315
-0.888246805272145
-0.919569898391771
-0.946041036546996
-0.967461158574732
-0.983669048338907
-0.994542638953506
-1
