-0.222000350712221
-0.21424454144964
-0.198830227829986
-0.175950821704021
-0.145893461503779
-0.109035480373523
-0.0658397686105308
-0.016849090515961
0.037320570785772
0.0959875545535922
0.158412852390451
0.223809119753027
0.291350253338612
0.360181411789203
0.429429351932818
0.498212949295721
0.56565376990746
0.63088656049878
0.693069526050685
0.751394267256054
0.805095255743347
0.853458731801876
0.89583091773405
0.93162544971553
0.960329942024385
0.981511609543428
0.99482188737024
1
0.996875446681279
0.985369383983135
0.965494901148941
0.937356198244684
0.9011466912363
0.857146081757738
0.805716442273464
0.747297379422434
0.682400349395586
0.6116022091026
0.535538095501154
0.45489373268854
0.370397272107857
0.282810775438307
0.1929214523836
0.101532766629863
0.00945552272404804
-0.0825009554421842
-0.173537447414962
-0.262873158070848
-0.349753642754301
-0.433458247290648
-0.513306983075866
-0.588666766945135
-0.658956965796681
-0.723654196830094
-0.782296345577185
-0.834485775482361
-0.879891714451407
-0.918251815356944
-0.949372898794575
-0.973130897261538
-0.989470030224924
-0.998401249115803
-1
-0.994403359421751
-0.981806605596891
-0.962459292669544
-0.936660900082182
-0.904756132205162
-0.867129945210827
-0.82420237876175
-0.776423269435832
-0.724266920975359
-0.668226803483915
-0.608810349682895
-0.546533911372653
-0.481917933430392
-0.415482396138522
-0.347742569503641
-0.279205115635792
-0.210364567353554
-0.141700203108798
-0.0736733302322047
-0.00672498053074932
0.0587259854389173
0.122284376409513
0.18357978853672
0.242267367572474
0.298028244456247
0.350569678321027
0.399624944645771
0.444953009085853
0.486338029343479
0.523588728285054
0.556537681374656
0.585040560392307
0.60897537338097
0.628241737871991
0.642760220745938
0.65247177367964
0.657337288108885
