1
0.999571538458624
0.998715903622846
0.997435592897559
0.995734156482926
0.993615967335573
0.991085922766651
0.988149084607154
0.984810266359998
0.981073577091239
0.976941932964154
0.972416548267722
0.967496418516451
0.962177808686765
0.956453759895523
0.950313627812065
0.943742665824486
0.936721665455849
0.929226665753638
0.921228742366913
0.912693885795739
0.903582976865669
0.893851865869211
0.88345156005246
0.872328522237334
0.860425081389498
0.847679953902304
0.834028872302527
0.819405316029524
0.803741336931384
0.786968470194621
0.769018719612201
0.74982560443072
0.729325253531822
0.707457531423329
0.68416717946674
0.659404954970978
0.633128750254821
0.605304673535421
0.575908073546257
0.544924490128871
0.512350513677827
0.478194537242163
0.442477386288719
0.405232812598295
0.366507840475384
0.326362955382682
0.284872127235608
0.242122662879043
0.198214884684784
0.153261634717992
0.107387606486263
0.0607285088667349
0.0134300693651233
-0.0343531136442291
-0.0824588576555241
-0.130718807452174
-0.178959954842286
-0.227006248476397
-0.274680273893027
-0.321804982585507
-0.36820544782489
-0.413710624228027
-0.458155087642034
-0.501380731836296
-0.543238398755824
-0.583589419695034
-0.622307045693241
-0.659277746721942
-0.694402360813567
-0.727597076151345
-0.75879423127539
-0.787942920931741
-0.815009397666059
-0.839977262005728
-0.86284743694428
-0.883637925399131
-0.902383352314954
-0.919134296086947
-0.933956416936797
-0.946929392745859
-0.958145675592452
-0.967709084812405
-0.975733254765653
-0.982339957611208
-0.987657323236087
-0.991817980022624
-0.994957141349268
-0.997210663583382
-0.998713101826828
-0.999595789807491
-0.999984970069095
-1
-0.999751658266686
-0.999340574892496
-0.998855806565108
-0.998373576790266
-0.997956198262276
-0.997651192325549
-0.997490617691646
