1
0.988432410193952
0.965438374809418
0.931298256360879
0.886427811619765
0.831372524780536
0.766800179714007
0.693491778578635
0.612330937834033
0.524291914513917
0.4304264351429
0.331849516633267
0.229724482623384
0.125247389811346
0.0196310867346952
-0.0859108679627746
-0.190180199515152
-0.2920095971663
-0.390277859844428
-0.483924295520293
-0.571962174243427
-0.653491049624289
-0.727707780992272
-0.793916108338342
-0.851534654138777
-0.900103249913865
-0.939287510537276
-0.968881605492566
-0.988809203073026
-0.9991225905317
-1
-0.991741196200347
-0.974761407185948
-0.949583703171138
-0.916829950613115
-0.877210488743031
-0.831512693426541
-0.780588608304079
-0.725341835403366
-0.666713886659646
-0.605670203898478
-0.543186057756029
-0.48023253570681
-0.417762825862966
-0.356698996576074
-0.29791946223384
-0.242247313167746
-0.190439672484931
-0.143178225159044
-0.101061045147409
-0.0645958249631636
-0.0341945893651501
-0.0101699509994057
0.00726705868648114
0.0180075747433954
0.0220439164361179
0.0194670778072206
0.0104627548954923
-0.00469400443316903
-0.0256454214942785
-0.0519587533705219
-0.0831350632575042
-0.118618838603551
-0.157808289543123
-0.200066151368365
-0.244730808928008
-0.291127557960658
-0.338579818486169
-0.386420118471952
-0.434000671990964
-0.480703384878772
-0.525949132318333
-0.569206166631552
-0.609997529596454
-0.647907361564386
-0.68258601921957
-0.713753934675726
-0.741204170393973
-0.764803646772013
-0.784493041827872
-0.800285384811756
-0.812263387460296
-0.820575577602307
-0.825431319593398
-0.827094824278842
-0.825878267566947
-0.822134150976421
-0.816247049473955
-0.80862490135406
-0.799690001685488
-0.789869864854824
-0.779588122920892
-0.769255624842995
-0.759261897197644
-0.749967119833969
-0.741694760163953
-0.734724997608355
-0.729289055331122
-0.725564540038362
-0.723671872569231
