-0.911654562344192
-0.905924475285225
-0.894534876909323
-0.877625790089236
-0.855404446218478
-0.828141973524686
-0.796169066935816
-0.759870710945562
-0.719680042576345
-0.67607145576936
-0.629553061108839
-0.580658625505595
-0.52993912514688
-0.477954051522192
-0.425262614549591
-0.372414988683066
-0.319943747345056
-0.268355628104988
-0.218123765758398
-0.169680522933875
-0.123411038185256
-0.0796475998675106
-0.0386649406324464
-0.000676532329672797
0.0341680552992834
0.0657846862272049
0.0941550524248478
0.119325921990178
0.141407251286162
0.160569190141016
0.177038027645299
0.191091143849395
0.203051049432853
0.213278610908975
0.222165572889144
0.23012650113078
0.237590280327128
0.244991308694049
0.252760537230149
0.261316504969293
0.271056522544411
0.282348154912464
0.295521150166372
0.310859955033414
0.328596949022571
0.348906518364172
0.371900078047858
0.397622135605859
0.426047474034092
0.457079513646147
0.490549893989209
0.526219297509169
0.563779516740222
0.602856746726694
0.643016064479587
0.683767037843866
0.724570387515047
0.764845608393746
0.803979440287236
0.841335063419779
0.876261881535641
0.908105744779104
0.936219456191013
0.959973399713384
0.978766124147193
0.992034716629394
0.999264800909618
1
0.99385070958843
0.980502037851425
0.959720778844999
0.931361300321278
0.89537024241229
0.851789940907058
0.800760507563278
0.742520519757133
0.677406292481937
0.605849726942319
0.528374751430231
0.445592391483007
0.358194527183769
0.26694641554867
0.172678074942872
0.0762746460830466
-0.0213341398557181
-0.11918524145562
-0.216294179091786
-0.31166733266915
-0.40431449179213
-0.493261480530796
-0.577562677036522
-0.656313249041876
-0.72866092974723
-0.793817164702679
-0.851067468950305
-0.899780844770986
-0.939418123717414
-0.969539112011035
-0.989808435604142
-1
