-0.126069026188327
-0.13134032830175
-0.14182223432859
-0.157393970121632
-0.177875923667834
-0.203031486219563
-0.232569477481051
-0.266147129845452
-0.303373600938617
-0.343813978318988
-0.386993735166672
-0.432403591222131
-0.479504729154203
-0.527734312991008
-0.576511252271855
-0.625242153203649
-0.67332739635426
-0.720167279303914
-0.765168162212458
-0.807748554446787
-0.847345081242864
-0.883418270837707
-0.915458104578404
-0.942989275171248
-0.965576101441536
-0.982827051694817
-0.994398831959507
-1
-0.999394070965912
-0.992402085830493
-0.978904619310418
-0.958843209688951
-0.932221198822197
-0.899103976530844
-0.859618629504231
-0.813953000707739
-0.762354171027746
-0.70512638045228
-0.642628411414577
-0.575270461968968
-0.503510541175636
-0.427850423399354
-0.348831202138442
-0.267028487460301
-0.18304729410107
-0.0975166697666406
-0.0110841151340514
0.0755901515145381
0.161839031193399
0.246994428451172
0.33039312890467
0.411382616700644
0.489326779706948
0.563611451878871
0.633649744339369
0.698887119223238
0.758806163231134
0.812931021083016
0.860831452612519
0.902126481062819
0.936487604187668
0.963641543984842
0.9833725152489
0.995523997581803
1
0.996765811782419
0.985848237674274
0.967335319957414
0.941375554181876
0.908176609490744
0.868003568429347
0.821176704881349
0.768068822292318
0.709102177603527
0.644745019305333
0.575507770714709
0.501938891972497
0.424620456333156
0.344163478076879
0.261203030807535
0.17639319600934
0.0904018825227464
0.00390555807010062
-0.0824160658788737
-0.167885354754121
-0.251832036330955
-0.333598410973637
-0.412544447655262
-0.488052727963236
-0.55953320176717
-0.626427719914304
-0.688214311210534
-0.744411173026216
-0.794580347118686
-0.838331054671172
-0.875322667094109
-0.905267291803485
-0.927931954965654
-0.943140366063252
-0.950774252076892
