-1
-0.998908016856784
-0.996694417940775
-0.993300608655639
-0.988640362009815
-0.982601783782096
-0.975049878790042
-0.965829673161649
-0.954769837645756
-0.941686748038108
-0.926388910896498
-0.908681676001389
-0.888372151600311
-0.865274234446556
-0.8392136640743
-0.810033009688604
-0.777596498511012
-0.741794596405976
-0.702548255091964
-0.659812745161289
-0.613581000418612
-0.563886406601527
-0.510804976248891
-0.45445686119589
-0.395007164745023
-0.332666026820775
-0.267687967182648
-0.200370483857962
-0.131051916167919
-0.0601085938611778
0.0120486942577887
0.0849788674054375
0.15821530003401
0.231271083672499
0.30364472892196
0.37482622530694
0.44430337012207
0.511568272224608
0.57612393299905
0.63749080452491
0.695213224355486
0.748865627280857
0.798058436994634
0.842443544677743
0.881719287096139
0.915634843801079
0.943993981316419
0.966658081672152
0.983548403152982
0.994647532514279
1
0.999712041091413
0.993950501826323
0.982940897554997
0.966964647937767
0.946355523637788
0.921495352321918
0.892809043061794
0.860758998844344
0.825838996488011
0.788567621664888
0.749481353815476
0.709127401397235
0.668056392038442
0.626815024706294
0.585938791898742
0.545944879114691
0.507325346454113
0.470540693181273
0.436013900508821
0.404125040810452
0.375206533050928
0.349539114561578
0.327348588533743
0.308803394915998
0.294013039962193
0.283027406677189
0.275836955045412
0.272373807409876
0.272513700904437
0.276078775637959
0.282841154589793
0.292527259098914
0.30482279260143
0.319378315067334
0.335815321565852
0.353732730690174
0.372713682316702
0.392332539459202
0.412161985878381
0.431780109671647
0.450777363319415
0.46876329260063
0.485372930382309
0.500272756481358
0.513166131512338
0.523798120769333
0.531959633618631
0.537490814456463
0.540283632849794
