0.76553572818152
0.751745778691342
0.724380471591715
0.683865676672871
0.630831965209762
0.566104873313708
0.4906921564045
0.405768232895154
0.312656058833206
0.212806715115596
0.107777024366194
-0.0007944549179002
-0.111212684258917
-0.221752259172794
-0.330683976124814
-0.436301440546925
-0.5369473036071
-0.631038721463484
-0.717091643113656
-0.79374355146568
-0.859774306620029
-0.914124770175794
-0.955912924191259
-0.984447237690209
-0.999237076694133
-1
-0.98666583158755
-0.959377450865569
-0.918488293164151
-0.864556604147116
-0.798336542352408
-0.720766273077479
-0.6329532435446
-0.536156872977621
-0.431768931214535
-0.321291915145671
-0.206315763050058
-0.0884932723242599
0.0304853942349383
0.148918714823206
0.265119921581805
0.377442813026391
0.484306864279815
0.584221245141602
0.67580737383209
0.757819657868855
0.829164102589893
0.888914501868978
0.93632596403326
0.970845568281502
0.992119992343638
1
0.994541726635041
0.976004751453439
0.944846995540474
0.901716534806841
0.847440465235737
0.783011003986229
0.709569053076667
0.628385491897792
0.540840500067892
0.448401242590201
0.352598274430702
0.255001041111418
0.157192865408973
0.0607458175543205
-0.0328041326613421
-0.1219812887663
-0.205393343877344
-0.281753076299771
-0.349898283680032
-0.408809643579924
-0.457626221896581
-0.495658388479179
-0.522397940986055
-0.537525282820223
-0.540913548163969
-0.532629615953862
-0.512932004320213
-0.482265686770883
-0.441253920438525
-0.390687224255334
-0.331509690216284
-0.264802853223322
-0.191767383698834
-0.113702901604848
-0.0319862401604694
0.0519514880541734
0.136648651168061
0.220637300012466
0.302467421114179
0.380730849336518
0.454084454632869
0.52127222934537
0.581145920407142
0.632683874402368
0.675007792327277
0.707397124614935
0.729300874999704
0.740346623497148
