0.737980219938883
0.740375865801778
0.745125162021166
0.752144780211788
0.761311373782902
0.772463523662829
0.785404284002137
0.799904287200753
0.815705358670925
0.832524583605922
0.85005876080375
0.867989172411373
0.885986593406879
0.903716460805575
0.920844120022628
0.9370400645908
0.951985085537197
0.965375248166664
0.976926616759042
0.986379651719561
0.993503208962524
0.998098077675143
1
0.999082124473899
0.995256854135944
0.988477059924374
0.978736640165542
0.966070417457461
0.950553374897235
0.932299244226793
0.911458468905233
0.888215575192012
0.862785993882352
0.835412384221463
0.806360519595245
0.775914801722386
0.744373476141474
0.712043626698967
0.679236030419768
0.646259956521612
0.613417994377777
0.581000994921281
0.549283208320701
0.518517697767461
0.488932104942392
0.460724837241492
0.434061740222285
0.409073311086434
0.385852500460799
0.364453140412407
0.344889026679324
0.327133672676092
0.311120742103606
0.296745156128649
0.28386486026959
0.272303225503719
0.261852047866739
0.252275101109099
0.243312187961591
0.234683627387946
0.226095107995819
0.217242831655458
0.20781886643631
0.197516624296246
0.186036376606567
0.173090719608346
0.158409902290341
0.141746930952468
0.122882367846503
0.101628745721206
0.07783452577517
0.0513875333511904
0.0222178135857865
-0.00970014196457791
-0.0443458370991947
-0.0816519102863782
-0.121503989922787
-0.16374127290287
-0.208157822672699
-0.25450457178193
-0.302492002990493
-0.351793472404278
-0.402049128072114
-0.452870368132086
-0.503844774095453
-0.554541447334522
-0.604516670415458
-0.653319809689476
-0.700499371609076
-0.745609122632882
-0.788214181365224
-0.827896991765353
-0.864263087854565
-0.896946563324257
-0.925615163759088
-0.949974924771181
-0.969774286108231
-0.984807619646224
-0.994918117985385
-1
