1
0.991390875512407
0.974258522635443
0.948773737328551
0.915190235662772
0.873841715832514
0.825137999405181
0.769560300973511
0.70765568638952
0.640030789949034
0.56734487012343
0.490302291576327
0.409644528148832
0.326141787156126
0.240584359637844
0.153773804091157
0.0665140726557503
-0.0203973112990009
-0.106177916703922
-0.190068804848273
-0.271342565643106
-0.349310895337735
-0.423331627728119
-0.492815138803479
-0.557230053683447
-0.616108194471067
-0.669048718143749
-0.715721404672739
-0.755869067042254
-0.789309066568399
-0.815933928728946
-0.8357110664424
-0.848681629215033
-0.854958507649887
-0.854723533331164
-0.848223923919883
-0.835768032292464
-0.817720466606666
-0.794496655187827
-0.766556936007501
-0.734400255208997
-0.698557562570633
-0.659584993957454
-0.618056931684412
-0.574559033306566
-0.529681317691186
-0.484011394357869
-0.438127918057791
-0.392594345480622
-0.34795306492049
-0.304719962807192
-0.26337948333354
-0.224380229111579
-0.188131142004731
-0.154998294149349
-0.125302309841603
-0.0993164295677936
-0.0772652181410256
-0.0593239098137576
-0.0456183744974463
-0.0362256809629929
-0.0311752252350173
-0.0304503854338029
-0.0339906581529872
-0.0416942261665222
-0.053420902897657
-0.0689953957023612
-0.0882108276498815
-0.110832456137346
-0.136601526350139
-0.165239198255225
-0.19645048745491
-0.229928162782687
-0.265356546925581
-0.302415170530892
-0.340782235109822
-0.380137845486959
-0.420166978455569
-0.460562160570651
-0.501025834527013
-0.541272400208308
-0.581029923135114
-0.620041509567575
-0.658066353816533
-0.69488046927832
-0.730277120231091
-0.764066976423664
-0.796078016869817
-0.826155212963405
-0.854160023996193
-0.879969740349518
-0.903476711015007
-0.924587492666453
-0.943221957257103
-0.959312394071589
-0.972802640351404
-0.983647272083309
-0.991810883349869
-0.997267478861387
-1
