0.441084099997842
0.443006832050342
0.446839850889032
0.452558333720917
0.46012521538713
0.469491390308211
0.480595980259262
0.493366666703176
0.507720086093941
0.523562286247389
0.540789241564255
0.559287424580932
0.57893443101776
0.599599655194362
0.62114501238775
0.643425704423347
0.666291024513477
0.689585197094273
0.713148248162545
0.736816901381235
0.760425495008147
0.783806914510254
0.806793535557571
0.829218171949152
0.850915022911589
0.871720614130244
0.891474726827537
0.910021309193281
0.927209364501335
0.942893810316397
0.956936303306066
0.969206024327456
0.979580418655213
0.987945886459096
0.994198418923979
0.998244175732576
1
0.999393867157751
0.996365264730501
0.990865500429259
0.982857936495847
0.972318148772119
0.959234009528825
0.943605693668585
0.925445608510002
0.90477824796003
0.881639972483554
0.85607871687679
0.828153628438417
0.797934638703235
0.765501972451309
0.730945598225041
0.694364625071443
0.655866650671431
0.615567066416845
0.573588325344294
0.530059179128261
0.485113890570358
0.438891428193873
0.391534649660204
0.343189480764424
0.294004096740021
0.244128112507335
0.193711788336813
0.142905257168168
0.0918577795318827
0.0407170316630672
-0.0103715680169048
-0.0612654893439497
-0.11182567359015
-0.161917065748337
-0.211409092889785
-0.26017608618953
-0.308097644863708
-0.355058940928537
-0.400950964363267
-0.445670708931682
-0.489121299580643
-0.531212062981596
-0.571858543404408
-0.61098246670453
-0.648511655757356
-0.684379901180955
-0.718526791643809
-0.750897508452431
-0.781442589449672
-0.810117667524194
-0.836883189231639
-0.861704119156019
-0.884549635694344
-0.905392823927802
-0.924210371149348
-0.940982270451569
-0.955691537542388
-0.968323945652712
-0.978867783033387
-0.987313637113693
-0.993654208915528
-0.997884160792683
-1
