-1
-0.988623689755742
-0.966030201337847
-0.932535395732475
-0.888607093645316
-0.834858013914172
-0.77203652856629
-0.701015377242975
-0.622778515174769
-0.538406297635569
-0.449059229385677
-0.355960529633858
-0.260377781164804
-0.163603946209661
-0.0669380411680749
0.0283342327262508
0.120959605343608
0.209735807011931
0.293529306919372
0.371291949436325
0.442076234670872
0.505049010945914
0.559503371854619
0.604868578720377
0.640717860215486
0.66677397409352
0.6829124509428
0.68916247602452
0.685705402052241
0.672870922623549
0.651130972352941
0.621091455009333
0.583481934581205
0.539143455652694
0.489014688284575
0.434116618306631
0.375536026143127
0.314408015666814
0.251897868825626
0.189182511691556
0.127431882993117
0.0677904970319754
0.011359489143477
-0.0408205763954367
-0.0877858687434829
-0.128664172701519
-0.162688261009427
-0.189207551286354
-0.207697869646663
-0.217769173254377
-0.219171116580594
-0.21179638038652
-0.195681717927284
-0.171006708997954
-0.13809024865277
-0.0973848331503738
-0.0494687403489977
0.00496376514969099
0.0651140408509803
0.130092299598684
0.198932252265848
0.270606923116489
0.344045382968349
0.418150131269955
0.491814848470456
0.563942234756397
0.633461650434421
0.699346276959948
0.760629525784952
0.816420434688378
0.865917807857693
0.908422876441736
0.943350280265044
0.970237198498185
0.988750486884287
0.998691711153087
1
0.992752675931573
0.977163657824588
0.953579664648992
0.922474284899137
0.884440010306355
0.840178364828785
0.790488290217587
0.736252977161883
0.67842535567963
0.618012479657641
0.556059057915882
0.493630397603165
0.431795034912116
0.371607332887147
0.314090326415988
0.260219090340422
0.210904898063197
0.166980425203731
0.129186235970984
0.0981587692478612
0.0744200172482128
0.0583690624000475
0.0502756082610754
