-1
-0.99010448420097
-0.970428883358769
-0.941202447627037
-0.902765047841349
-0.855562437078637
-0.800140043028216
-0.737135383534107
-0.66726921807794
-0.591335566655715
-0.510190744175108
-0.424741572908826
-0.335932947465143
-0.244734935998804
-0.152129607845061
-0.059097781321156
0.0333941139476646
0.124406868161559
0.213040829177128
0.298447568356157
0.379840706532458
0.456505745505046
0.527808766091736
0.593203871475692
0.652239274071618
0.704561945123765
0.74992076839773
0.788168162297801
0.819260158174691
0.843254946121909
0.860309922828767
0.870677298705072
0.874698343168087
0.872796367353621
0.86546856226821
0.853276827252269
0.836837738319102
0.816811818250248
0.79389228007987
0.768793422646346
0.742238861126981
0.714949776845162
0.687633369136393
0.660971687713759
0.635611016862074
0.612151973033972
0.591140465182433
0.573059652643109
0.558323018812011
0.547268660516925
0.540154873148875
0.53715709062011
0.538366217382189
0.543788367418666
0.553346002675277
0.566880441161336
0.584155683299664
0.604863484359242
0.628629581300191
0.655020964399406
0.683554067886759
0.713703739756461
0.744912839142395
0.776602300339985
0.808181495860509
0.83905872691532
0.868651668502422
0.896397597817449
0.921763239002515
0.944254064203193
0.963422900407362
0.978877703430943
0.990288374497994
0.997392510905033
1
0.99799638485635
0.991344950271975
0.980087498743626
0.964343807521016
0.944309779385431
0.920254321079165
0.892515003992846
0.861492581466425
0.827644455560124
0.791477203108579
0.753538286014378
0.714407083825052
0.674685397462839
0.634987581367837
0.595930467140586
0.558123244939054
0.522157469349433
0.488597354205629
0.45797051591791
0.430759317368623
0.407392954465617
0.388240415174918
0.373604426482991
0.363716488499098
0.358733077063143
