-0.0256020734876478
-0.027030150208092
-0.0298570295958038
-0.0340247872404136
-0.0394480840701134
-0.0460159908574133
-0.0535943672535059
-0.0620287505727816
-0.0711476998292502
-0.0807665317539696
-0.0906913778511005
-0.100723485115677
-0.110663677953742
-0.120316895207744
-0.129496714065572
-0.138029772063371
-0.145759999397598
-0.152552576331198
-0.158297534576682
-0.162912927103818
-0.166347497765171
-0.168582790348979
-0.169634646024063
-0.169554048484252
-0.168427287261373
-0.166375421472918
-0.16355303850812
-0.160146314630872
-0.156370396981148
-0.152466138777881
-0.148696231456969
-0.14534078881437
-0.142692448771094
-0.141051067950468
-0.140718092689551
-0.141990697244669
-0.145155785664214
-0.150483957981391
-0.158223543940447
-0.168594808353182
-0.18178443135588
-0.197940364295447
-0.217167157740463
-0.239521852238574
-0.26501051500338
-0.293585496815088
-0.325143473186926
-0.359524322433691
-0.396510880849712
-0.435829601948729
-0.477152132839738
-0.520097806524859
-0.564237034429661
-0.609095569040085
-0.654159592351201
-0.698881572157336
-0.742686815250226
-0.784980634552328
-0.825156036293621
-0.862601823723789
-0.896711005700197
-0.926889391946627
-0.952564251955391
-0.973192911497601
-0.988271159576688
-0.997341339444183
-1
-0.995904988498693
-0.984781871925137
-0.966429582606526
-0.940725193483049
-0.907627739832157
-0.867181016971551
-0.819515297373109
-0.76484792550383
-0.703482764354525
-0.635808483793551
-0.562295697353122
-0.483492970575751
-0.400021740372048
-0.312570200724216
-0.221886225273238
-0.128769411622195
-0.0340623453562221
0.0613588063797128
0.156594251572908
0.250730951471035
0.342853284456144
0.432053855032514
0.517444304349742
0.598165977782271
0.673400306253845
0.742378761219993
0.804392248462974
0.858799813040898
0.905036536765792
0.9426205203367
0.971158854570005
0.990352498872934
1
