1
0.993810429737304
0.981497003068299
0.963190358275857
0.939084489432163
0.909434418858428
0.874553140786916
0.834807875716767
0.790615683796874
0.742438493745496
0.690777611215795
0.636167777038864
0.579170851333388
0.520369203990232
0.46035889546214
0.399742734070397
0.339123297155142
0.279096003333936
0.22024232190109
0.163123203021431
0.108272808886302
0.0561926214617685
0.00734599693902238
-0.0378467694215999
-0.0790128115831403
-0.115830445609108
-0.148032267071522
-0.175407561891838
-0.197804008800435
-0.215128661079612
-0.22734820479542
-0.23448850019099
-0.236633422176296
-0.233923024778711
-0.226551062893501
-0.214761912579366
-0.198846938376672
-0.179140362591191
-0.156014697102326
-0.129875802953372
-0.101157646708181
-0.0703168252740478
-0.0378269325706195
-0.00417284206040702
0.0301550212451522
0.0646663471071722
0.0988764749071236
0.132311730543384
0.164514503086579
0.19504800387961
0.22350065644568
0.249490071850784
0.272666570952526
0.292716222145061
0.309363370666706
0.322372643155862
0.331550418805477
0.336745766060406
0.337850851212952
0.334800832371332
0.327573259001911
0.316187003484786
0.300700756788721
0.281211125391119
0.257850370878699
0.230783837214043
0.200207113404626
0.166342981239773
0.129438198856765
0.0897601711626248
0.0475935575894322
0.00323686632743447
-0.0430009178967424
-0.0908036281968321
-0.139851091153021
-0.189822146730459
-0.24039747995553
-0.29126223662398
-0.342108400418086
-0.39263691411176
-0.442559532945711
-0.491600403661869
-0.539497368001532
-0.586002994602273
-0.630885348086514
-0.673928508638103
-0.714932859437521
-0.753715162906136
-0.79010844973892
-0.823961747138143
-0.855139674463512
-0.883521935665002
-0.909002738352872
-0.931490169187421
-0.950905554452805
-0.967182833240842
-0.980267968649163
-0.990118419841109
-0.996702694779622
-1
