-0.736359971278521
-0.734942213596462
-0.732081251800334
-0.727726991170689
-0.721806268935576
-0.71422518477125
-0.704872134536462
-0.693621485833066
-0.6803378206987
-0.664880658776014
-0.647109563882491
-0.626889528214826
-0.60409652162239
-0.578623088604161
-0.550383873017154
-0.519320949990757
-0.485408846242646
-0.448659133873044
-0.40912448872281
-0.366902112428757
-0.322136427273204
-0.275020964647359
-0.225799381242711
-0.174765551736056
-0.122262702503282
-0.0686815675249309
-0.0144575648573396
0.0399329904505505
0.093977603607265
0.147133196896433
0.19883251884038
0.24849128274188
0.295515937040553
0.339311956732754
0.379292533560857
0.414887532990968
0.445552578350394
0.470778117038492
0.490098320573711
0.503099669475605
0.509429075645502
0.508801399006239
0.501006221653681
0.485913751585211
0.463479739089744
0.43374930196009
0.396859570637587
0.353041081004924
0.302617860561798
0.246006172880548
0.183711905255647
0.116326605026273
0.0445221908479412
-0.0309556141060359
-0.109295059744851
-0.189627270644448
-0.271036166299313
-0.352569277576375
-0.433249321386262
-0.512086381954854
-0.588090535562646
-0.660284746420043
-0.727717854628104
-0.78947747306418
-0.844702608618928
-0.892595824543023
-0.932434764744352
-0.963582867673419
-0.985499106867824
-0.997746607177241
-1
-0.992051397335936
-0.973814882868304
-0.945329438369809
-0.906760245197041
-0.858398323183557
-0.800658492536554
-0.734075668043977
-0.659299518658702
-0.577087548991984
-0.488296682070063
-0.393873444544247
-0.294842876067323
-0.192296303447823
-0.0873781371810401
0.0187281372278847
0.12481458831647
0.229663893436433
0.332064617511497
0.430826509835625
0.524795611688191
0.612868969229651
0.694008750777858
0.767255575092428
0.831740867610498
0.886698074537955
0.931472580122734
0.965530190100774
0.988464063957013
1
