1
0.987677908821251
0.963193589944477
0.926864466886706
0.879160950930497
0.820699668731421
0.752234591540104
0.67464619924511
0.588928841868583
0.496176488076905
0.397567074291643
0.294345688734609
0.187806841898919
0.079276088244927
-0.0299087268248397
-0.138416315591996
-0.244940612327141
-0.348218976817114
-0.447049668335569
-0.540308333041091
-0.62696326344915
-0.706089207937707
-0.77687953090729
-0.838656549869786
-0.890879903984766
-0.93315283895735
-0.965226325283841
-0.987000960082139
-0.998526636656987
-1
-0.991759740084372
-0.974279807564436
-0.948160667826299
-0.914118738775898
-0.872974184843918
-0.825637264019221
-0.77309344592405
-0.716387536694836
-0.656607060466211
-0.594865157365607
-0.532283263965968
-0.469973844033083
-0.409023435125161
-0.350476270204183
-0.295318723014223
-0.244464811746559
-0.198742977680118
-0.158884334349173
-0.125512558690122
-0.0991355689431243
-0.0801391052592019
-0.0687822984489159
-0.065195280589735
-0.0693788587886914
-0.0812062407872064
-0.100426768810357
-0.126671586611124
-0.159461134534587
-0.198214339098871
-0.242259337500469
-0.290845554006515
-0.343156924757928
-0.398326050389035
-0.455449042331745
-0.51360081891878
-0.57185060157366
-0.629277359555018
-0.684984953925925
-0.738116737597417
-0.787869378338909
-0.833505685384702
-0.874366237465164
-0.909879630468715
-0.939571186161593
-0.963069989077217
-0.980114146417937
-0.990554195139438
-0.994354610837823
-0.991593404140206
-0.982459821511149
-0.967250198227896
-0.94636204125237
-0.920286448357277
-0.889598996689655
-0.854949258549736
-0.817049124134347
-0.776660129993115
-0.734580007671543
-0.691628679219479
-0.648633934735327
-0.606417031764151
-0.565778457101909
-0.527484088371739
-0.492251985687997
-0.460740032927565
-0.433534633764721
-0.411140649930824
-0.393972748422594
-0.382348300940546
-0.376481953073394
