1
0.999366487304644
0.998062334323522
0.996014117731712
0.993113767316295
0.98922100233132
0.984166511755068
0.977755821448629
0.96977377877378
0.959989573949898
0.948162207504313
0.934046304766182
0.917398171614051
0.897981980727907
0.875575974505061
0.849978569632179
0.821014249088713
0.788539130083006
0.752446101053274
0.712669427331588
0.669188733270037
0.622032278435996
0.571279456742548
0.517062459911376
0.459567060268275
0.399032482326938
0.335750347691675
0.270062693259723
0.202359078277734
0.133072811250536
0.0626763427603034
-0.00832411531707988
-0.0793946701530704
-0.149980441356628
-0.219512769746867
-0.287416834176588
-0.353119561068995
-0.416057705122277
-0.475685975338995
-0.531485078230397
-0.582969549779801
-0.62969524954101
-0.671266394082007
-0.707342012812547
-0.737641716976488
-0.761950682134666
-0.780123755671539
-0.792088613561207
-0.797847904634062
-0.797480335680625
-0.791140666682496
-0.77905860202551
-0.761536580469873
-0.738946483662597
-0.71172529981222
-0.680369795539762
-0.645430264613875
-0.607503437022795
-0.56722464539542
-0.525259357940604
-0.482294197630514
-0.43902757613782
-0.396160077901745
-0.354384734528012
-0.314377332437264
-0.276786897213011
-0.242226496444587
-0.211264499028037
-0.184416422927178
-0.162137495390424
-0.14481603968042
-0.132767790647625
-0.126231228138223
-0.125364002469443
-0.130240510252131
-0.14085066193115
-0.157099864804346
-0.178810227237174
-0.205722971587174
-0.237502025267829
-0.273738741691467
-0.313957685806958
-0.357623402851557
-0.404148074015318
-0.452899949201563
-0.50321243516715
-0.554393707226951
-0.605736704565623
-0.656529363144506
-0.70606493631865
-0.753652251651421
-0.79862575306072
-0.840355180345358
-0.878254743281892
-0.91179165477626
-0.940493896892922
-0.963957104827696
-0.981850466870506
-0.993921552925524
-1
