-0.152624039312694
-0.15493491305898
-0.15948660017457
-0.16614026583136
-0.174690851318881
-0.18487084703201
-0.196355225391407
-0.208767451952492
-0.221686475015088
-0.234654577705282
-0.247185962027016
-0.258775922007089
-0.26891045298391
-0.27707613648115
-0.282770135086784
-0.285510129409067
-0.284844029544408
-0.280359296565214
-0.271691715272768
-0.258533467772729
-0.240640368189472
-0.217838131871564
-0.190027567549317
-0.157188597848301
-0.119383032072255
-0.0767560349522276
-0.0295362558024683
0.021965396101512
0.0773583224406205
0.136176123969714
0.197881755522262
0.261873877107802
0.327494310888562
0.394036495775127
0.46075481499674
0.526874657542842
0.591603062072037
0.654139781941979
0.713688602590929
0.76946873772146
0.820726128679914
0.866744472129615
0.906855804575961
0.940450478468094
0.966986373382932
0.985997197059498
0.997099744622051
1
0.994497981078478
0.980491249223133
0.957977024218892
0.927052867026612
0.887915914760039
0.840860674573832
0.786275405382579
0.724637138151777
0.656505406572196
0.582514779917443
0.503366308476396
0.41981800885433
0.332674531382443
0.242776164628527
0.150987342359868
0.0581848261082063
-0.0347542583988087
-0.126964350327541
-0.217603168195962
-0.30586303280521
-0.390981627764201
-0.472252035400274
-0.54903189705017
-0.620751560280913
-0.686921091289258
-0.747136048326842
-0.801081931222291
-0.848537242621368
-0.889375118121287
-0.923563504699006
-0.951163889378354
-0.972328602595003
-0.987296742849312
-0.996388790638846
-1
-0.998592674943118
-0.992687455341159
-0.982853752157573
-0.969699485034564
-0.953860286002446
-0.935988341245913
-0.916741048345579
-0.896769669116951
-0.876708158051579
-0.857162343428066
-0.838699632449887
-0.821839403371662
-0.807044236627281
-0.794712123643328
-0.785169776518416
-0.778667144316227
-0.775373222630207
