0.450848633127851
0.448428738874274
0.443646524694644
0.436616111579314
0.427506128666189
0.416536697234569
0.403975486580639
0.390132906371352
0.375356514265724
0.360024730526037
0.344539962808972
0.329321254144616
0.314796575121991
0.301394887374235
0.289538109496678
0.279633118470732
0.272063919473261
0.26718411462596
0.265309796817506
0.266712988281028
0.271615735231536
0.280184959693446
0.292528157837224
0.308690020882145
0.328650040118446
0.352321142085424
0.379549383657491
0.410114719995215
0.443732841278652
0.480058057125689
0.518687190878171
0.55916442977857
0.600987061716344
0.643612014939809
0.686463104133566
0.7289388747605
0.770420927744682
0.810282598584608
0.847897858963546
0.882650304962879
0.913942094150535
0.941202694141237
0.963897307706357
0.98153484411192
0.993675313014188
0.999936525840913
1
0.993615973324119
0.980607449692231
0.960873211555774
0.934389750907787
0.901212086820141
0.861473454777974
0.815383870393461
0.763227587411355
0.705359486954585
0.642200451432435
0.574231792187856
0.50198881454864
0.426053617240248
0.347047234907313
0.265621242590807
0.182448949259767
0.0982163137704239
0.0136127208227628
-0.0706782434613227
-0.153987876835579
-0.2356711698955
-0.31511520593963
-0.391747025455547
-0.465040837429959
-0.534524469986591
-0.599784964832657
-0.660473233456488
-0.716307707754382
-0.767076933542397
-0.812641071981019
-0.852932291047334
-0.887954046561639
-0.917779269640821
-0.942547494536484
-0.962460977353456
-0.977779871874314
-0.988816543390937
-0.995929114834519
-0.999514351390704
-1
-0.997836708515198
-0.993489655685972
-0.987430027466063
-0.98012647732294
-0.972036708239819
-0.963599311935718
-0.955225996525647
-0.947294327468173
-0.940141098302566
-0.934056437494305
-0.929278745846847
-0.925990545586438
-0.924315307596164
