1
0.987382534774931
0.962311298368265
0.925111414111756
0.876264938005276
0.816404195518553
0.746303048518823
0.666866218994946
0.579116824315832
0.484182304509233
0.383278945092015
0.277695218981938
0.168774187677668
0.0578952149628413
-0.0535447443187316
-0.164150012488941
-0.272544944937612
-0.377392306975475
-0.477411011459111
-0.571392967395361
-0.658218803791771
-0.736872250529516
-0.806452978721732
-0.866187726561387
-0.915439562694187
-0.953715167271933
-0.980670040617812
-0.996111580410969
-1
-0.992447092400674
-0.973712876237199
-0.944200190868719
-0.904447337736509
-0.855118893125141
-0.796994843632347
-0.730958219300043
-0.657981420224684
-0.579111450234956
-0.495454285643587
-0.408158617945552
-0.318399216500379
-0.22736016061276
-0.136218189983188
-0.0461264182681962
0.0418013534443555
0.126505497930731
0.206994387432447
0.282356991054489
0.351774072218184
0.414527837662296
0.47000991481478
0.517727561372011
0.557308039190146
0.588501113665381
0.611179669196545
0.6253384606221
0.631091049245634
0.628664999762463
0.618395440646222
0.600717114944959
0.576155070599061
0.545314158993372
0.508867527200441
0.467544303015038
0.422116682226419
0.373386634482302
0.32217244748051
0.269295329050681
0.215566282986319
0.161773467339764
0.108670233437252
0.0569640302982857
0.00730634269215491
-0.0397161879809389
-0.0835893321114946
-0.12387742495679
-0.160228024468237
-0.192375019820872
-0.220140163130898
-0.243433023626184
-0.262249390118247
-0.276668173578049
-0.28684688651961
-0.293015799341001
-0.295470895383161
-0.294565765895805
-0.290702603035554
-0.284322463195443
-0.275894984153945
-0.265907747561946
-0.254855483036247
-0.243229311530631
-0.231506223697889
-0.220138983681283
-0.209546640278545
-0.200105815855754
-0.192142928952037
-0.185927489456061
-0.181666585841331
-0.179500662547251
