-0.626209351925753
-0.622652487537066
-0.615548437019624
-0.604916662615705
-0.590786618770558
-0.573198056464477
-0.552201414229207
-0.527858283561895
-0.500241933826217
-0.469437879394141
-0.435544469779429
-0.39867348188606
-0.358950692275574
-0.31651640657387
-0.271525922810039
-0.224149905618883
-0.174574648848562
-0.123002205190524
-0.0696503629777045
-0.0147524522579298
0.0414430353859885
0.0986730260658804
0.156660651606811
0.215116252760442
0.273738600463095
0.332216334268561
0.390229613263559
0.447451970913595
0.503552361454515
0.558197381706177
0.611053648604692
0.661790309391894
0.710081658325568
0.755609831038013
0.798067545325426
0.837160855242113
0.872611883941087
0.904161499778159
0.931571899804297
0.954629064926773
0.973145051730621
0.986960087216504
0.995944434518888
1
0.999061654942663
0.993098248352654
0.982113291084973
0.966145295577595
0.945267759853761
0.919588789076972
0.88925035274471
0.854427180516582
0.815325304617288
0.772180261660067
0.72525497152756
0.674837315550984
0.621237440573595
0.564784819502858
0.505825102583591
0.444716796803577
0.38182781352162
0.317531926541074
0.252205184402575
0.186222321609845
0.119953213812545
0.0537594216404915
-0.0120091330863024
-0.077017316648031
-0.140947718304778
-0.203503333650668
-0.264409962670481
-0.323418292570369
-0.380305639745456
-0.434877329925173
-0.486967700535761
-0.536440714566615
-0.583190180647311
-0.627139579556536
-0.668241502912087
-0.706476715251648
-0.741852856026736
-0.774402803118392
-0.804182724267632
-0.831269847224815
-0.855759983394347
-0.877764843224587
-0.89740918451535
-0.914827837142557
-0.930162649395815
-0.943559402163787
-0.955164737567535
-0.965123148327004
-0.973574073154023
-0.980649141810198
-0.986469611173319
-0.991144030754485
-0.994766172642066
-0.997413256868465
-0.999144498759586
-1
