-0.708833494900452
-0.709563636160953
-0.711026386920866
-0.713226364939706
-0.716169708006717
-0.719863149416129
-0.724312821637346
-0.729522818451259
-0.735493552281534
-0.742219949195787
-0.749689528971681
-0.757880421617124
-0.76675937471821
-0.776279807897358
-0.786379971450185
-0.796981265865756
-0.807986777414355
-0.81928008232347
-0.830724368290774
-0.842161917256912
-0.853413987554422
-0.864281126853967
-0.87454393985354
-0.883964326523735
-0.892287198068889
-0.899242668736628
-0.904548712362623
-0.907914263233874
-0.909042731656934
-0.907635895691286
-0.903398122014811
-0.89604086098445
-0.885287353789924
-0.870877483310066
-0.852572694995717
-0.83016090993083
-0.803461349257985
-0.772329187470843
-0.736659951728678
-0.696393585370454
-0.651518096209142
-0.602072713959847
-0.548150486263984
-0.489900249160144
-0.427527915442652
-0.361297033042891
-0.291528575248688
-0.218599935108351
-0.142943107597609
-0.0650420548957448
0.0145707377533659
0.0953184958118567
0.176585146769305
0.257721024838145
0.33804923314223
0.41687259639279
0.493481126680918
0.567159915581759
0.637197357421866
0.702893601452507
0.763569124925236
0.818573314790159
0.867292943019122
0.909160419459974
0.943661706694802
0.970343783620605
0.988821548386024
0.998784056868187
1
0.992322331876871
0.975691970576132
0.950140504883739
0.915791852492885
0.872862828551504
0.821662597508399
0.762590995846203
0.696135728288687
0.622868455218158
0.543439804120058
0.458573352669746
0.36905864537671
0.275743319295827
0.179524427003943
0.0813390566355554
-0.017845640899595
-0.117042898487254
-0.215257126788996
-0.311494923576943
-0.404776162453736
-0.494145022903382
-0.578680823400861
-0.65750852097139
-0.729808744119001
-0.794827231397779
-0.851883555009613
-0.900379017586539
-0.939803620636393
-0.969742014857463
-0.989878355500874
-1
