0.662024115061082
0.65762196384429
0.648886788795013
0.635955830869639
0.619032431818413
0.598383051911703
0.574333361824864
0.547263465866975
0.51760232641545
0.485821471051884
0.452428074311513
0.417957515004751
0.382965517610934
0.3480199921707
0.313692691328396
0.28055080563899
0.249148618921664
0.220019344308148
0.19366725871876
0.1705602488508
0.151122875456375
0.135730054818671
0.124701447029454
0.11829663006993
0.11671112696493
0.120073340596498
0.128442437320892
0.141807206537306
0.160085909019538
0.183127112360244
0.210711497509068
0.242554606326715
0.278310486537091
0.317576177640399
0.359896969441476
0.404772354024467
0.451662582425209
0.499995729054234
0.54917516022267
0.598587298013244
0.647609567287246
0.695618411868039
0.741997265908421
0.786144368122602
0.827480309906956
0.865455213325005
0.899555441404769
0.929309751080946
0.954294808279778
0.974139994940983
0.988531449032362
0.997215290658105
1
0.996757925861903
0.987425916807601
0.972005080084317
0.950559686503994
0.92321525201228
0.890155838618854
0.851620628511325
0.807899835360921
0.759330025900376
0.706288932680256
0.649189845377205
0.588475673046549
0.524612773215895
0.458084645664128
0.389385589104529
0.319014417800286
0.247468332418399
0.175237035231751
0.102797174189559
0.0306071934962966
-0.0408973397088546
-0.111307872055013
-0.180246413453768
-0.247368459499827
-0.312365258001224
-0.374965402383633
-0.434935746356951
-0.492081645825199
-0.546246545371945
-0.597310937577022
-0.645190733738203
-0.689835094116647
-0.73122377444375
-0.769364052981758
-0.804287308801887
-0.83604532703208
-0.864706410554265
-0.890351379943097
-0.913069544303259
-0.932954725073348
-0.950101412838203
-0.964601133768969
-0.976539097555364
-0.985991192693373
-0.993021387850717
-0.997679589877239
-1
