0.832641084824202
0.830220571482441
0.825417568661402
0.818307574401965
0.809002469364221
0.797648898897485
0.784426151713502
0.769543565272404
0.753237494688684
0.735767888127389
0.71741451719986
0.698472915703789
0.679250084115081
0.660060020471168
0.641219140641717
0.623041652430802
0.605834948475772
0.589895082497083
0.575502392119098
0.562917329246512
0.552376555880378
0.544089359339786
0.538234436180537
0.534957088741686
0.534366872285768
0.536535724218661
0.541496599977311
0.549242632960701
0.559726828458584
0.572862294013011
0.588523001140154
0.606545065954033
0.626728529076787
0.648839608395378
0.672613391829871
0.697756931404319
0.72395269464025
0.750862324697597
0.778130656830826
0.805389935659752
0.832264175513596
0.858373604719064
0.883339134181303
0.906786790950308
0.928352058661123
0.947684068757901
0.964449589221064
0.978336761063286
0.989058537083084
0.99635578219363
1
0.99979565609372
0.99558207467696
0.987234891522817
0.974667052823406
0.957829356072483
0.936710535673277
0.911336902356076
0.881771551637993
0.848113162368481
0.810494411793736
0.769080038463998
0.724064588631273
0.675669885482297
0.624142263574249
0.569749613151504
0.512778280595244
0.453529872080247
0.392318007583618
0.32946507171887
0.265299006478414
0.200150188891675
0.134348433889295
0.0682201593605529
0.0020857465644295
-0.063742875224118
-0.128964395604456
-0.193290022193747
-0.256445097889394
-0.318170427380568
-0.378223309327873
-0.436378275853831
-0.492427546057447
-0.546181205098959
-0.597467124916438
-0.646130646760581
-0.69203404940139
-0.735055830012665
-0.775089827328367
-0.81204421865048
-0.845840423642634
-0.876411948550604
-0.903703204543882
-0.927668333277432
-0.948270071546181
-0.965478685074194
-0.979270999083925
-0.989629550375861
-0.996541882271767
-1
