-1
-0.988428610313733
-0.965427630312949
-0.93127870277322
-0.886399430558144
-0.831337622763222
-0.766763754455994
-0.693461750206844
-0.612318225998497
-0.52431034646397
-0.430492474396425
-0.331981806800172
-0.229943206151083
-0.125573446793082
-0.020085104349569
0.0853096794403714
0.189415323003667
0.291068591320781
0.389153817300462
0.482617342267821
0.570480972139536
0.651854261313687
0.725945454518788
0.79207093756255
0.849663070773824
0.898276303586836
0.937591494794191
0.967418390092182
0.987696236242176
0.998492539050499
1
0.992531693328163
0.976514571229403
0.952481409271429
0.921061326689129
0.882969036616259
0.838992999231422
0.789982665966479
0.736835015131575
0.680480588377364
0.621869243216959
0.56195583929376
0.501686075185102
0.441982688306172
0.383732223006281
0.327772561362797
0.274881397657553
0.22576582129182
0.18105315422614
0.141283168224404
0.106901784573966
0.078256334908269
0.0555924366598168
0.0390525109182274
0.0286759444685336
0.0244008719486435
0.0260675287976933
0.0334231013638837
0.0461279775795227
0.0637632803477566
0.0858395465470241
0.111806397639306
0.141063033522589
0.17296936971054
0.206857629322036
0.242044195841028
0.277841530235027
0.313569956819483
0.348569126196158
0.382208970597035
0.413899976903199
0.443102615306291
0.469335776820557
0.492184090378411
0.511304009758258
0.526428581775707
0.537370829668009
0.544025709046684
0.546370617800594
0.544464465509313
0.538445331881129
0.528526767072568
0.514992809099447
0.498191814552381
0.47852921814466
0.456459353937802
0.432476486133366
0.407105209849826
0.380890392122668
0.354386830321132
0.32814880915969
0.302719738438334
0.278622051564365
0.2563475398304
0.236348289437936
0.219028377499889
0.204736469910314
0.193759448258723
0.186317175151787
0.182558487682627
