0.794677509441687
0.797405632086568
0.802796688064905
0.810721406074402
0.820988629484655
0.83334856667306
0.847497042244762
0.863080680072241
0.879702933919998
0.896930867597997
0.914302574335504
0.931335114581361
0.947532842886164
0.962395988043858
0.975429346369959
0.986150945940861
0.994100539848049
0.998847789030517
1
0.997209289692885
0.990179058661234
0.978669664712009
0.962503201746154
0.941567302737951
0.915817901305201
0.88528090290658
0.850052734100712
0.810299756235848
0.766256548124457
0.718223080404154
0.666560822106282
0.611687837161968
0.554072944897998
0.494229033750484
0.432705631210069
0.370080845187177
0.306952802353764
0.24393071741163
0.181625733520389
0.120641678187667
0.0615658807117734
0.00496019674119275
-0.0486476173198761
-0.0987720424337347
-0.144977317246952
-0.186884219644515
-0.22417599988852
-0.25660336875552
-0.283988458707665
-0.306227692080433
-0.323293507294394
-0.33523491193312
-0.342176849893946
-0.344318388424054
-0.341929749408337
-0.335348227485202
-0.324973055144501
-0.311259291630355
-0.294710827966915
-0.275872614501463
-0.255322229793143
-0.233660920268998
-0.211504248652627
-0.189472495606882
-0.168180963216333
-0.148230330798852
-0.130197213046131
-0.114625067654629
-0.102015594462701
-0.0928207607341882
-0.0874355777361698
-0.0861917422950332
-0.0893522437576495
-0.0971070219386976
-0.109569745431657
-0.126775762351764
-0.148681257433945
-0.175163630710395
-0.206023094032936
-0.240985462780788
-0.279706101500828
-0.321774964255702
-0.366722653386752
-0.414027404500974
-0.463122891013603
-0.513406728747445
-0.564249550108517
-0.615004508397558
-0.665017066019756
-0.713634915828165
-0.760217882651563
-0.804147652250484
-0.844837177513924
-0.881739616614872
-0.914356665009837
-0.942246152485013
-0.965028787775104
-0.982393946434176
-0.994104412416583
-1
