1
0.994186908311469
0.98263673721384
0.96550038759628
0.943001418650083
0.915432744724667
0.88315230939813
0.846577802292746
0.806180498636996
0.762478314816498
0.716028184963335
0.667417873825792
0.617257349582562
0.56616984678875
0.514782754166518
0.463718464413164
0.413585323557903
0.364968815652347
0.318423114758013
0.274463130358514
0.233557164567058
0.196120289943702
0.162508545531561
0.133014036042169
0.107861005165607
0.0872029389682389
0.0711207395037938
0.0596219923480985
0.0526413350288457
0.0500419165187029
0.0516179213528103
0.0570981157767647
0.0661503578775362
0.0783869991350827
0.0933710914793406
0.110623301949895
0.129629426616424
0.149848386684967
0.170720582819299
0.191676478750267
0.212145282300708
0.231563591059529
0.249383871103871
0.265082640368693
0.278168233442942
0.288188031643673
0.294735051068308
0.297453791806615
0.296045263439397
0.290271115168627
0.279956813203083
0.264993823137277
0.245340770770144
0.221023570865105
0.192134529501672
0.158830441656719
0.121329721230034
0.0799086156501574
0.0348965712300069
-0.0133291716307493
-0.0643496626783501
-0.117710904618334
-0.172930985159617
-0.229507562212499
-0.286925581306663
-0.344665101378172
-0.402209104137236
-0.459051163279324
-0.514702852817677
-0.568700778741018
-0.620613124951556
-0.670045612901674
-0.716646784382777
-0.760112528361157
-0.800189785416643
-0.836679377013818
-0.869437921300937
-0.898378812154409
-0.923472253524337
-0.944744356542183
-0.962275322077754
-0.976196746234923
-0.98668810041723
-0.993972450849422
-0.998311494598064
-1
-0.999359748809326
-0.996733085163081
-0.992476182520445
-0.986952143955342
-0.980524053513065
-0.9735480967432
-0.966366866990442
-0.959302970589375
-0.952653038827219
-0.946682247497789
-0.941619436186569
-0.93765290924341
-0.93492698888235
-0.933539378185435
