-1
-0.993868598682894
-0.981707085888547
-0.963716361310065
-0.940193601653862
-0.911527328780138
-0.878190958498774
-0.840734934265567
-0.799777572929737
-0.75599477056017
-0.710108734890953
-0.662875926780517
-0.615074406019011
-0.567490786637832
-0.520907013415289
-0.476087174427278
-0.433764564209173
-0.394629208377328
-0.359316053462595
-0.328394015344649
-0.302356066207441
-0.281610523574725
-0.266473685988505
-0.257163938562555
-0.253797428315261
-0.256385384230236
-0.264833130804981
-0.278940816842427
-0.298405853846164
-0.322827031032563
-0.351710247106319
-0.384475772987781
-0.420466935043864
-0.458960085452171
-0.499175705486052
-0.540290469079853
-0.581450078313903
-0.621782669700464
-0.660412580560916
-0.69647425851697
-0.729126094278186
-0.757563958544075
-0.781034227946104
-0.798846092472546
-0.810382947633085
-0.815112688563781
-0.812596740130188
-0.80249767659481
-0.784585306269974
-0.75874112043682
-0.724961031301461
-0.683356350480591
-0.63415298704099
-0.577688872027554
-0.514409644263362
-0.444862659553847
-0.369689411844254
-0.289616479947872
-0.205445136786062
-0.118039779290473
-0.0283153558770461
0.0627760155874528
0.154259033397654
0.245149585474633
0.334469288529219
0.421259967813425
0.504597852917633
0.583607269157028
0.657473611634159
0.725455399950642
0.786895225602216
0.841229421110115
0.887996299654014
0.926842836070619
0.957529684223363
0.979934451555591
0.994053178709233
1
0.998004988852019
0.988410220566413
0.971664112586719
0.948314129293842
0.918997963893092
0.884433333745257
0.845406547169187
0.802760018964584
0.757378928368491
0.710177226608203
0.662083211435355
0.614024892859071
0.566915377632311
0.521638499831091
0.479034921103376
0.439888916910712
0.404916054453439
0.374751954125145
0.349942309499326
0.330934321274027
0.318069678593907
0.311579197077587
