-0.171183415357831
-0.17502768907427
-0.182685351005655
-0.194094748211142
-0.20916369811552
-0.227769849359589
-0.249761170503836
-0.274956572726928
-0.303146673770768
-0.334094711223785
-0.367537613762223
-0.403187239150958
-0.440731787613175
-0.479837398592827
-0.520149937944237
-0.561296981187472
-0.602889996673347
-0.644526730324116
-0.685793791080291
-0.726269433324195
-0.765526529408733
-0.80313572204482
-0.838668742749066
-0.871701878886704
-0.901819568130102
-0.928618095461057
-0.951709364248282
-0.970724709504309
-0.985318718242274
-0.995173018985412
-1
-0.999546413791807
-0.99359682388664
-0.981976848961067
-0.964556159045637
-0.941251178826848
-0.912027454053511
-0.876901638725038
-0.835943063110037
-0.789274845708451
-0.737074516013098
-0.679574119318833
-0.617059779830607
-0.54987070388525
-0.478397611165111
-0.403080588274551
-0.324406365893333
-0.242905027827195
-0.159146167551716
-0.0737345151918201
0.0126949348067877
0.0994822578817138
0.185948351068591
0.271401051278192
0.355141563056638
0.436471133169267
0.514697904413085
0.589143876857678
0.659151901317793
0.724092627340317
0.783371326400924
0.836434510395809
0.8827762659136
0.921944226199547
0.953545105182501
0.977249721414414
0.992797444246839
1
0.998744582213458
0.988996217236564
0.970799344341631
0.9442785781318
0.909638630166566
0.867163376329585
0.817214066396252
0.760226682397337
0.696708462589417
0.627233618000418
0.552438278485412
0.473014714871395
0.389704892960074
0.303293423769816
0.214599982312972
0.124471274312574
0.0337726364622311
-0.0566206389643868
-0.145832160219261
-0.232993374973716
-0.317252492265418
-0.397783287173938
-0.473793688543627
-0.54453405194985
-0.609305023199019
-0.667464901931833
-0.718436420313669
-0.761712858282106
-0.796863424300492
-0.823537838946008
-0.841470067836401
-0.850481160256224
