1
0.995036236665045
0.985144060817238
0.970393788215728
0.950889932938851
0.92677007026291
0.898203344195225
0.865388639526642
0.828552442687207
0.787946419754324
0.743844743616753
0.696541205487855
0.646346148642241
0.593583264383666
0.538586291809199
0.481695663894676
0.423255142777339
0.363608486850862
0.303096191422075
0.242052343223289
0.180801627053531
0.119656520269024
0.0589147077984402
-0.00114325313014796
-0.0602559932418771
-0.118183095346175
-0.174706545717722
-0.229631860767542
-0.282788881838742
-0.334032235808371
-0.383241464003625
-0.430320826674822
-0.475198794838589
-0.517827245645145
-0.558180381469388
-0.596253396618148
-0.632060918832113
-0.665635255594213
-0.697024477597225
-0.726290373540658
-0.753506311697371
-0.778755044399243
-0.802126491732742
-0.823715540312484
-0.843619892025557
-0.861937996131756
-0.878767096093509
-0.894201420030102
-0.908330540787258
-0.921237928334561
-0.93299971360493
-0.943683679032072
-0.953348486987065
-0.962043153130227
-0.969806767446946
-0.976668461494628
-0.982647616220199
-0.987754300679931
-0.99198992816936
-0.995348112710732
-0.997815705604111
-0.999373988876014
-1
-0.999667960253851
-0.998350777547378
-0.996021593525056
-0.992655344232025
-0.988230303635526
-0.982729579813363
-0.97614253464453
-0.968466099345333
-0.959705960159247
-0.949877590895874
-0.939007111782033
-0.927131957188813
-0.914301338179519
-0.900576489427936
-0.886030693823575
-0.870749081947736
-0.854828207507033
-0.838375403684688
-0.821507929150591
-0.804351916096458
-0.787041136072945
-0.769715602545378
-0.752520031902703
-0.735602187104288
-0.719111130191827
-0.703195411495629
-0.688001224500555
-0.673670555988673
-0.660339361233427
-0.648135793681857
-0.637178517733441
-0.627575131920771
-0.619420728040543
-0.61279660960289
-0.607769190399121
-0.604389091075476
-0.602690448391725
