0.926864104308134
0.916730119356107
0.896618739906855
0.866840617815272
0.827855448927554
0.780264548069398
0.724801135942643
0.662318494292793
0.59377618006242
0.520224520550277
0.442787639352168
0.36264528662282
0.281013766587101
0.199126269932627
0.118212928497031
0.0394809143634478
-0.0359050949807935
-0.106841769380299
-0.172304991281712
-0.231366443759035
-0.283208651753323
-0.327138231560084
-0.362597132119616
-0.389171683683331
-0.406599304435243
-0.414772753086656
-0.413741854739092
-0.403712667801152
-0.385044100805368
-0.358242028947209
-0.323951000407426
-0.282943661378959
-0.236108065580083
-0.184433068307135
-0.128992036213966
-0.0709251315019056
-0.0114204526209468
0.048305667457883
0.107028890145172
0.163537302861118
0.216651724894731
0.26524556017905
0.308263876058831
0.344741398638208
0.373819131751681
0.394759327749464
0.406958563800017
0.409958706891385
0.403455583698393
0.387305207458293
0.361527452398848
0.326307106486407
0.281992274674517
0.229090146783049
0.168260185961986
0.100304834731913
0.0261578751955254
-0.0531293824462669
-0.136403874059795
-0.222428277745073
-0.309899963374255
-0.397471103089905
-0.483769631114552
-0.567420726844302
-0.647068485912818
-0.721397439872542
-0.789153586420068
-0.849164598680971
-0.900358893871583
-0.941783258494567
-0.972618748845671
-0.992194611679403
-1
-0.995693292645185
-0.979108863091705
-0.950261182162368
-0.909346180443805
-0.856739838591735
-0.792994016645395
-0.718829576324512
-0.635126892371155
-0.542913889666619
-0.443351781463518
-0.337718720020412
-0.227391603646647
-0.113826313144877
0.00146332457797427
0.11692752776422
0.231003172665864
0.342136684612841
0.448806859059075
0.549547264936039
0.64296788858882
0.727775687811799
0.802793741868495
0.866978704621014
0.919436293681216
0.959434578429048
0.98641486335981
1
