0.970586136800575
0.961258084663707
0.942739152246387
0.915301484421283
0.879347836808573
0.835405120335218
0.784115956599725
0.726228380077014
0.662583853078071
0.594103786603682
0.521774784364209
0.446632847891149
0.369746797509276
0.292201176699474
0.215078915855868
0.139444035488742
0.0663246684797245
-0.00330332393784594
-0.068531877146748
-0.128535137347915
-0.182582530947496
-0.230050276517451
-0.270431151589563
-0.303342354453299
-0.328531331634763
-0.345879474352136
-0.355403621453832
-0.357255341604332
-0.351718003227712
-0.339201676379906
-0.32023594572877
-0.295460747616267
-0.265615376219045
-0.231525833598714
-0.194090725463339
-0.154265928312117
-0.113048273921053
-0.0714585135199971
-0.0305238362433407
0.00873977569337581
0.0453450692634441
0.0783506356986761
0.106877339437697
0.130123792219644
0.147380618086327
0.158043273638108
0.161623210269599
0.157757190942659
0.14621460293307
0.126902639461608
0.0998692566963815
0.0653038477634953
0.0235356115740013
-0.0249703691036925
-0.0796192894036071
-0.139694937243865
-0.204370040104202
-0.272718489777469
-0.343729260817337
-0.41632181087211
-0.489362726825863
-0.56168336005242
-0.632098177457167
-0.699423542606525
-0.762496633328569
-0.82019419884444
-0.871450860820468
-0.915276668703927
-0.95077363023663
-0.977150952973925
-0.993738751746793
-1
-0.995540529467192
-0.980116912295551
-0.953642092050162
-0.916188664510917
-0.867989745287576
-0.809437398460035
-0.741078638122357
-0.663609052283364
-0.577864135467413
-0.484808451990069
-0.385522785697435
-0.28118946342568
-0.173076068065249
-0.0625177824532067
0.0491013730315584
0.160368128673181
0.269860085611743
0.376166065416889
0.477906382299857
0.573752731816314
0.662447395231599
0.742821468685133
0.813811840750931
0.874476660725071
0.924009062690918
0.961748936768661
0.987192568540572
1
