0.66821978278534
0.671730959573436
0.678682648446472
0.68893476308881
0.702280260854143
0.718448788781221
0.737111449006869
0.757886603363962
0.780346619389318
0.804025444004916
0.828426877037771
0.853033404741604
0.877315443775571
0.900740838843373
0.922784452522004
0.942937683793413
0.960717752471929
0.9756765900891
0.987409183805953
0.995561228478003
0.99983595296677
1
0.995888254121592
0.987407529298604
0.974539046294477
0.957339649677628
0.935941734995273
0.910551877871167
0.88144817824014
0.84897635426484
0.813544641344988
0.775617571687308
0.735708728827913
0.694372588978316
0.652195576813872
0.609786477078633
0.567766354914003
0.526758146935599
0.487376091627033
0.450215171475236
0.415840740366256
0.384778508064134
0.35750504912363
0.334438996399837
0.315933069517228
0.302267076392278
0.293642011352403
0.290175356781115
0.291897676800254
0.2987505715595
0.31058603955109
0.327167273333513
0.348170891477398
0.373190586794346
0.401742148334178
0.433269792595192
0.467153718235635
0.50271877864011
0.539244148301208
0.575973842420392
0.612127934681188
0.646914306038091
0.679540747796145
0.709227235389835
0.735218185224612
0.756794505795202
0.773285256071995
0.78407872883461
0.78863278416912
0.786484268626661
0.777257368417308
0.760670760294446
0.736543441243595
0.704799137463567
0.6654692141239
0.618694029682226
0.564722701808416
0.503911275833418
0.43671931075367
0.363704921805988
0.28551834211353
0.202894088528077
0.116641838207232
0.0276361423352851
-0.0631948785858786
-0.15488169756492
-0.246426228254803
-0.336815171670234
-0.425033669624975
-0.510079066780362
-0.59097458093401
-0.666782681938025
-0.736617983412396
-0.799659458158636
-0.85516179778266
-0.902465749361343
-0.941007276849652
-0.970325412100596
-0.990068679598901
-1
