0.246290031795042
0.252536729589523
0.264930165857869
0.283271894700446
0.307267906982054
0.33653296033691
0.3705962507673
0.408908340636952
0.450849239033693
0.49573751324163
0.542840294684291
0.591384029411052
0.640565812201796
0.68956513482571
0.737555873037679
0.783718333618503
0.827251182210078
0.867383074868806
0.903383821122671
0.934574913791108
0.960339270793006
0.980130046469851
0.993478384394953
1
0.99940049937162
0.991479359972707
0.976132519524514
0.953353540528403
0.923233339581736
0.885958492415895
0.841808147119894
0.791149598979166
0.734432600433837
0.672182498536793
0.604992309680888
0.533513857002336
0.458448109517073
0.380534873503567
0.300541995738536
0.219254244788147
0.137462040562224
0.0559502036994208
-0.0245131049450265
-0.103187088361024
-0.17936850112771
-0.252401169900653
-0.321684706929888
-0.386682290239091
-0.446927399338194
-0.502029412238004
-0.551677987815339
-0.595646176949534
-0.633792226008115
-0.666060056881933
-0.692478428532592
-0.713158805590803
-0.728291979610612
-0.738143507827292
-0.743048052386292
-0.743402719725503
-0.739659514844995
-0.732317038356031
-0.721911565263849
-0.709007653239544
-0.694188434544803
-0.678045749696791
-0.661170282346684
-0.644141853681752
-0.627520030976006
-0.611835198776348
-0.597580232727106
-0.585202905349976
-0.575099140387461
-0.567607217796652
-0.563003015385457
-0.561496355678781
-0.563228508171288
-0.568270877965771
-0.576624892222147
-0.588223076167919
-0.602931290963879
-0.620552086791717
-0.640829106437023
-0.663452457671592
-0.688064957164283
-0.714269134718073
-0.741634874563936
-0.769707560430621
-0.798016583311073
-0.826084065382796
-0.853433650494882
-0.879599211053631
-0.904133323026716
-0.92661536510799
-0.946659104767385
-0.9639196428409
-0.978099599346305
-0.988954436159001
-0.996296826836582
-1
