1
0.987781353183602
0.963497932303481
0.927455403306799
0.880107095917481
0.822047883315538
0.754006158252933
0.676834020032786
0.591495812169249
0.499055173863792
0.400660789336323
0.297531037229249
0.190937757493683
0.0821893651490415
-0.0273864510913887
-0.136460202236302
-0.243717999849772
-0.347878641729462
-0.447710145450028
-0.542045501833388
-0.629797432751432
-0.709971953118143
-0.781680555245563
-0.844150854637426
-0.896735559453334
-0.93891965093959
-0.970325688707239
-0.990717182438549
-1
-0.998221810603515
-0.985569590156594
-0.962365243848862
-0.929059427920813
-0.886223678050728
-0.834540975501873
-0.7747949037468
-0.707857567415902
-0.634676461829214
-0.556260494832429
-0.473665372985578
-0.387978571209795
-0.300304108699208
-0.211747354218486
-0.123400080851155
-0.0363259839110041
0.0484531337997955
0.129970317736606
0.207325382037549
0.279695636160436
0.346345279358341
0.406633346624345
0.460020113292843
0.506071890216997
0.544464166955513
0.574983086293359
0.597525259283373
0.612095955424941
0.61880572719769
0.61786555156321
0.609580592879041
0.594342711605575
0.572621860930037
0.544956528720306
0.511943394833807
0.474226383565946
0.432485297797533
0.387424225109311
0.339759906740855
0.290210257797846
0.239483221622005
0.18826613284596
0.137215752521044
0.0869491250326062
0.0380353905478341
-0.00901133124617426
-0.0537378900517299
-0.0957568115229103
-0.134749708571489
-0.170469367238206
-0.202740499949903
-0.231459181867954
-0.256591008426989
-0.278168033697522
-0.296284569530061
-0.311091944221176
-0.322792336380516
-0.331631814499876
-0.337892725195358
-0.341885583015096
-0.34394062192473
-0.344399172992387
-0.343605034333168
-0.341895998026215
-0.339595694519855
-0.337005908073144
-0.334399507172913
-0.332014121784781
-0.3300466849562
-0.328648939938306
-0.327923995913026
