1
0.988206467157532
0.964772819878331
0.930003725577297
0.884350793876157
0.828406195892339
0.762894303660411
0.688661472847672
0.606664119181144
0.51795526398262
0.423669746534893
0.325008320339989
0.223220866389365
0.119588969107021
0.0154081094641669
-0.0880302652302115
-0.189456534254371
-0.287640301313163
-0.381407146159088
-0.469654489283237
-0.551366342970928
-0.625626739388035
-0.691631646827611
-0.748699208483034
-0.796278163762611
-0.833954339823909
-0.86145513025665
-0.878651908230041
-0.885560352476735
-0.882338695734967
-0.869283936234802
-0.846826083021543
-0.815520534899913
-0.776038720117413
-0.729157149171892
-0.675745055947657
-0.616750822416321
-0.553187399086885
-0.48611694700714
-0.41663493721031
-0.345853949927429
-0.274887418564887
-0.204833562354148
-0.136759746751574
-0.0716875021934763
-0.0105784198440191
0.0456788722855221
0.0962804677649198
0.140517510674766
0.177784954424178
0.207588635293873
0.229550572604495
0.243412435652564
0.249037146530748
0.246408617197894
0.235629648226871
0.216918045079795
0.190601035097001
0.157108094213862
0.116962316339328
0.0707704799747026
0.0192119856910611
-0.0369731457682361
-0.0969970119773796
-0.160037091433088
-0.225249811560244
-0.291784200704354
-0.358795403559483
-0.42545784387168
-0.490977826089248
-0.554605378758912
-0.615645156695297
-0.673466236035893
-0.727510655945277
-0.777300582621724
-0.82244399502232
-0.86263881696641
-0.897675446586654
-0.927437661040867
-0.951901901536643
-0.971134970612915
-0.985290199831935
-0.99460217113794
-0.999380098730288
-1
-0.996895803542
-0.99054955917054
-0.981480928964081
-0.970236149426366
-0.957376662700382
-0.943467619291847
-0.929066455883367
-0.9147117495397
-0.900912543964062
-0.888138334565205
-0.876809887088258
-0.867291049652309
-0.859881700475289
-0.854811953645098
-0.852237723347162
