0.921404864404144
0.915569999519818
0.903942755411867
0.886607877674588
0.863691919939105
0.835362564964623
0.801827717560147
0.763334367988312
0.720167224473358
0.672647113600185
0.621129147779161
0.566000659585185
0.507678903676755
0.446608528171967
0.383258818807668
0.318120720931889
0.251703646367916
0.18453207442308
0.117141958771872
0.0500769545896127
-0.016115516888109
-0.0808883462975032
-0.143698933520094
-0.204013478473587
-0.261311336371729
-0.315089405689274
-0.364866514421615
-0.410187767811804
-0.450628818590219
-0.485800018991952
-0.515350412438826
-0.538971521847328
-0.556400891095957
-0.56742533629471
-0.571883864177493
-0.569670216209237
-0.560734998878815
-0.545087363142634
-0.522796199088749
-0.493990815594137
-0.458861079025238
-0.417656989850874
-0.370687681354302
-0.318319830395337
-0.260975476323228
-0.199129250607246
-0.133305026458505
-0.0640720045807872
0.00795974187757076
0.0821442331861681
0.157805022928375
0.234241068564876
0.310732983022209
0.386549611788011
0.460954874612075
0.5332148061092
0.602604725417479
0.668416461657929
0.729965559333968
0.786598386058285
0.837699064145928
0.882696147700159
0.921068967864169
0.952353570926569
0.976148176948362
0.992118090507069
1
0.999605607670406
0.990824539061639
0.973626487898056
0.948062560357861
0.914265791253232
0.872450813667865
0.822912673014837
0.766024786154759
0.702236056036705
0.632067162170027
0.556106056979259
0.475002707612203
0.389463131939419
0.300242786181529
0.208139369713319
0.113985120011526
0.018638677335254
-0.0770233955376283
-0.172115348428927
-0.265751139916053
-0.357053398073716
-0.445162347851115
-0.529244606799672
-0.608501751707923
-0.682178560715764
-0.749570838651849
-0.810032737632646
-0.86298349033182
-0.907913479712007
-0.94438957633266
-0.972059682519367
-0.990656431602779
-1
