-0.1834763012803
-0.191774725980901
-0.208210968756193
-0.232466536788505
-0.264070447563326
-0.302407213390429
-0.346727283668472
-0.396159774453563
-0.44972727747193
-0.506362506634377
-0.564926509913962
-0.624228148624702
-0.683044525104888
-0.740142023904108
-0.794297621057191
-0.844320111073569
-0.889070901961262
-0.927484034934738
-0.958585097329358
-0.981508714477379
-0.995514328621502
-1
-0.994513996605284
-0.978763974298657
-0.952623587400327
-0.916136410955205
-0.86951709894857
-0.813149747126
-0.747583474051973
-0.673525278903884
-0.591830278526701
-0.503489468763933
-0.409615195353038
-0.31142455708157
-0.210220997843336
-0.107374374164496
-0.00429981020398651
0.0975643272422801
0.196778985924199
0.291927159916508
0.38163643428645
0.464600982566645
0.539602664300925
0.605530882903886
0.661400882475552
0.706370185760241
0.739752903771249
0.761031680281476
0.76986707089673
0.766104196213523
0.749776550994702
0.721106895709412
0.680505202481523
0.628563673754229
0.566048898079546
0.493891252652774
0.413171705819485
0.325106214096187
0.231027946610691
0.132367604674863
0.0306321348964791
-0.0726178396719324
-0.175791524780146
-0.277292035348796
-0.375540679596616
-0.469001071262445
-0.556202695822256
-0.635763564017114
-0.70641159916877
-0.767004423469802
-0.816547232410974
-0.854208475383338
-0.879333093823136
-0.891453105539077
-0.890295364498244
-0.875786368718215
-0.84805403434606
-0.807426400792892
-0.754427279207416
-0.689768903874365
-0.614341692575832
-0.529201266830067
-0.43555292552166
-0.334733805092874
-0.228192995557055
-0.117469913555772
-0.00417126100967047
0.110053079820721
0.223534847194931
0.334612517830988
0.441656357765407
0.543093022608491
0.63742933023894
0.723274841393163
0.799362901667754
0.8645698218902
0.917931902261688
0.95866003869644
0.986151686863058
1
