0.829386676913949
0.827881368058249
0.824909558253311
0.820548083668283
0.814910263029516
0.808143612793042
0.800426863046879
0.791966326248238
0.782991682291847
0.77375125374562
0.764506854206657
0.755528300471854
0.747087685453028
0.739453513390913
0.732884801855978
0.727625256214623
0.723897621663111
0.721898315593328
0.721792438987699
0.723709259806949
0.72773825402269
0.733925781171829
0.742272461210057
0.752731308177839
0.765206663944062
0.779553962256031
0.795580339709365
0.813046096276927
0.831666993928158
0.851117367857846
0.871034011154317
0.891020780594763
0.910653858875349
0.929487597169606
0.947060851649558
0.962903718671091
0.976544565868781
0.987517250553075
0.995368412656513
0.999664727110792
1
0.996001994145274
0.987338872921149
0.973725156043366
0.954927087732617
0.930767325951482
0.90112887120967
0.865958164587765
0.825267296972615
0.779135284838933
0.727708382046264
0.671199411828998
0.609886118211068
0.544108551240977
0.474265515479344
0.400810125843546
0.324244528990573
0.245113861676675
0.163999529759731
0.0815119025115911
-0.00171747349401896
-0.0850440286131245
-0.167818573829319
-0.249395830712856
-0.329142961759667
-0.406447974476892
-0.480727873773136
-0.551436440336222
-0.618071517697533
-0.680181697519724
-0.737372301204432
-0.789310566072412
-0.835729955969139
-0.876433529020029
-0.911296309206832
-0.940266623248909
-0.963366379724613
-0.98069028322296
-0.99240399233155
-0.998741246197595
-1
-0.996537624701341
-0.988765240677428
-0.97714126802867
-0.962164288357169
-0.944365323360105
-0.92429964457898
-0.902538235915067
-0.879659035959667
-0.856238090707293
-0.832840748763898
-0.810013030704332
-0.788273301777655
-0.768104372740974
-0.749946147287315
-0.734188926415418
-0.721167470291522
-0.711155906823596
-0.70436356347899
-0.700931785020066
