-0.932861487049317
-0.932806832808432
-0.932706617002154
-0.932578732655618
-0.932449294341151
-0.93235178449518
-0.932325941993787
-0.932416415368726
-0.932671207894904
-0.933139946150449
-0.933872007463402
-0.93491454484636
-0.936310450523738
-0.938096300929007
-0.940300327056786
-0.94294045427528
-0.946022455129805
-0.949538257302959
-0.953464446759566
-0.95776100322634
-0.962370301581087
-0.967216408510244
-0.972204699003506
-0.977221811967187
-0.98213595853957
-0.986797590674827
-0.991040431326261
-0.994682861207797
-0.997529650750902
-0.999374019609087
-1
-0.999185074419069
-0.996703052908021
-0.992327150209392
-0.985833218870254
-0.977003090751662
-0.965627976521275
-0.951511870610835
-0.934474907850496
-0.914356617578535
-0.891019021484105
-0.864349522774813
-0.834263536458411
-0.800706813563135
-0.763657415955008
-0.723127302990236
-0.679163496502133
-0.631848796488552
-0.581302026251315
-0.527677792548259
-0.471165753448598
-0.411989393924507
-0.350404316653435
-0.286696062931252
-0.22117748588989
-0.154185705259993
-0.0860786796071814
-0.0172314381930556
0.0519679797318595
0.121122825398728
0.189832123694651
0.25769527853906
0.324316737393083
0.389310650185705
0.452305457247208
0.512948341119238
0.57090947836544
0.625886029725759
0.677605810114825
0.725830584019792
0.770358936750713
0.811028677669161
0.847718737888199
0.880350531907844
0.908888760123918
0.933341637015773
0.953760537964132
0.970239065953973
0.982911547755683
0.99195097742627
0.997566433007629
1
0.999523242439369
0.996433269097838
0.991048448353991
0.983703830553694
0.97474634111941
0.964529811199043
0.953409915218071
0.941739086269938
0.929861480823238
0.918108063728885
0.906791882981152
0.896203601143021
0.886607346824209
0.878236945149576
0.871292580840411
0.86593794142838
0.862297881320834
0.86045664003599
