0.510264870901547
0.510595359209152
0.511278327285843
0.512357101100049
0.513895040373128
0.515973620103818
0.518689932911405
0.522153662519032
0.526483589589402
0.531803700931128
0.538238981639201
0.545910976862265
0.554933215471415
0.565406591834766
0.577414804101607
0.591019947821204
0.606258362346077
0.623136824309907
0.641629177568761
0.661673482423204
0.683169758799017
0.705978388483572
0.729919230646437
0.754771492892055
0.780274387194871
0.806128586465068
0.831998483411528
0.857515239042734
0.882280593816718
0.905871400360539
0.927844823068529
0.947744136991164
0.965105046467228
0.979462433141927
0.990357433546095
0.997344738460117
1
0.997927227866396
0.990766053585527
0.978198740910024
0.95995682187205
0.935827241293669
0.905657897830821
0.869362476796172
0.826924478980327
0.778400360348015
0.723921709675895
0.663696404745181
0.598008702406276
0.527218233474192
0.451757889756586
0.372130607310861
0.288905067014147
0.202710350445704
0.114229605659884
0.0241927934067616
-0.066631400518507
-0.157444387091711
-0.24742711763855
-0.335750025616006
-0.421583333604155
-0.504107584974337
-0.582524254181933
-0.656066286243107
-0.724008414767629
-0.785677108973431
-0.840460003407944
-0.887814669617349
-0.927276596673966
-0.958466257197458
-0.981095147158245
-0.994970701172483
-1
-0.996192203327341
-0.98365965842324
-0.96261765364027
-0.93338280473639
-0.896370081324951
-0.852088500146244
-0.801135531000438
-0.744190279805362
-0.682005531064282
-0.615398748780288
-0.54524215028201
-0.47245198129548
-0.397977132696867
-0.322787249524063
-0.24786049085362
-0.174171104936538
-0.102676987437784
-0.0343073916810471
0.0300490415619421
0.0895557709668751
0.143439200593768
0.190998735624693
0.231615909222614
0.264762454401303
0.290007209195122
0.307021759438374
0.31558474087576
