1
0.990589816808188
0.97188115802368
0.944095879166319
0.907562887423149
0.862713554674155
0.810075707704114
0.750266284525257
0.683982765398962
0.6119935051549
0.535127109489721
0.454261011840916
0.370309418964951
0.284210802328905
0.1969151187179
0.109370946974208
0.0225127284686624
-0.0627517032450061
-0.145553123089199
-0.225072272594228
-0.300550412918816
-0.371298922863212
-0.436707806898393
-0.49625299515255
-0.54950233594784
-0.596120201575979
-0.635870649228599
-0.668619101028564
-0.694332529601016
-0.713078158230804
-0.725020707028187
-0.730418238323627
-0.729616675401334
-0.723043088340989
-0.711197858868791
-0.69464585244793
-0.674006740119051
-0.649944624619738
-0.623157134890932
-0.594364160078316
-0.564296398459334
-0.533683898315052
-0.503244766606628
-0.473674217437734
-0.445634125758251
-0.419743242703517
-0.396568217519088
-0.376615557382064
-0.360324640818889
-0.348061883088836
-0.340116133130795
-0.33669536175913
-0.337924680059595
-0.343845705708033
-0.354417273548844
-0.369517465564573
-0.388946914675796
-0.412433316956387
-0.4396370681431
-0.470157923051393
-0.50354256094868
-0.539292926321343
-0.576875203010632
-0.615729270558274
-0.655278484930737
-0.694939621678019
-0.734132818083582
-0.772291351990394
-0.808871098715401
-0.843359513721832
-0.875283997395517
-0.90421950922012
-0.929795311683009
-0.951700739151603
-0.969689903493712
-0.983585266103147
-0.993280024941465
-0.998739284909665
-1
-0.997169695921785
-0.990424001919218
-0.980003039980859
-0.966206738266303
-0.949389153046723
-0.929951899492475
-0.90833680598679
-0.885017919071088
-0.860492996437503
-0.835274633414979
-0.809881174021015
-0.784827560784943
-0.760616278144024
-0.737728542265051
-0.716615885687345
-0.697692278293712
-0.681326916909712
-0.667837804460697
-0.657486226268236
-0.6504722159618
-0.646931086865536
