1
0.996131811623683
0.98841355813298
0.976881409258283
0.961589427385772
0.942609336289012
0.920030211786989
0.893958093572864
0.864515517376265
0.831840966608554
0.796088242705358
0.757425753532206
0.716035719463626
0.672113297087914
0.625865620930791
0.577510764130917
0.527276619635895
0.475399704213489
0.422123888381792
0.367699056243795
0.312379700154197
0.256423456135136
0.200089586976908
0.143637420992261
0.0873247554198093
0.0314062344741359
-0.0238682870031476
-0.078255382445692
-0.131519682366671
-0.183435479713047
-0.233788297841239
-0.282376406750258
-0.329012272930167
-0.373523928076556
-0.415756241997126
-0.455572085303644
-0.492853367947779
-0.527501940326002
-0.559440344547332
-0.588612404525111
-0.614983644814365
-0.638541529560094
-0.659295514536669
-0.677276907028772
-0.692538530211491
-0.7051541907102
-0.715217950135991
-0.722843203574061
-0.728161570223027
-0.731321603613675
-0.732487331046345
-0.73183663404636
-0.72955948371611
-0.725856046830241
-0.720934680347447
-0.715009833670265
-0.708299879446603
-0.70102489494893
-0.693404417067352
-0.685655194692045
-0.677988962723096
-0.67061026211926
-0.663714330273236
-0.657485085574976
-0.652093229296073
-0.647694486900936
-0.64442800957227
-0.642414955141247
-0.641757265752807
-0.642536657493575
-0.644813834887485
-0.648627940649199
-0.653996248407678
-0.66091410330431
-0.669355112466475
-0.679271584394888
-0.690595213319072
-0.703238001608406
-0.717093410415031
-0.73203772590769
-0.747931625769982
-0.764621928118375
-0.781943502679051
-0.799721321979809
-0.817772628492896
-0.83590919213236
-0.853939631287281
-0.871671769678106
-0.88891500077093
-0.905482631283303
-0.92119417546954
-0.935877572383516
-0.949371299177724
-0.961526354699404
-0.972208089173692
-0.981297857601538
-0.988694476623724
-0.994315466985378
-0.998098066347464
-1
