-0.298821525905305
-0.296252707370452
-0.291168205447662
-0.283673443834708
-0.273924454454964
-0.26212538894044
-0.248525259741747
-0.233413960388025
-0.217117625369317
-0.199993400141527
-0.182423700707574
-0.164810049971708
-0.147566584479841
-0.131113330150353
-0.115869349092251
-0.102245861548797
-0.0906394473669043
-0.0814254301718057
-0.0749515446433223
-0.0715319829889091
-0.0714419109572587
-0.0749125366244338
-0.0821268068229037
-0.09321579660209
-0.108255846653712
-0.127266492367652
-0.150209216277758
-0.17698704329492
-0.207444985496507
-0.241371330540196
-0.278499755190282
-0.318512233177509
-0.361042694845706
-0.405681384948314
-0.451979854712684
-0.49945651504374
-0.547602669629316
-0.595888939857425
-0.643771987961367
-0.690701440751042
-0.736126913724937
-0.779505034320491
-0.8203063635606
-0.858022117377014
-0.892170592399571
-0.922303205933322
-0.948010066121221
-0.968924995805371
-0.984729942233212
-0.995158714367762
-1
-0.999099625960981
-0.992362036316332
-0.979750975314247
-0.961289373864178
-0.93705845025993
-0.907196047542887
-0.871894241148141
-0.831396261115772
-0.785992783019035
-0.736017650711091
-0.681843101887906
-0.623874574189617
-0.562545175018053
-0.49830990235622
-0.431639706580596
-0.363015484525199
-0.292922096877065
-0.221842498368251
-0.150252067214861
-0.0786132158959669
-0.00737035974321198
0.0630546869769599
0.132266825645311
0.199901245449549
0.265626409562812
0.329146421921972
0.390202751771983
0.448575303998618
0.504082834221452
0.556582718483539
0.605970097977398
0.652176429417409
0.695167481242773
0.734940824659169
0.771522876460604
0.804965557489678
0.835342636385848
0.862745832846956
0.887280757919245
0.909062770786337
0.928212832121155
0.944853433291864
0.959104678591264
0.971080594228384
0.980885733142366
0.988612138853642
0.994336724656175
0.998119116595141
1
