1
0.999031512250456
0.997083626836449
0.99413482254722
0.990153558424193
0.985099146955852
0.978922892240059
0.97156947132512
0.962978532208105
0.953086477695064
0.941828400587436
0.929140132518165
0.914960366275647
0.899232809668815
0.88190832793585
0.862947031403363
0.842320265571196
0.820012462026036
0.796022810558036
0.77036671553931
0.743077002980141
0.714204848655329
0.683820402226004
0.652013087298615
0.618891562781499
0.584583336631974
0.549234029039546
0.513006288165122
0.476078367651573
0.438642381135895
0.400902254826421
0.363071404761807
0.325370170546778
0.288023042074209
0.251255719911564
0.215292053578529
0.180350904807542
0.146642985006475
0.114367717491023
0.0837101755938592
0.0548381474716748
0.0278993773163241
0.00301903074231125
-0.0197025706071279
-0.0401919036830679
-0.0584038505321945
-0.0743229241782883
-0.087964086818789
-0.0993731392038563
-0.108626666407962
-0.115831531860365
-0.121123918368663
-0.124667921842747
-0.12665371039629
-0.127295268359948
-0.126827751376491
-0.125504485057299
-0.123593645560921
-0.121374665812381
-0.119134415828889
-0.117163209674757
-0.115750694867162
-0.115181682537504
-0.115731978275753
-0.117664274315332
-0.121224163535482
-0.126636334662425
-0.134101006049769
-0.143790652536117
-0.155847076151508
-0.170378866924475
-0.187459294791534
-0.20712466770533
-0.229373184561549
-0.254164304612361
-0.281418647707495
-0.311018432111246
-0.34280844889761
-0.376597564141768
-0.41216073242109
-0.449241497628639
-0.48755494990023
-0.526791100671821
-0.566618631620584
-0.606688967596355
-0.646640618707055
-0.686103732558626
-0.724704794331974
-0.762071409958716
-0.797837106173243
-0.831646080695652
-0.863157836249155
-0.892051633532447
-0.918030700633841
-0.940826139656589
-0.960200475477233
-0.975950796520955
-0.98791144313781
-0.995956205518016
-1
