0.870503601682675
0.861302739446171
0.84306125397073
0.81609693773812
0.780879809436082
0.738024231710078
0.688278602392959
0.632512787251585
0.57170349918256
0.506917862391277
0.439295429858969
0.370028947861795
0.300344182043289
0.231479135221263
0.164662997477387
0.101095173962002
0.0419247351653926
-0.0117693718341771
-0.0589970243412121
-0.098874227416654
-0.130638731843522
-0.153663705547983
-0.16746922826169
-0.171731413891842
-0.166289002954226
-0.151147307919668
-0.126479436781981
-0.0926247638996381
-0.0500846614970349
0.000484450573160711
0.0582806358135861
0.122368409945471
0.191692965101129
0.265096429936587
0.341335912815121
0.419103045729802
0.497044721584984
0.573784697250113
0.647945719765253
0.718171823465449
0.78315044176412
0.841633978969199
0.892460494785375
0.934573166977401
0.967038215841267
0.989060997374855
1
0.99937851193048
0.986893762304189
0.962423378440463
0.926029043431581
0.877957282074939
0.818637348211472
0.748676232147946
0.668850852287052
0.580097539652666
0.483498966973912
0.3802687147002
0.271733704114596
0.159314761993572
0.044505611481152
-0.0711493904789455
-0.186078428090906
-0.298705957545529
-0.40747662737996
-0.510879017817721
-0.607468830164761
-0.695891164726595
-0.774901538768537
-0.843385314571722
-0.900375231361564
-0.945066763440511
-0.97683105980519
-0.995225257361419
-1
-0.991104038639752
-0.968685832217077
-0.933092115806212
-0.884863448872079
-0.824726803359057
-0.753585297175648
-0.672505222931005
-0.582700563822466
-0.485515227705888
-0.38240326598986
-0.274907375522515
-0.164636008590588
-0.0532394381004638
0.05761485838583
0.166267121093778
0.271090157085551
0.370513736706376
0.463048164749013
0.547306665955072
0.622026242350488
0.686086683097056
0.738527435675604
0.778562079864111
0.805590182631082
0.81920635216299
