1
0.992967575823017
0.978975710571104
0.95816949412926
0.930764381979217
0.897043611890463
0.857354812208112
0.812105845962722
0.761759944917046
0.706830196802037
0.647873457253321
0.585483765226763
0.520285346848828
0.452925297661573
0.384066036987277
0.314377630616144
0.244530079182971
0.17518566943472
0.106991484109487
0.0405721633759071
-0.0234769932332759
-0.0845965006553289
-0.142268660456674
-0.196022961174085
-0.245440844889211
-0.290159787054719
-0.329876646197767
-0.364350250233903
-0.393403196584798
-0.416922853955693
-0.43486156434028
-0.44723605442975
-0.45412607595946
-0.455672304486469
-0.452073535516597
-0.44358322566222
-0.430505434493997
-0.413190229846296
-0.392028625456025
-0.367447124882335
-0.339901949610664
-0.309873032046506
-0.277857855727274
-0.244365225517514
-0.209909049814149
-0.175002214902416
-0.140150628614387
-0.105847506411263
-0.07256796801357
-0.0407640068291566
-0.0108598877787671
0.0167519781953163
0.041714642510378
0.0637096780621857
0.0824596654906127
0.0977300917130866
0.109330654576172
0.117115976088939
0.120985735070088
0.120884238040769
0.116799454710758
0.108761551330563
0.0968409614205223
0.0811460388565532
0.0618203429209412
0.0390396086599314
0.0130084586873613
-0.0160430855896353
-0.0478632344797186
-0.0821821435039963
-0.11871565216958
-0.157168992249439
-0.197240412590113
-0.23862467104845
-0.281016348449064
-0.324112944368429
-0.367617719993158
-0.411242259165527
-0.454708724909387
-0.497751795111408
-0.540120267501433
-0.581578330516941
-0.621906502937848
-0.660902251230433
-0.698380299240261
-0.734172650128228
-0.768128345164648
-0.800112988107727
-0.830008067330128
-0.857710110568862
-0.883129709120706
-0.906190449463404
-0.926827790641509
-0.944987925319194
-0.960626661188944
-0.973708357466802
-0.984204948547452
-0.992095083593348
-0.99736340696065
-1
