0.454906971525241
0.453798106841373
0.451561722570038
0.448161145303842
0.443542942753309
0.437638780470841
0.43036783708379
0.421639727662637
0.411357873974519
0.399423250599148
0.385738427392151
0.370211821727206
0.352762068465694
0.333322411797181
0.311845021043475
0.288305132271087
0.262704919128817
0.235076999704714
0.205487491334883
0.17403853211998
0.14087019630925
0.106161740564158
0.0701321292564707
0.0330397992081046
-0.0048183625587106
-0.0431088406401201
-0.0814641109052979
-0.119486041723021
-0.156750045992322
-0.192809938980995
-0.227203443268335
-0.25945826914124
-0.289098686834196
-0.315652496248071
-0.338658290426407
-0.357672901286086
-0.372278910042782
-0.382092100564404
-0.386768731622671
-0.386012503758041
-0.379581098258385
-0.367292169575992
-0.349028678336847
-0.324743459863572
-0.294462932740416
-0.258289863265582
-0.216405114505045
-0.169068322898009
-0.116617460759125
-0.0594672593475004
0.00189351581850739
0.0669059282880475
0.134945845943606
0.205329984031167
0.277322954699841
0.350145245379132
0.422982032831491
0.494992725405205
0.565321113113068
0.633105993891588
0.697492134945732
0.757641420621354
0.812744032908175
0.862029507565472
0.904777508052359
0.940328160971661
0.968091800602445
0.987557976267115
0.998303584684863
1
0.992419086703824
0.975437995023386
0.949042654332342
0.913329897524165
0.868508167830222
0.814896778998842
0.752923719796124
0.683122014153068
0.606124668668629
0.52265825928415
0.433535228473585
0.339644982955211
0.241943899444695
0.141444362072938
0.0392029695409013
-0.0636919373425239
-0.166133266588289
-0.267008514996223
-0.36521328183099
-0.459664777420587
-0.549315146963114
-0.633164431441244
-0.710272991686844
-0.779773228258944
-0.840880438808307
-0.892902665877317
-0.935249401467334
-0.967439030008014
-0.989104908366911
-1
