1
0.9870646630091
0.961365771187952
0.923244461114282
0.873206404238686
0.81191466687899
0.740180355403395
0.658951184957101
0.569298140688099
0.472400428461144
0.369528937090025
0.262028455788589
0.15129890851429
0.0387758808848195
-0.0740892748194187
-0.185849465540678
-0.295081722073051
-0.400406613579447
-0.50050693077602
-0.594145368422293
-0.680180953647276
-0.757583986316091
-0.825449280788994
-0.883007524683295
-0.929634599209255
-0.964858736863727
-0.988365425246085
-1
-0.999767904853412
-0.987832631889249
-0.964511389991034
-0.930268583337033
-0.885707214345736
-0.8315583561088
-0.768668867620375
-0.697987550597177
-0.620549968999184
-0.53746217117422
-0.449883569584085
-0.359009244107772
-0.266051941804209
-0.172224048663169
-0.0787198072552461
0.0133019516466604
0.102734305352372
0.188537719213623
0.2697542836205
0.345520502408625
0.41507845113287
0.47778515042759
0.533120028688723
0.580690379115085
0.620234748243973
0.651624226000072
0.674861640426588
0.690078693160982
0.697531103837976
0.697591862447129
0.690742717760298
0.677564056824614
0.658723354774173
0.63496239547659
0.607083481475684
0.575934866049204
0.542395650759028
0.507360398479795
0.471723714463112
0.436365046505208
0.402133949777939
0.369836052461852
0.340219945153232
0.31396520033147
0.291671708250904
0.273850492795713
0.260916145485966
0.253180988365338
0.250851047386809
0.254023887617332
0.262688330599432
0.27672604303989
0.295914955147788
0.319934436914419
0.34837213189988
0.38073232112713
0.416445664916478
0.454880148317492
0.495353036564889
0.537143631004804
0.579506603460292
0.621685678224765
0.662927425924347
0.702494932447496
0.739681109012228
0.773821416173779
0.804305785052459
0.830589533105621
0.852203089144862
0.868760362721324
0.879965616130919
0.88561872274648
