-1
-0.991157032154374
-0.973556295562057
-0.947367212889218
-0.912841491726387
-0.870310247504865
-0.820180224553969
-0.76292916328983
-0.699100372277529
-0.629296573854992
-0.554173101014438
-0.47443053118381
-0.390806849330835
-0.30406923833665
-0.215005598783356
-0.124415903118223
-0.0331034905641912
0.0581335908704825
0.148511090363009
0.237266806126963
0.323668485203087
0.4070212786835
0.486674666486018
0.562028773507326
0.632540007669343
0.697725959903486
0.757169516353195
0.810522143867085
0.857506321047982
0.897917098556685
0.931622783881525
0.958564757213587
0.978756436253716
0.992281418566812
0.999290840344356
1
0.994684303778874
0.983674598395804
0.967351962532113
0.946142034732477
0.920508959786774
0.890949039009245
0.857984171909352
0.822155177574745
0.78401508366498
0.744122469271241
0.703034945076753
0.661302850315691
0.619463241052278
0.57803423837762
0.537509798354045
0.498354958040698
0.461001603834541
0.425844799789887
0.393239704674065
0.363499097417037
0.336891521459584
0.313640049437399
0.293921660793087
0.277867216414703
0.265562006380766
0.257046839460764
0.252319636278958
0.251337482087355
0.254019089986552
0.260247621241523
0.269873806108389
0.282719306346715
0.298580259352431
0.317230943605066
0.338427505859697
0.361911692193003
0.387414527583768
0.414659892106545
0.443367945966253
0.473258360413025
0.504053316952948
0.535480243106065
0.567274259146418
0.599180316674575
0.630955016403265
0.662368099063688
0.693203609747926
0.723260742179741
0.752354375245472
0.780315319520104
0.806990296400949
0.832241676733745
0.85594700941575
0.877998373333241
0.898301588095731
0.916775320339789
0.933350122879584
0.947967443682269
0.960578640561371
0.971144035642382
0.979632041107017
0.986018384524232
0.990285458296729
0.992421813471572
