0.564101979515647
0.554110503045382
0.534262044745254
0.504823583874222
0.466190595434608
0.418881144291803
0.363528153847179
0.300869969097038
0.231739360306282
0.157051137629054
0.0777885684422666
-0.00501119241373893
-0.090272434158591
-0.176896746426033
-0.263779155622115
-0.349824292400952
-0.433962341207697
-0.515164526571395
-0.592457898400058
-0.664939189816026
-0.731787535892479
-0.79227585977731
-0.845780753831986
-0.891790707236709
-0.929912557643355
-0.959876072482129
-0.98153659500503
-0.994875720614569
-1
-0.997137696597829
-0.986633656420968
-0.968942377881166
-0.944619397397296
-0.914311132894856
-0.87874335134647
-0.838708447901723
-0.795051742571867
-0.748657015582245
-0.700431514146001
-0.651290671365281
-0.602142782107552
-0.553873880971739
-0.507333063849795
-0.463318487163211
-0.422564267730271
-0.385728491576347
-0.353382522069295
-0.326001776830125
-0.303958119267829
-0.28751398469077
-0.276818333165924
-0.271904492071406
-0.272689921079942
-0.278977901599311
-0.290461121966213
-0.306727099428624
-0.32726535063706
-0.351476194460743
-0.378681044891642
-0.408134028009562
-0.439034735830711
-0.470541911684899
-0.501787846849688
-0.531893256749181
-0.55998239728098
-0.585198177889445
-0.606717027918901
-0.62376327655815
-0.635622814267621
-0.64165581484293
-0.641308312035478
-0.634122442688403
-0.619745189369896
-0.597935479163142
-0.568569521228877
-0.531644293582635
-0.487279118784443
-0.435715298461813
-0.377313807299815
-0.312551077849438
-0.242012937742153
-0.166386790176605
-0.0864521564001772
-0.00306972490347812
0.0828309242312439
0.170264730311115
0.258205490731336
0.345600904951503
0.431388089982339
0.514509325969385
0.593927786615639
0.668643009203987
0.737705862862476
0.800232781400497
0.855419038411124
0.902550857205133
0.941016166281869
0.970313832165034
0.990061225205131
1
