0.115260419820025
0.122589739426542
0.137128268318917
0.158637702630677
0.186765347978128
0.221049748184958
0.26092805006968
0.305744987010184
0.354763338208874
0.407175697062532
0.462117361166679
0.518680138586555
0.57592685039046
0.632906298299052
0.688668458833761
0.742279661668338
0.792837510058892
0.839485305248038
0.881425744545343
0.917933674256301
0.948367693585075
0.972180423836022
0.988927278398137
0.998273592780565
1
0.994005964490162
0.980311416968534
0.959056462892534
0.930499167788052
0.895011453351824
0.853073168330131
0.80526442728209
0.752256337984508
0.694800263987692
0.63371579227836
0.569877596773926
0.504201406130977
0.437629298816354
0.371114559330417
0.30560633671295
0.2420343498854
0.181293883931526
0.12423131709637
0.0716304101559397
0.0241995780027959
-0.0174396520104497
-0.0527628089876006
-0.0813511102090957
-0.102898415353777
-0.117216389322559
-0.124237788000096
-0.124017810914879
-0.116733495304328
-0.102681157077656
-0.0822719151066321
-0.0560253656743432
-0.0245615032941987
0.0114089879888388
0.051095922727157
0.0936421079018515
0.138136947799456
0.183630947390746
0.229150887110129
0.273715430936465
0.316350922415685
0.356107119860124
0.392072622466239
0.423389743507053
0.449268595012238
0.46900016032096
0.481968146395259
0.487659426574328
0.485672906239883
0.475726668309997
0.457663282201298
0.431453188479461
0.397196101407894
0.355120402534703
0.30558052984351
0.249052398342085
0.186126918782221
0.117501711010686
0.0439711367763367
-0.0335851967828056
-0.11421528769163
-0.196908747111485
-0.280611749837087
-0.364242697482798
-0.446708353168833
-0.526920198922681
-0.603810763296685
-0.676349666929283
-0.743559137943038
-0.804528757113487
-0.858429204534732
-0.904524794866998
-0.94218460693904
-0.97089203520246
-0.990252614956586
-1
