-1
-0.995731232025211
-0.987238952554869
-0.974612941364256
-0.957986047631717
-0.937532040075065
-0.913462797710561
-0.886024889072274
-0.855495598177439
-0.822178464999649
-0.786398416557763
-0.748496571803863
-0.708824809178916
-0.667740189903071
-0.625599332706243
-0.58275283673664
-0.539539848789559
-0.496282868781895
-0.453282883592109
-0.410814914049477
-0.369124053074314
-0.328422064850433
-0.288884605582403
-0.25064911600351
-0.213813424523745
-0.178435087923661
-0.144531484004884
-0.112080657805647
-0.0810229100899201
-0.0512631040339192
-0.0226736535752045
0.00490185503599561
0.0316444681372372
0.0577551659340101
0.0834497392679741
0.108953328912046
0.134494720974226
0.160300497032718
0.186589141071561
0.213565207072529
0.24141365120585
0.270294430936756
0.300337470042303
0.331638083555544
0.364252950091406
0.398196710955608
0.433439266014037
0.469903825647394
0.507465766396999
0.545952325302881
0.585143154640123
0.624771744981531
0.664527710470419
0.704059916098483
0.742980412874233
0.780869133259342
0.817279286360738
0.851743380303814
0.883779788173318
0.912899764075107
0.938614807407435
0.960444266478088
0.977923067283436
0.990609449672702
0.998092591324091
1
0.996004556438892
0.985831093965494
0.969262406414032
0.94614458318844
0.916391579129296
0.879988937194217
0.836996593637752
0.787550708228124
0.731864475871996
0.670227890629769
0.603006448274426
0.53063878904892
0.453633297876857
0.372563694742473
0.288063663043503
0.200820578204392
0.111568412495282
0.0210799046244146
-0.0698419059371488
-0.160372669956158
-0.249676126401256
-0.336913782285756
-0.421254744385418
-0.50188556979297
-0.578020001172526
-0.648908453437425
-0.713847121386996
-0.772186582565064
-0.823339776179974
-0.866789247258692
-0.902093555176017
-0.928892757158598
-0.946912890144509
-0.955969388294395
