1
0.988771777916367
0.966486567087966
0.933484119115063
0.890267316824333
0.837494200832823
0.775967536348297
0.70662208591731
0.630509790280371
0.548783092737505
0.462676671940664
0.373487873343445
0.282556150251954
0.191241841204492
0.100904621011182
0.0128819680387446
-0.0715320098538108
-0.151107053934126
-0.224696211931093
-0.29125396437343
-0.349852731265562
-0.399697496064721
-0.440138313734642
-0.470680503172708
-0.490992361008903
-0.500910273076431
-0.500441141133658
-0.489762085022167
-0.469217423702014
-0.439312981827977
-0.400707811035393
-0.354203456217736
-0.300730936148984
-0.241335644212608
-0.177160408168117
-0.109426977289029
-0.0394162303757205
0.0315525813177038
0.10214322662881
0.171024182526474
0.236890272679517
0.298483912060822
0.354615619019802
0.404183467546673
0.44619116893135
0.479764493430699
0.504165768564862
0.518806220858393
0.523255961750443
0.517251455486934
0.500700346492785
0.473683565378578
0.436454675707258
0.389436467254724
0.333214845055725
0.268530106345507
0.196265738912194
0.117434913710414
0.0331648812313394
-0.055320485501795
-0.146719728869134
-0.239674127770809
-0.332788983538979
-0.4246555366223
-0.513873169631196
-0.59907154735958
-0.678932344923872
-0.752210221178858
-0.817752705990892
-0.874518686596136
-0.921595199886307
-0.958212263709705
-0.98375551074145
-0.997776422686823
-1
-0.990329742340531
-0.968849857023709
-0.935824656088916
-0.891695146631059
-0.837072863022984
-0.77273103291005
-0.699593210701983
-0.618719552063598
-0.531290939989349
-0.438591206853167
-0.341987726822448
-0.242910678740771
-0.142831300612313
-0.0432394728304162
0.0543790219702183
0.148565209263622
0.237909250243838
0.321072039514772
0.396805736871271
0.46397291364206
0.521564015528804
0.568712870009581
0.60470999677029
0.62901351380824
0.641257469282878
