0.0310803264755819
0.0381722340765009
0.0522513138224283
0.073109677736066
0.100439426663336
0.133837301362935
0.172810771296415
0.216785466822304
0.265113839720884
0.31708491799945
0.371935004047751
0.428859150693465
0.487023237774655
0.545576462686076
0.603664052111392
0.660439998920473
0.715079628039315
0.766791797991055
0.814830550713341
0.858506031085811
0.897194509211816
0.930347352707233
0.957498812832055
0.978272506995942
0.992386500682691
0.999656913847621
1
0.993432670125711
0.980071457957103
0.960129947474836
0.933914707547858
0.901819801905455
0.864319964824461
0.821962553657469
0.775358408299507
0.725171764594384
0.67210938325378
0.616909067874965
0.560327754910009
0.503129364817082
0.446072607014985
0.389898931614777
0.335320818214158
0.283010586356305
0.233589903667178
0.187620156331803
0.145593832632003
0.107927053967562
0.0749533693787847
0.0469189093730935
0.0239789731520585
0.00619610048191555
-0.00646034418812658
-0.0141130718057864
-0.0169742735215473
-0.0153415744808484
-0.00959260387205674
-0.000178270421868909
0.0123851469804743
0.0275249651144154
0.0446219736150597
0.0630210640451503
0.0820424395488948
0.10099322467642
0.119179288726275
0.13591709267592
0.150545369506658
0.162436450482702
0.171007055668669
0.175728375573903
0.176135282157965
0.171834521338528
0.162511755389607
0.147937341946202
0.127970756450173
0.102563586462142
0.071761048983114
0.0357020054171591
-0.00538252730926647
-0.0511723470533562
-0.101262472227192
-0.15516891426492
-0.21233572630161
-0.272143217302164
-0.33391720235994
-0.396939143417318
-0.460457020504988
-0.523696761976834
-0.585874053316551
-0.646206338051265
-0.703924821221448
-0.758286285774052
-0.808584535167841
-0.854161281359846
-0.894416306086284
-0.928816734821491
-0.956905276812519
-0.978307300923035
-0.992736635419097
-1
