1
0.99751422665649
0.992591570103039
0.98532882376659
0.975868728435573
0.964397082433201
0.951138969945855
0.936354175528709
0.920331867631124
0.903384647400782
0.885842070808842
0.868043762086268
0.850332244401722
0.833045619504798
0.816510231600995
0.80103345194988
0.786896719556734
0.774348969870703
0.763600577657985
0.754817932273498
0.748118753532223
0.743568244440038
0.741176163373535
0.740894883118541
0.742618487732904
0.746182940757428
0.751367340144075
0.757896256699966
0.76544313416475
0.7736347105563
0.782056402442258
0.790258576622901
0.797763617632562
0.804073684754701
0.80867903915087
0.811066810452925
0.81073006295837
0.807177014566708
0.799940256930902
0.788585823066554
0.772721948917436
0.75200737813503
0.726159064567125
0.694959134601624
0.658260981472887
0.615994375767795
0.568169490490557
0.514879754949176
0.456303469173408
0.392704129298232
0.324429434061348
0.251908962963074
0.17565053740491
0.0962352969337177
0.0143115432441938
-0.069412575492265
-0.154177448416653
-0.239181344578999
-0.323590588797515
-0.406550430785922
-0.487196455129394
-0.564666369496915
-0.638112000692658
-0.706711322909405
-0.769680339952592
-0.826284643312968
-0.875850470796389
-0.91777509594583
-0.951536386646636
-0.976701381983337
-0.992933749467873
-1
-0.997774355131787
-0.98624218013875
-0.965501916772158
-0.935765471078683
-0.897357034004577
-0.850710335317592
-0.796364354337771
-0.73495753372162
-0.667220564747928
-0.593967833870209
-0.516087640404838
-0.434531313807565
-0.350301375768261
-0.264438907065265
-0.17801029153792
-0.0920935194642186
-0.00776423991299158
0.0739182438410415
0.151924840071289
0.225270200946986
0.293025730953674
0.354331887728239
0.408409601224792
0.454570649276513
0.492226842165224
0.520897885541859
0.540217809710846
0.549939873624036
