-1
-0.989118322337749
-0.967480266352593
-0.935334803803234
-0.893051347710672
-0.841114961998296
-0.780120078656142
-0.710762809874099
-0.633831962029312
-0.550198876293473
-0.460806236686783
-0.366656000415115
-0.268796617084255
-0.168309712722797
-0.0662964213324005
0.0361364491719656
0.137890228321573
0.237887984704527
0.335087734721538
0.428495081937739
0.517175119545594
0.600263439882074
0.676976108557044
0.746618476338837
0.808592719268102
0.862404016268099
0.907665293503437
0.944100485608114
0.971546285343997
0.9899523749417
0.99938015399429
1
0.992087118170488
0.976016056635704
0.952253981401596
0.921352822090207
0.883940414375759
0.840710777916205
0.792413679290074
0.739843637840275
0.683828538292685
0.62521801748884
0.564871793517874
0.503648103961306
0.442392415921714
0.381926564077012
0.323038464306023
0.266472539622398
0.212920982418373
0.163015962571001
0.11732287504035
0.0763347034512225
0.0404675580739113
0.0100574278943508
-0.014641832613615
-0.0334592805311278
-0.0463064427538447
-0.0531756912158386
-0.0541374883526963
-0.0493365725205293
-0.0389871681975108
-0.0233673193487395
-0.00281245613648873
0.0222916849616248
0.0515166597402295
0.0843993000081593
0.120449945493831
0.159160785739601
0.200014174877482
0.242490785453759
0.286077472876526
0.330274729486876
0.374603616558923
0.418612073543784
0.461880516389861
0.504026650574628
0.54470943933102
0.583632183188195
0.620544683104852
0.655244475879373
0.687577146898916
0.717435741365232
0.744759310641568
0.769530645046397
0.791773258035372
0.811547699041076
0.82894728308188
0.844093334433538
0.857130049035311
0.868219085762906
0.877534000162222
0.885254635653663
0.891561586573878
0.896630844742427
0.900628736581005
0.903707251262079
0.905999852043059
0.907617853002006
0.908647432009073
0.909147338145956
