0.58105670551912
0.58457138024556
0.59154180276331
0.601851102761079
0.615326417389377
0.63174177708243
0.650821878579434
0.672246682648749
0.695656760324233
0.720659299009282
0.746834668794774
0.77374343995202
0.800933734955265
0.82794879268556
0.854334618763887
0.879647594318744
0.903461915941567
0.925376742117915
0.945022926005435
0.962069220990048
0.976227853886664
0.987259370826367
0.994976672626984
0.999248169590607
1
0.997217271866239
0.990944303467203
0.981283854653405
0.968395357519374
0.952492171576845
0.933837904752879
0.912741857109018
0.889553658883502
0.864657188057311
0.83846386491362
0.811405431797135
0.783926335306594
0.756475835319548
0.729499970431561
0.703433512501878
0.678692043977061
0.655664290489394
0.634704837908907
0.616127357611495
0.600198456289496
0.587132257286169
0.577085809323353
0.570155405782669
0.566373883590736
0.565708955467323
0.56806261306029
0.573271621566931
0.581109109093549
0.591287236507397
0.603460916163875
0.617232530922829
0.63215758857079
0.647751231401419
0.663495506520617
0.678847289664348
0.693246744153357
0.706126187242035
0.71691922870349
0.725070041153853
0.730042618448459
0.731329877539369
0.728462460491548
0.721017096902788
0.708624392713618
0.690975919247291
0.667830486172441
0.639019493786565
0.604451273402266
0.56411433947874
0.518079493253114
0.466500734744982
0.409614957871326
0.347740421744276
0.281274009749332
0.210687306431311
0.136521540265047
0.0593814577785698
-0.0200717890416245
-0.101128644856076
-0.183039931526574
-0.265026283840916
-0.34628810674442
-0.42601591202277
-0.503400886116135
-0.577645536707508
-0.647974263984783
-0.713643703057526
-0.773952686910591
-0.828251684457291
-0.875951575638952
-0.916531634995615
-0.949546606562399
-0.974632766155391
-0.991512881900036
-1
