-1
-0.992304630245244
-0.977013138325772
-0.954322618720865
-0.924525231931265
-0.88800408420262
-0.845227828208656
-0.79674406376356
-0.743171635143356
-0.685191937652736
-0.62353936043611
-0.558991004984712
-0.492355829150185
-0.424463374585463
-0.35615224127723
-0.288258476127843
-0.221604043343076
-0.156985542678072
-0.0951633374185237
-0.0368512473957325
0.0172930465419132
0.0666767512125563
0.110779740570351
0.149161258393613
0.181465452979837
0.207425670292105
0.226867450686852
0.239710193780764
0.245967475887346
0.245746024468137
0.23924337389502
0.226744246207424
0.208615719178371
0.185301261595728
0.157313731956151
0.125227451516278
0.0896694756307952
0.0513101983397859
0.0108534340891717
-0.0309738728483276
-0.0734321563292997
-0.115779796778967
-0.157283593649589
-0.197228988245038
-0.234929888395079
-0.26973795383223
-0.30105121059983
-0.328321874243537
-0.351063274721488
-0.368855790696121
-0.381351716905223
-0.388279005393878
-0.389443839250431
-0.384732015844822
-0.374109135127392
-0.357619607018701
-0.335384510017625
-0.307598350594499
-0.274524789448716
-0.23649141604221
-0.193883666737826
-0.14713799416424
-0.0967344059131676
-0.0431884991960331
0.0129568754763199
0.0711401842644597
0.130789874259617
0.19133299287868
0.252203625678794
0.312851020485746
0.372747272426522
0.431394453117651
0.488331077735549
0.543137815802822
0.595442365059898
0.644923422526814
0.691313702549564
0.734401968008853
0.774034057676008
0.810112909655094
0.842597597674476
0.871501413410975
0.896889043778665
0.918872906937486
0.937608724435196
0.953290419170745
0.966144439561879
0.976423619245121
0.984400688691712
0.99036156017926
0.994598510539392
0.997403386964393
0.999060959893115
0.999842543635759
1
0.99976023284233
0.999320272315064
0.998843036767331
0.998453847970868
0.998237761785798
