-1
-0.993125715190657
-0.979434885861548
-0.959042320756882
-0.932118562739034
-0.89888791047795
-0.859625823611192
-0.814655747327066
-0.764345400294557
-0.709102577180254
-0.649370523545658
-0.585622946611444
-0.518358730125077
-0.448096425305436
-0.37536859250941
-0.300716069833532
-0.224682245308348
-0.147807408661203
-0.0706232568285242
0.00635237547745349
0.0826204927528946
0.157705560724118
0.231159716667946
0.302566517868014
0.371544185319252
0.43774830765252
0.500873978573672
0.560657349767126
0.616876590069659
0.669352250639193
0.717947044689054
0.762565058995351
0.803150422682203
0.839685466620939
0.872188414027052
0.900710649394052
0.925333618669299
0.946165418468521
0.963337136072616
0.976999004896583
0.987316442026371
0.994466035261562
0.998631546873515
1
0.998757911275083
0.995087729980097
0.989164539756022
0.981153073812217
0.971205088687276
0.959457135062338
0.946028757003913
0.931021143438525
0.914516247758726
0.896576383357442
0.877244294715631
0.856543695558663
0.834480257679171
0.81104302642503
0.786206231691353
0.759931456648417
0.732170120487565
0.702866226267707
0.671959320577307
0.639387608258267
0.605091162921865
0.569015172460554
0.5311131582446
0.491350107194601
0.449705457428941
0.406175880672162
0.360777808033302
0.313549650064848
0.264553667121449
0.213877451868424
0.16163499224746
0.107967290184998
0.0530425187135535
-0.0029442921526821
-0.0597720426139497
-0.117194817311683
-0.174943592771017
-0.232728376689315
-0.290240750487551
-0.347156779785716
-0.403140251274844
-0.457846188936404
-0.510924597793938
-0.562024379448548
-0.610797360612664
-0.656902373764184
-0.700009327929356
-0.739803207485425
-0.775987937755122
-0.808290058030024
-0.83646214547904
-0.860285937125993
-0.879575101656849
-0.894177618168826
-0.903977725014398
-0.908897408526074
