0.0520538763537155
0.0535760455893592
0.0566348828121876
0.061258816125072
0.0674890759785887
0.0753780339475347
0.084987041841402
0.0963838162567558
0.109639423428472
0.124824928004746
0.142007776998749
0.161247996517561
0.182594283818203
0.206080080696206
0.231719716104658
0.259504706187655
0.289400298575698
0.321342344843382
0.355234580510784
0.390946385945434
0.428311094083439
0.467124902153001
0.507146434690128
0.54809699424469
0.58966152446254
0.631490297888972
0.673201328074846
0.714383492592668
0.754600340604007
0.793394545882095
0.830292953902245
0.864812159980179
0.896464544668007
0.924764682900121
0.949236034891872
0.969417819689127
0.984871966681747
0.995190036440436
1
0.998972765251755
0.991828340454062
0.978341528024191
0.958347046709162
0.931743986891315
0.898499512080923
0.858651729471388
0.812311663644676
0.759664279954836
0.700968517603465
0.636556306752582
0.566830558981748
0.492262135760027
0.413385815133196
0.330795292282044
0.245137264746529
0.157104667694304
0.0674291384081058
-0.0231271980473761
-0.113780518450404
-0.203734552651376
-0.292190174140024
-0.378355200833595
-0.461454271968369
-0.540738663921212
-0.615495906742716
-0.685059064183939
-0.748815543048869
-0.806215302777246
-0.856778343198688
-0.900101357310507
-0.93586344660006
-0.963830808712458
-0.983860320984947
-0.995901958336388
-1
-0.996292996388942
-0.98501248474307
-0.966480459867161
-0.941105623975917
-0.909378457147054
-0.871865166890574
-0.829200591615728
-0.78208014807272
-0.731250926933159
-0.677502053337793
-0.621654440288891
-0.564550072027906
-0.507040961872748
-0.449977934277755
-0.39419938403761
-0.340520166530181
-0.289720771661003
-0.242536930744918
-0.199649799982323
-0.161676856534315
-0.129163633579879
-0.102576409285378
-0.0822959514958608
-0.0686124053578816
-0.0617213952155687
