0.496764879965487
0.50171985220431
0.511537504155323
0.526034732089112
0.544940560271755
0.567900491509015
0.594482200163496
0.624182477515031
0.65643531950099
0.69062102877614
0.726076186956947
0.762104339116714
0.797987221293658
0.83299635314264
0.866404812039201
0.89749900202393
0.925590231002373
0.950025912590486
0.970200214871322
0.985563987012784
0.995633806051966
1
0.998333519543956
0.990391548765063
0.976021765169202
0.95516518062268
0.927857517167889
0.894229094806424
0.854503231816961
0.808993181651188
0.758097653552964
0.702294986408963
0.64213606661055
0.578236100550658
0.511265370482792
0.441939118546121
0.371006717557075
0.299240298465953
0.227423012998284
0.156337115808671
0.0867520533776189
0.0194127468332979
-0.0449717471194089
-0.105739018883848
-0.1622833627068
-0.214064949289435
-0.260617969983817
-0.301557624445333
-0.336585841793971
-0.365495645255251
-0.388174091591097
-0.404603739055732
-0.414862620768403
-0.419122723918313
-0.417646998736947
-0.410784944318087
-0.398966840771467
-0.382696718508939
-0.362544175346187
-0.339135170244854
-0.313141938633487
-0.285272188076686
-0.256257744392222
-0.226842826966913
-0.197772137857195
-0.169778952187479
-0.1435733973323
-0.11983110538721
-0.0991824175452097
-0.0822023102929563
-0.0694012019610841
-0.0612167842850533
-0.0580070074755779
-0.060044329115589
-0.0675113172803198
-0.0804976769324481
-0.0989987462116764
-0.122915486071265
-0.152055963177989
-0.186138302457748
-0.22479506250762
-0.267578964671494
-0.313969885244194
-0.363383000364255
-0.415177954992221
-0.468668911235645
-0.52313531742834
-0.577833228018263
-0.632006995644521
-0.68490115092636
-0.735772282537673
-0.783900730146324
-0.828601905758063
-0.869237064873508
-0.905223357551046
-0.936043000831441
-0.961251427842648
-0.980484285046872
-0.99346316726204
-1
