1
0.997211735797727
0.991621065408423
0.983200263749589
0.971909129325892
0.957696616726029
0.940502962430189
0.920262261475588
0.896905443314054
0.870363586881276
0.840571507628237
0.807471543171007
0.771017459404808
0.731178395490656
0.687942764123381
0.641322022970114
0.591354234145395
0.53810733105481
0.481682015860707
0.422214216143494
0.359877035969469
0.294882144427658
0.227480553639817
0.157962748136737
0.086658138171237
0.0139338208303776
-0.059807355467587
-0.134129415544827
-0.208566551555523
-0.282627055205637
-0.355797845222735
-0.427549536261715
-0.497341985232382
-0.564630241746016
-0.62887082116173
-0.68952821171449
-0.746081521551449
-0.798031167297002
-0.844905503092508
-0.886267287972288
-0.921719889976905
-0.950913127575063
-0.973548652748433
-0.989384785444461
-0.998240715951113
-1
-0.994613280943305
-0.982100184036641
-0.962550339536841
-0.936123503815994
-0.903048760812367
-0.863622799685268
-0.818207278306538
-0.767225295993554
-0.711157012453034
-0.650534463049185
-0.585935633026652
-0.517977865009454
-0.447310684774679
-0.374608139791415
-0.300560753166352
-0.225867202312234
-0.151225836740832
-0.0773261527891641
-0.00484034475245732
0.0655849482173023
0.13333658199238
0.197842420350923
0.258578312483007
0.315074433802945
0.366920897365518
0.413772553235526
0.455352904503508
0.491457081110614
0.521953826059865
0.546786462751377
0.56597282687537
0.579604161309898
0.587842987575224
0.590919982366801
0.589129902297892
0.58282661401012
0.572417300042615
0.55835592308645
0.541136042303834
0.521283085091336
0.499346185864017
0.475889710005427
0.451484585964476
0.426699571507434
0.402092581302322
0.378202202302279
0.355539520811134
0.334580380693605
0.315758185997474
0.299457353375791
0.286007510249184
0.27567852377116
0.268676433514048
0.265140347560304
