-1
-0.995069081643972
-0.98525349511264
-0.970645292671526
-0.951381436899797
-0.927642474039787
-0.89965078554779
-0.867668435076918
-0.831994632095947
-0.792962837103609
-0.750937536897435
-0.706310721564663
-0.659498097747613
-0.610935075268594
-0.561072566354916
-0.510372638462143
-0.459304063036718
-0.408337803475537
-0.357942486022256
-0.308579897385254
-0.260700552471888
-0.214739374814131
-0.171111531022702
-0.130208458965263
-0.0923941273383819
-0.0580015619156562
-0.0273296710323643
-0.00064039983991715
0.0218437604358064
0.0399418855343348
0.0535163345364318
0.0624740545097111
0.0667674623740044
0.0663948970315298
0.0614006389393789
0.0518744984303212
0.0379509781715643
0.0198080191499503
-0.00233465655234688
-0.0282175892120634
-0.0575439906486247
-0.0899824953431198
-0.125170226660462
-0.162716148587757
-0.202204670952778
-0.243199473962965
-0.285247516123573
-0.327883188166177
-0.3706325745543
-0.413017783436703
-0.454561305592037
-0.494790362948973
-0.533241207667644
-0.569463333522139
-0.603023562417339
-0.633509970291253
-0.660535618377808
-0.683742057814172
-0.702802577847948
-0.717425170408125
-0.727355186522747
-0.732377662967905
-0.732319300587764
-0.727050078904177
-0.7164844949067
-0.700582417249279
-0.679349550448264
-0.652837507048057
-0.621143489066636
-0.584409583325289
-0.542821678478376
-0.49660801466427
-0.446037379673939
-0.391416968356687
-0.333089924633117
-0.271432587944926
-0.206851468223487
-0.139779975489965
-0.0706749319969416
-1.28963752552558e-05
0.0717136694479306
0.144000358748368
0.216334871325104
0.288201124523194
0.359083390579167
0.428470426908478
0.495859566208508
0.560760733755017
0.622700360016792
0.681225157694243
0.735905733492414
0.786340006356452
0.832156405515219
0.873016823483348
0.908619301149177
0.938700424210464
0.963037412495954
0.981449886112162
0.993801294864226
1
