0.0628359270233121
0.0619133138922641
0.0601049617118785
0.057483956553064
0.0541582828326421
0.0502688790382098
0.0459870937906914
0.0415115827813006
0.0370646960540093
0.0328884132667606
0.0292398918271248
0.0263866990475574
0.0246018046043026
0.0241584135321051
0.0253247226826006
0.0283586849754607
0.0335028658562082
0.0409794751416517
0.0509856549023804
0.0636891002410331
0.0792240848341852
0.0976879569923681
0.119138164852112
0.143589861257112
0.171014130038024
0.201336865899612
0.234438330117682
0.270153393891981
0.30827247065587
0.348543128072748
0.390672360016959
0.434329488704893
0.47914965746711
0.524737865584233
0.570673488288059
0.61651521758325
0.661806353088453
0.706080366727942
0.74886666090768
0.789696436846732
0.828108588050583
0.863655533531331
0.89590890630509
0.924465014912811
0.948949999180636
0.969024606104012
0.984388517531474
0.994784168147363
1
0.99987310837077
0.99429124299598
0.983194138392576
0.96657415714856
0.944476240361259
0.916997169780684
0.884284156479673
0.846532780868185
0.803984318441202
0.756922494650652
0.705669720583126
0.650582868580027
0.592048653441783
0.530478690314494
0.466304304684414
0.399971173039497
0.331933874653103
0.262650435578067
0.19257694530456
0.122162324647587
0.0518433203243465
-0.0179602025881728
-0.0868496044866021
-0.15445139190136
-0.220420662781357
-0.284444032242019
-0.346242003304286
-0.40557075634807
-0.46222334055805
-0.516030260398491
-0.566859459960421
-0.614615717721835
-0.659239473694413
-0.700705119948489
-0.739018793967887
-0.774215722053871
-0.806357166949891
-0.83552703988667
-0.861828242256042
-0.885378806033929
-0.906307904827947
-0.924751808981829
-0.94084985850522
-0.954740526711031
-0.966557645350742
-0.976426858777629
-0.984462370294284
-0.990764038427549
-0.995414874511089
-0.998478985748814
-1
