0.982490785967889
0.983107161064821
0.984304906471447
0.986014572470922
0.988133375761178
0.990526845670487
0.993030980634375
0.995454882700657
0.997583830691575
0.999182746107129
1
0.999771503977541
0.99822502426608
0.995084654469802
0.990075380319593
0.982927668370285
0.973382010286654
0.961193355062259
0.94613536322872
0.928004419808457
0.906623346398794
0.881844757292957
0.853554009873691
0.821671705575783
0.786155704411466
0.747002623284742
0.704248795976518
0.657970680645387
0.608284708837637
0.555346578211165
0.499349999327014
0.440524914826522
0.379135216971744
0.315475996767314
0.249870364595439
0.182665888382764
0.11423070068911
0.0449493306852708
-0.0247816792954224
-0.0945583101414542
-0.163973690937464
-0.232622747300223
-0.300106807946964
-0.366038105440347
-0.430044109080612
-0.491771630857889
-0.550890649185843
-0.607097799748292
-0.660119488127446
-0.709714584859645
-0.755676670085797
-0.797835801925409
-0.836059789994913
-0.870254962998272
-0.900366426923146
-0.926377817961027
-0.948310561717267
-0.96622265747254
-0.980207013090954
-0.990389362538361
-0.996925803781672
-1
-0.999820091475626
-0.996615369183474
-0.990632763911122
-0.982133206679968
-0.971387917278891
-0.958674677855658
-0.94427414774409
-0.928466274056568
-0.911526850075678
-0.893724270182904
-0.875316526026004
-0.856548483921273
-0.837649478193986
-0.818831249370306
-0.800286249945126
-0.782186333966388
-0.764681840005657
-0.747901070337678
-0.731950162439386
-0.716913342351611
-0.702853543131459
-0.689813365662652
-0.677816353581116
-0.666868549102144
-0.656960292182666
-0.648068221786199
-0.64015743509584
-0.633183758386912
-0.627096081956893
-0.621838711033772
-0.617353684948988
-0.613583018057251
-0.610470817889314
-0.607965238797695
-0.606020232849789
-0.604597063875878
-0.603665555318816
-0.60320504777531
