-1
-0.99196642678132
-0.975973479811063
-0.952168682807693
-0.920771145020233
-0.882068982255689
-0.836415932117056
-0.784227208629174
-0.725974651497294
-0.662181234520011
-0.593415006032447
-0.520282541569288
-0.44342199510797
-0.363495840194606
-0.281183395901726
-0.19717323486984
-0.11215557161585
-0.026814728842846
0.0581782223297933
0.142172555447115
0.224544626773531
0.304704175629033
0.382100111080174
0.456225716843961
0.52662321494615
0.592887638125775
0.654669971052062
0.711679530967185
0.763685569231135
0.810518086262106
0.852067863374844
0.888285725858849
0.919181062150521
0.944819633986279
0.965320721833874
0.980853658553161
0.991633812014529
0.997918084196273
1
0.998204463591578
0.992882263437846
0.984404409328617
0.973156385531235
0.959532403821939
0.943929738494824
0.926743222604179
0.908359980706582
0.889154468309257
0.869483882190949
0.849683998844916
0.830065490617495
0.810910760807404
0.792471330186594
0.774965798245528
0.758578393100861
0.743458114580182
0.729718465664639
0.717437758371087
0.706659971431036
0.69739612890673
0.689626161298863
0.683301203857958
0.678346280811651
0.674663319148209
0.672134431521914
0.670625404821185
0.669989329001149
0.670070299946165
0.67070713039459
0.671737004309461
0.672999012479409
0.674337510531716
0.675605244866015
0.676666197190107
0.677398104263148
0.677694616018748
0.677467062334652
0.676645806211898
0.675181168894653
0.673043920368547
0.670225336585353
0.666736832541374
0.662609187854981
0.657891388619898
0.652649115936825
0.646962917537811
0.640926104217412
0.634642417286705
0.628223516899104
0.621786343804166
0.615450408826709
0.609335065119483
0.60355681799135
0.598226725879191
0.593447943837229
0.589313457804918
0.585904053942365
0.583286562563258
0.581512410735504
0.580616511557086
