-0.843180978400891
-0.830471309178075
-0.805228561390119
-0.767803410400679
-0.718715641179011
-0.658646777101602
-0.588430420851962
-0.509040449128126
-0.421577234243913
-0.327252094477532
-0.227370200747865
-0.123312189499256
-0.0165147502173306
0.0915495294939213
0.199392768083127
0.30553254441484
0.40851250188088
0.506922504915751
0.599418058105554
0.684738709922502
0.76172517908011
0.829334961335426
0.886656197954103
0.932919613637345
0.967508361074771
0.989965640980207
1
0.997488243740477
0.982475937808471
0.955175505651647
0.915961967576629
0.865366400072046
0.804067227944351
0.73287949328327
0.652742274438027
0.564704454569725
0.469909062558574
0.369576428746266
0.264986413898471
0.157459981654604
0.0483403924290693
-0.0610256998570122
-0.169306967732616
-0.275205671515632
-0.377475196075364
-0.474936610415426
-0.566494014607166
-0.651148459229086
-0.728010246245687
-0.796309446802578
-0.855404500295055
-0.904788789821576
-0.94409512127133
-0.973098066306634
-0.991714162865192
-1
-0.998148246376828
-0.986481713054932
-0.965445570801288
-0.935597869676333
-0.89759853355998
-0.852197024282775
-0.800218888759149
-0.742551417711431
-0.680128656005863
-0.61391601213711
-0.544894717900587
-0.474046388751358
-0.402337930798226
-0.330707031919255
-0.260048462269987
-0.19120139370683
-0.124937928639865
-0.061953006887278
-0.00285583459880556
0.0518370473411169
0.101706966384652
0.146436533424056
0.185811240839843
0.219719245014072
0.248149365190586
0.271187360184214
0.289010572839852
0.301881058860527
0.310137341230974
0.314184953565247
0.314485954950577
0.311547614940166
0.305910480011825
0.29813604186091
0.288794233197969
0.278450978198028
0.267656022386983
0.25693126060074
0.24675977182641
0.237575756403693
0.229755554457475
0.223609904831668
0.219377581530524
0.217220520121141
