-0.464826575921524
-0.457060613478021
-0.441617229469266
-0.41867233280058
-0.388486871689695
-0.351403382807508
-0.307841468215105
-0.258292265506057
-0.203311991043979
-0.143514649461464
-0.0795640144581524
-0.0121649962252993
0.0579454806217803
0.130007958030225
0.203250149110522
0.276896728344079
0.350179068751882
0.422344788810988
0.492666975381868
0.560452954371745
0.625052488219128
0.685865288425528
0.742347742137742
0.79401876402919
0.840464698250358
0.881343209806309
0.916386120147165
0.945401157787044
0.968272611150998
0.984960887336085
0.995500996809104
1
0.998633467043643
0.991641016341576
0.979321010941499
0.962024503765489
0.940148533278661
0.914128880122139
0.88443240240734
0.851549072680302
0.815983842941778
0.778248465508172
0.738853396908263
0.698299909450113
0.65707253061143
0.615631924084579
0.574408318252489
0.533795578218768
0.494146006423683
0.455765944528682
0.418912235846078
0.383789593343707
0.350548903395272
0.319286480213197
0.290044270534453
0.262810992874502
0.237524180761269
0.214073085044127
0.192302376866724
0.172016580407615
0.152985153222788
0.134948122142983
0.117622174337251
0.100707096478466
0.0838924500356582
0.0668643676426772
0.0493123542940945
0.0309359778084393
0.011451335556937
-0.00940281116605768
-0.0318593376343956
-0.0561175857894781
-0.0823388094309279
-0.110642309368299
-0.14110232161538
-0.173745708940481
-0.208550492547558
-0.245445246575757
-0.284309363698582
-0.324974185612792
-0.367224977866488
-0.410803714517633
-0.455412624764103
-0.500718441159361
-0.546357277525466
-0.591940054381914
-0.637058380789384
-0.68129079410415
-0.72420925336895
-0.76538577802065
-0.804399121336677
-0.840841367605067
-0.874324343391259
-0.904485736463406
-0.930994820872685
-0.953557693283321
-0.97192193379953
-0.985880614108832
-0.995275586595826
-1
