1
0.999527161876627
0.998547373656434
0.996993239589816
0.994765721045694
0.991736559369516
0.987751435263378
0.982633805319667
0.976189343431717
0.968210903139591
0.958483906748705
0.94679205846222
0.932923271946825
0.916675697828028
0.897863733676553
0.876323898159745
0.851920452215258
0.824550653348133
0.794149534412002
0.76069410543199
0.724206886049886
0.684758686879543
0.642470570281768
0.597514934606998
0.550115680591817
0.50054743409364
0.449133815453076
0.39624476222064
0.342292928501604
0.287729200485293
0.233037383560151
0.178728131506848
0.125332202352721
0.0733931383205924
0.0234594786912412
-0.0239233758784845
-0.0682215211549277
-0.108920996915325
-0.145536188190465
-0.177618042402647
-0.204761965237914
-0.226615260925808
-0.242883987644685
-0.253339105965228
-0.257821807493474
-0.256247922048145
-0.248611314644653
-0.234986198069366
-0.215528302696424
-0.190474862185654
-0.160143391545183
-0.124929252471732
-0.0853020196098044
-0.0418006801059664
0.00497228271812777
0.0543578528819766
0.105648406755126
0.158096497993959
0.21092438636681
0.263334181583042
0.314518462239692
0.363671221025432
0.409998980530811
0.452731919528088
0.491134847490326
0.524517865468277
0.55224655424771
0.573751535944468
0.588537262796808
0.596189896785285
0.596384155714523
0.588889015360316
0.57357217302021
0.550403195078444
0.519455289754766
0.480905665777988
0.435034458019562
0.382222221837554
0.322946018707576
0.257774136341252
0.187359506603916
0.112431903836678
0.0337890243706298
-0.047713435184613
-0.131172568147116
-0.21564977046277
-0.300182818713153
-0.383798347318624
-0.465524552297848
-0.544403944924002
-0.619505977169492
-0.689939361984292
-0.754863915197522
-0.813501752118239
-0.865147680651987
-0.909178643819257
-0.945062077800862
-0.972363066850063
-0.990750193379178
-1
