-0.636657560744089
-0.625543494334212
-0.60346696633328
-0.570729082803418
-0.527776274349853
-0.475194106742238
-0.413699168395021
-0.344129151996944
-0.267431273579321
-0.184649196171819
-0.0969086465582173
-0.00540193219642349
0.0886284191669988
0.183906662504092
0.279141237786223
0.373042323137244
0.464339289085617
0.551797806462009
0.634236366457635
0.710541980877213
0.779684843536088
0.840731749860112
0.892858090797251
0.935358258845749
0.967654328009632
0.989302895438813
1
0.999584061635773
0.98803681466653
0.965482237728339
0.932183512371964
0.88853807103191
0.835070822678261
0.772425670575684
0.701355460804722
0.622710522192548
0.537425977731442
0.446508024151897
0.351019389826724
0.252064191424731
0.150772416570144
0.0482842631130891
-0.0542654345528369
-0.1557624653529
-0.25512796787878
-0.351332413889309
-0.443408653098218
-0.53046383972339
-0.611690080215844
-0.686373662822591
-0.753902752820747
-0.813773462017455
-0.865594227045469
-0.909088457685317
-0.944095443490183
-0.970569533953879
-0.988577633924364
-0.998295081514124
-1
-0.994066237767168
-0.980955030892017
-0.961205541167546
-0.935424437982144
-0.904274705240562
-0.868463864282953
-0.828731810381448
-0.785838463791902
-0.740551436481121
-0.693633912559266
-0.645832934196737
-0.597868275518547
-0.550422074818925
-0.504129380641331
-0.459569750082849
-0.417260018402177
-0.377648337965189
-0.341109562105653
-0.307942025987028
-0.278365752414791
-0.252522086166957
-0.230474736184604
-0.212212181291585
-0.197651372379527
-0.186642642570246
-0.178975717099501
-0.174386696871773
-0.172565874100371
-0.173166225417372
-0.175812417518596
-0.18011015295978
-0.185655679253413
-0.192045282994161
-0.198884592376957
-0.205797516127649
-0.21243465445418
-0.218481028010818
-0.223662983867213
-0.227754152863767
-0.230580350250976
-0.232023330854891
