1
0.992911866515986
0.978825676419067
0.957920219327605
0.930460290706561
0.896792684547903
0.85734094833336
0.812598982336515
0.763123583384225
0.709526049683203
0.652462977966623
0.592626396797198
0.530733390179272
0.467515373520774
0.403707189322346
0.340036192671929
0.277211496646203
0.215913545065785
0.156784174761103
0.100417321664336
0.0473505147737852
-0.00194271049708583
-0.0470593626748097
-0.087672407811605
-0.123534963841982
-0.154483212556884
-0.180437986335466
-0.201405007734875
-0.217473781334596
-0.228815158527696
-0.235677616910568
-0.238382316214611
-0.237317012027356
-0.23292892656222
-0.225716692170957
-0.216221497891659
-0.205017581857389
-0.192702222658518
-0.179885390593439
-0.167179225034057
-0.155187506790623
-0.144495294343496
-0.135658890117463
-0.129196297650144
-0.12557832263378
-0.12522046051404
-0.128475700772817
-0.135628363403094
-0.146889066633608
-0.162390906939338
-0.182186913065626
-0.206248815504067
-0.234467151907955
-0.266652707655228
-0.302539269493825
-0.341787649274671
-0.383990914521976
-0.428680743329638
-0.475334803111088
-0.523385036351976
-0.572226721980334
-0.621228168507167
-0.669740884899818
-0.71711006739238
-0.762685235235612
-0.805830845826183
-0.845936719773223
-0.882428109258301
-0.914775248479891
-0.942502232960605
-0.965195084909798
-0.982508874512407
-0.994173781757965
-1
-0.99988140058477
-0.993797897324099
-0.981816470003987
-0.964090827197359
-0.940859710053738
-0.912443860133833
-0.879241695405671
-0.841723758889497
-0.800426023809911
-0.755942157180268
-0.708914860221207
-0.660026418642319
-0.609988608362508
-0.559532112512284
-0.509395613387783
-0.460314728287683
-0.413010960776881
-0.368180838842829
-0.326485408642325
-0.28854024712104
-0.254906148809639
-0.226080631683849
-0.202490394284428
-0.184484841525703
-0.172330780009947
-0.166208365469996
