-0.195883563088817
-0.187418598434445
-0.170610218584023
-0.145699717075668
-0.113044548413999
-0.0731130220801381
-0.0264773548852902
0.0261948120111815
0.0841503016487288
0.146561544172674
0.212538803809144
0.281143303171321
0.351401044613286
0.422317117906656
0.492890276340798
0.562127559548893
0.629058740996246
0.692750381137058
0.752319273700719
0.806945082305231
0.855881977458974
0.898469099799446
0.934139693879912
0.962428777661779
0.982979235774391
0.995546249205571
1
0.996326616362746
0.98462735087236
0.965116011875224
0.938114695133071
0.9040478890076
0.863435051481777
0.81688178074745
0.765069722569631
0.708745376836203
0.648707982321261
0.585796672474742
0.520877105789346
0.454827781824816
0.388526258176773
0.32283548450239
0.258590467150857
0.196585472039226
0.137561964262252
0.0821974706778381
0.0310955365655392
-0.0152230703424004
-0.0563277753251977
-0.0918841207153271
-0.121658111509311
-0.145518920762247
-0.163439919118881
-0.175498019472992
-0.181871354465692
-0.182835330910047
-0.178757130848471
-0.170088753407113
-0.157358714523648
-0.141162542631633
-0.122152227157093
-0.101024792927716
-0.0785101870590782
-0.055358675356859
-0.0323279525978675
-0.0101701751147144
0.0103808751503134
0.0286222885439862
0.0438939868447283
0.0555899519941401
0.0631685448523451
0.066161749341862
0.0641831948734877
0.0569348297935099
0.0442121404360982
0.0259078338581606
0.00201392710069048
-0.0273777885347766
-0.0620769135925662
-0.101797216184035
-0.146160970753258
-0.194704788289247
-0.246886842531321
-0.302095374410031
-0.359658336567139
-0.418854021627951
-0.47892250224573
-0.539077698048567
-0.598519874697514
-0.656448373467284
-0.712074366193719
-0.764633430150684
-0.81339774042566
-0.857687683608498
-0.896882705990484
-0.93043122183989
-0.957859422477215
-0.9787788445753
-0.992892576073323
-1
