0.213767282735733
0.211505320559567
0.207023654500436
0.20040596562321
0.191775701811222
0.181293631304534
0.169154649977234
0.155583900172801
0.140832271503634
0.125171365407968
0.108888015249049
0.0922784621648232
0.0756422935848278
0.0592762562057918
0.0434680581704767
0.0284902761690442
0.0145944821549489
0.00200570134758871
-0.00908269177573917
-0.018513539640448
-0.0261698386424396
-0.0319779661224764
-0.0359101279598296
-0.0379859704908834
-0.0382733145205456
-0.0368879840965022
-0.0339927182145086
-0.0297951694620229
-0.0245450095257195
-0.0185301772212856
-0.0120723199886419
-0.00552149437548777
0.00074979533983055
0.00635312879119043
0.0108911687930817
0.0139650161406093
0.0151818001532906
0.0141623793812609
0.0105490231098913
0.00401294260586371
-0.00573845851016519
-0.018954742790865
-0.0358361297048451
-0.0565278351335373
-0.0811151674109506
-0.109619477094164
-0.141995045355252
-0.178126982073942
-0.217830189592191
-0.260849431896826
-0.306860531972919
-0.355472702481798
-0.406231997037752
-0.458625851466793
-0.512088666811933
-0.566008368782335
-0.619733862101635
-0.672583283055789
-0.723852939719587
-0.772826817081046
-0.818786513788391
-0.861021468693631
-0.898839328908568
-0.931576306840717
-0.958607371721681
-0.979356121527413
-0.993304183930982
-1
-0.999066851692548
-0.990210003721878
-0.973222841921603
-0.947991903687906
-0.914500711211634
-0.872832334822703
-0.823170631609352
-0.765800123283308
-0.701104496760311
-0.629563730823248
-0.551749872234745
-0.468321504466709
-0.380016971517048
-0.287646437796173
-0.192082882505928
-0.0942521430349764
0.00487786359010278
0.104308599453576
0.203022892257206
0.299997288620619
0.394214606999625
0.484676519246778
0.570415988514708
0.650509392382917
0.724088163762622
0.790349788254167
0.848568005113046
0.898102069703193
0.938404948125962
0.969030329424272
0.989638357159108
1
