1
0.993266383177528
0.979876559347703
0.959984190018806
0.933816890490869
0.901672828567519
0.863916273743887
0.820972167344988
0.773319799577239
0.721485693573699
0.666035809035976
0.607567188802863
0.54669918043617
0.484064371568166
0.420299382195749
0.35603565926302
0.29189041871106
0.228457877693683
0.1663009148995
0.105943289959019
0.0478625438610663
-0.00751630870089848
-0.059826196910044
-0.108762437541888
-0.154086136713793
-0.195626498353287
-0.23328200568199
-0.267020460168983
-0.296877880820383
-0.322956285046868
-0.345420390394517
-0.36449329384833
-0.380451201943329
-0.393617300280631
-0.404354864998919
-0.413059731071123
-0.420152242783356
-0.426068820238933
-0.43125328207655
-0.436148068694714
-0.441185512065631
-0.446779297669472
-0.453316261189466
-0.461148657422422
-0.47058703145704
-0.4818938126682
-0.495277740617295
-0.510889218715655
-0.528816676707863
-0.549084006896896
-0.571649121817859
-0.596403663043229
-0.623173872255
-0.651722616941571
-0.681752544367403
-0.712910319118559
-0.744791881839143
-0.7769486500243
-0.808894566192362
-0.84011388467103
-0.870069575826385
-0.898212216039348
-0.923989223262857
-0.9468542917131
-0.966276875264334
-0.981751567497331
-0.992807227127882
-0.999015700707533
-1
-0.995441799212532
-0.985088127185254
-0.968757141562611
-0.946342885707239
-0.917818944456958
-0.883240931533496
-0.842747759228849
-0.796561659645558
-0.74498694596115
-0.688407521625969
-0.627283164784725
-0.562144634233013
-0.493587661583619
-0.422265911736237
-0.348883009945552
-0.274183748511939
-0.198944599144986
-0.123963668167087
-0.0500502407568462
0.0219859327634822
0.0913454511248857
0.157250017263201
0.218952975282668
0.275749472917264
0.326986098405195
0.372069848244191
0.410476292055584
0.44175681260499
0.465544812725435
0.481560796255026
0.489616246899247
