1
0.989409550458304
0.968358817053951
0.937106357155951
0.896035597373258
0.845649613319221
0.786564286657454
0.719499937768392
0.645271554182445
0.564777754942732
0.47898864899103
0.38893276124996
0.295683213073354
0.200343353965518
0.104032048780783
0.00786882890434293
-0.0870408828739287
-0.179620265959662
-0.268835111127391
-0.353707150269888
-0.433326522473984
-0.506863205595753
-0.573577258394847
-0.632827736392509
-0.684080164660653
-0.726912472422043
-0.761019317311894
-0.786214751068386
-0.802433202919513
-0.809728781644865
-0.808272921839733
-0.798350423925757
-0.780353960577069
-0.754777144118516
-0.722206269778298
-0.68331086814183
-0.638833216487135
-0.589576972648817
-0.536395106459258
-0.480177312493976
-0.421837093687669
-0.362298708317127
-0.302484172840785
-0.243300510161793
-0.185627427106216
-0.130305596388611
-0.0781257072236567
-0.0298184352241919
0.0139545334713154
0.0526083065169931
0.0856413200506294
0.112640526260124
0.133285177897111
0.147349176029413
0.154701969843205
0.155308019770276
0.149224857274456
0.136599795941511
0.117665368749635
0.0927335852431668
0.0621891195040203
0.0264815550554354
-0.013883174085039
-0.0583519962523792
-0.106334410696206
-0.157212528051931
-0.210351275974053
-0.26510860295138
-0.320845515780334
-0.376935791258695
-0.432775210275792
-0.487790172474487
-0.541445561865584
-0.593251747972562
-0.642770623028595
-0.689620593166874
-0.73348046014471
-0.774092149609948
-0.811262261930174
-0.844862441829311
-0.874828583178808
-0.901158904941509
-0.923910953144165
-0.943197601552077
-0.959182140148102
-0.972072555313481
-0.982115118532484
-0.98958741129131
-0.994790922443279
-0.998043360533964
-0.999670827327864
-1
-0.999350468140463
-0.998027367898748
-0.996314449339779
-0.994467704507523
-0.992709672945403
-0.991224528691727
-0.990154038271691
-0.98959446319308
