-0.705751865570858
-0.698049403142617
-0.682717317372335
-0.659900609156162
-0.629815093009228
-0.592745390621527
-0.549042284999988
-0.499119460031824
-0.443449656060357
-0.382560277525539
-0.317028493835001
-0.247475879348758
-0.174562642636892
-0.0989814989640493
-0.021451243232013
0.0572899166587273
0.13649120391029
0.215396230708249
0.293250005238619
0.369305922850258
0.442832676638686
0.513121023603517
0.579490344006762
0.641294933616924
0.69792997114204
0.748837106306443
0.793509617678531
0.831497093473515
0.862409593094303
0.885921252090637
0.901773298462535
0.90977645375784
0.909812698161502
0.901836384690669
0.885874693638177
0.8620274244901
0.830466128623572
0.791432592111894
0.745236683869388
0.692253590104149
0.632920461560509
0.567732505275151
0.497238557494594
0.422036178964073
0.34276631795926
0.260107590157417
0.174770227702713
0.0874897525851848
-0.000979568296983091
-0.089871427303222
-0.178414279179017
-0.265838182253643
-0.35138161673555
-0.434298219601243
-0.513863376578162
-0.589380613249985
-0.660187729346141
-0.725662622793356
-0.785228753079352
-0.838360196877044
-0.884586252667974
-0.923495555249419
-0.95473966547129
-0.978036105284566
-0.993170813149104
-1
-0.998451391261984
-0.988524845783923
-0.970292347993166
-0.943897374995435
-0.909553645723926
-0.867543264525896
-0.818214276722365
-0.761977658644259
-0.699303769396188
-0.630718296088917
-0.55679772847823
-0.478164402818492
-0.395481158254368
-0.30944565220739
-0.220784383942483
-0.130246477803627
-0.0385972794717339
0.0533881799906739
0.144931796592711
0.235259026166047
0.323605481194792
0.40922343595143
0.491388185069322
0.569404202034079
0.642611045862742
0.710388966445191
0.772164161626777
0.827413642092673
0.875669663447659
0.916523688542248
0.94962984704742
0.974707863493562
0.99154542943056
1
