0.736738369108477
0.731976641252874
0.722543515144761
0.708618002691307
0.690464531685748
0.668428116165677
0.64292804623634
0.61445020547675
0.583538147691159
0.550783086237205
0.516812968098902
0.482280820962099
0.447852574523256
0.414194566900473
0.381960953154271
0.3517812354567
0.324248133321797
0.299906007538245
0.27924004309599
0.262666384600167
0.250523402602145
0.243064251186435
0.240450856320647
0.242749451236175
0.249927749831923
0.261853822188409
0.278296708178536
0.29892877631855
0.323329805885477
0.350992741409152
0.381331040399185
0.41368750805204
0.447344487146266
0.481535247796081
0.515456400585689
0.548281138202326
0.579173095335752
0.607300604578316
0.631851117553375
0.652045555675099
0.667152353896076
0.676500963566405
0.679494587084746
0.675621927282394
0.664467748301362
0.645722061904336
0.619187773432042
0.58478664469512
0.542563456600857
0.4926882818774
0.435456807442783
0.371288676319268
0.30072385004058
0.224417023753535
0.143130157183688
0.0577232148270861
-0.0308567623326905
-0.121588104063123
-0.213388302491754
-0.305128950992522
-0.395651613672623
-0.483784392444856
-0.568358945849553
-0.648227704704241
-0.722281024468385
-0.789464013014657
-0.848792775334885
-0.899369823553292
-0.940398411384083
-0.971195566706142
-0.991203614026284
-1
-0.997305259558683
-0.982988987191049
-0.957073707138751
-0.919736567250773
-0.871308813528544
-0.812273035492458
-0.743258205905454
-0.66503257158916
-0.578494484553323
-0.484661293930031
-0.384656448778196
-0.279694989243741
-0.171067628401496
-0.0601236489797815
0.051747142263755
0.163133144777716
0.272620110193111
0.378810428049661
0.480342272292474
0.575908330754407
0.664273845208074
0.744293699039508
0.814928303025456
0.875258046889843
0.924496105016127
0.961999408590952
0.98727762319135
1
