0.757804688421323
0.760357624029548
0.765415571375082
0.772883297627161
0.782619482985622
0.794438534192125
0.808112966484525
0.823376323706142
0.839926599475225
0.857430116008089
0.875525811455454
0.893829881530625
0.91194071684652
0.92944407379197
0.945918414011496
0.960940345640543
0.974090098411817
0.984956964597583
0.993144638485111
0.998276388683158
1
0.997992424880095
0.991964088388142
0.981662795427284
0.966877194204297
0.947439755832719
0.92322923631155
0.894172593843429
0.860246341468497
0.82147732219165
0.777942901073343
0.72977057603858
0.67713701633778
0.620266544571526
0.559429084877577
0.494937606186752
0.42714509530431
0.356441099892867
0.283247886157361
0.208016260107082
0.131221104649133
0.0533566874170608
-0.0250682038661976
-0.103535240563553
-0.181521588550308
-0.258504942005824
-0.333968498825343
-0.407405822758813
-0.478325539906729
-0.546255820348979
-0.610748599395205
-0.671383497160656
-0.727771399820393
-0.779557670902468
-0.826424966269185
-0.868095631923985
-0.904333669387964
-0.934946259032646
-0.959784837353662
-0.97874572964535
-0.991770344814377
-0.998844944081458
-1
-0.995309166511399
-0.984887884608655
-0.968891651550568
-0.947513984424546
-0.920984111171936
-0.889564423950196
-0.853547730904503
-0.81325434306001
-0.769029033136347
-0.721237902647839
-0.67026519271426
-0.6165100726028
-0.560383438194271
-0.502304750362998
-0.442698940732877
-0.381993409478204
-0.320615136836401
-0.258987926851716
-0.197529798636345
-0.136650537179454
-0.076749412515498
-0.0182130729383749
0.0385863850283434
0.0932931699729729
0.14556937485215
0.195096387018692
0.241576135816978
0.284732186142023
0.324310687601151
0.360081189791801
0.391837334712915
0.419397437464958
0.44260496617722
0.461328931549683
0.475464195536341
0.484931707559335
0.489678675265989
