1
0.998682553892953
0.996063961750199
0.992176437301298
0.987067342737202
0.980798059853303
0.973442519882062
0.965085421194378
0.955820170360048
0.945746587737442
0.93496842370843
0.923590735796592
0.91171718012857
0.899447272959097
0.886873679234931
0.874079585393987
0.861136212773078
0.848100526138573
0.835013188984115
0.821896813401041
0.808754547579588
0.795569038417481
0.782301800386753
0.768893014842572
0.755261776463698
0.741306795617193
0.726907557271717
0.711925928781469
0.69620820056722
0.679587535573199
0.661886795519365
0.642921704533998
0.622504303872518
0.60044664522722
0.576564664721807
0.550682175164282
0.522634910588649
0.492274554621092
0.459472682814638
0.424124548844866
0.38615264536701
0.345509972401938
0.302182949326394
0.256193910854287
0.207603132755197
0.156510339390719
0.103055652369487
0.0474199476232322
-0.0101754031287583
-0.0694694213607659
-0.130163046408323
-0.191921291223205
-0.254376014681467
-0.317129286035712
-0.379757307444814
-0.441814851226662
-0.502840159711999
-0.562360247472909
-0.619896538391683
-0.6749707636476
-0.727111041339778
-0.775858054228354
-0.820771239041691
-0.861434899024125
-0.897464150928032
-0.928510618507192
-0.954267786746661
-0.974475934548745
-0.98892656834585
-0.997466285070199
-1
-0.996493483125938
-0.986975156729205
-0.971537116705717
-0.950335350671266
-0.923589136888429
-0.891579619409145
-0.8546475663614
-0.813190329855454
-0.767658037374047
-0.718549055573069
-0.666404777989316
-0.611803798071525
-0.555355538070329
-0.497693412503492
-0.439467612029803
-0.381337599508291
-0.323964414696163
-0.268002887374591
-0.214093860631281
-0.162856526538346
-0.114880975529995
-0.0707210584150667
-0.0308876561836822
0.00415755236464044
0.0340077415617686
0.0583159323852331
0.0767992612540336
0.0892424664832006
0.0955005452715085
