-0.215810078792391
-0.205721040163321
-0.185706516598951
-0.156091104219188
-0.117355457780886
-0.0701289112565756
-0.0151798166183553
0.0465962501584454
0.114190233996734
0.186495084616342
0.262322740783059
0.340422353230928
0.419499465616104
0.498235858254806
0.575309749376254
0.649416043337395
0.71928631477934
0.783708222060076
0.841544052403189
0.891748114913056
0.933382715706347
0.965632471612466
0.987816744852557
0.999400010410471
1
0.989393501106525
0.967519725996857
0.934481203279061
0.890542182965534
0.836124584448692
0.771801554739337
0.698288741152246
0.616433417778265
0.52720163801098
0.431663615587853
0.330977563592958
0.226372244234241
0.119128501592893
0.0105600646489645
-0.0980060815137286
-0.205249452487716
-0.309875644290205
-0.410635434643967
-0.506343112634386
-0.595893756426075
-0.678279195913652
-0.752602418446791
-0.81809020076876
-0.874103778641443
-0.920147396847558
-0.955874615866942
-0.981092286986081
-0.995762144357712
-1
-0.994072565321707
-0.978391959889041
-0.953508004227853
-0.920098427915338
-0.878957156518427
-0.830980870576587
-0.777154056342371
-0.718532790971464
-0.656227523939174
-0.591385131358455
-0.525170530358247
-0.458748146592933
-0.39326352920936
-0.329825404186092
-0.269488448943409
-0.213237058637601
-0.161970357805692
-0.116488690290419
-0.0774817959863383
-0.0455188553003509
-0.0210405517585484
-0.00435327040527034
0.00437448494500381
0.0051134083736355
-0.0020275682827281
-0.0168044865076223
-0.0388437611395889
-0.0676496723537562
-0.102613819164657
-0.143026372766716
-0.188088939421773
-0.236928817100123
-0.288614408086528
-0.342171531622659
-0.396600366658164
-0.450892745143475
-0.504049511168255
-0.555097660708018
-0.603106980792407
-0.647205915483349
-0.686596399009185
-0.720567413531153
-0.748507050044547
-0.769912875499166
-0.784400436966809
-0.791709764141489
