-0.601108324571855
-0.597303840780716
-0.589697989819601
-0.578297410866579
-0.563113067375727
-0.544161424467008
-0.521465972295153
-0.495059056689893
-0.464983970079951
-0.431297248328971
-0.39407111276758
-0.353395991528327
-0.309383050385612
-0.262166660754904
-0.211906731375042
-0.158790830519917
-0.103036027371547
-0.0448903844198546
0.0153659626056297
0.0774201947869737
0.140926720336803
0.205507647103124
0.270753849808377
0.336226654351199
0.401460150598245
0.465964133693767
0.529227662209711
0.590723209649466
0.649911374109007
0.706246099495517
0.759180350808499
0.808172175798784
0.85269107602388
0.892224602088794
0.926285080858684
0.954416376794456
0.976200585414419
0.991264554321386
0.999286126327061
1
0.993203105478524
0.978759397616161
0.956603974427602
0.926746436312648
0.889273410562842
0.84435017608287
0.792221334945406
0.7332104901804
0.667718902895302
0.596223116231576
0.519271548571721
0.43748007359578
0.351526620015721
0.262144838855459
0.170116900758743
0.0762654997659422
-0.0185548469197289
-0.113467101668321
-0.207581499455532
-0.300005709758013
-0.389855238281335
-0.47626393366064
-0.558394460322774
-0.635448596709528
-0.706677218089583
-0.771389825256331
-0.828963484514204
-0.87885105046064
-0.920588551107191
-0.95380162475453
-0.978210909617046
-0.993636300331056
-1
-0.997328312131273
-0.985752133484914
-0.965506126249951
-0.936926565843261
-0.900447878732774
-0.856597902760805
-0.805991920222313
-0.749325531177421
-0.687366450894767
-0.62094533068968
-0.550945715510292
-0.478293264224686
-0.403944369482698
-0.328874323100841
-0.254065180007454
-0.180493478776147
-0.109117979587125
-0.0408675810381947
0.0233704244376629
0.082761600687999
0.136534973710871
0.183992851685796
0.224519727752247
0.257590146156537
0.282775426109505
0.299749152914351
0.308291362422505
