1
0.999243278903124
0.997718189475415
0.995401702661179
0.992259933690585
0.988248919527601
0.983315633821041
0.977399221270114
0.970432429366445
0.962343211893181
0.953056475408754
0.94249593727136
0.930586061615679
0.917254038112526
0.902431767352851
0.886057816317561
0.868079307632268
0.848453707159243
0.827150475935325
0.804152554502588
0.779457650266383
0.753079301612603
0.725047696073475
0.695410223792308
0.664231751838987
0.631594609500419
0.597598279439903
0.562358794509223
0.526007844927699
0.488691605433121
0.450569296780302
0.411811500535602
0.372598250414561
0.333116927363405
0.293559989127526
0.254122568121278
0.214999973961163
0.176385139004457
0.13846604661221
0.101423182603557
0.0654270504715426
0.0306357903836141
-0.00280705920265989
-0.034774620301151
-0.0651585199568011
-0.0938704890226352
-0.12084368709809
-0.146033729570454
-0.169419397111901
-0.191003012740699
-0.210810476583666
-0.228890953699972
-0.245316215662962
-0.260179641963241
-0.273594892608942
-0.285694268473915
-0.296626780899939
-0.306555956715912
-0.315657409121101
-0.324116208721868
-0.332124092349631
-0.339876550067482
-0.34756983294772
-0.3553979257357
-0.36354952937979
-0.372205098586208
-0.381533979044923
-0.391691687773345
-0.402817378153469
-0.415031528721378
-0.428433891641351
-0.443101733105916
-0.459088393702311
-0.476422192137519
-0.495105690687916
-0.515115335411169
-0.536401478608113
-0.558888785334817
-0.582477020026813
-0.607042203595834
-0.632438125781793
-0.658498192174662
-0.685037580244922
-0.711855674015606
-0.73873874274642
-0.765462825247104
-0.791796778251364
-0.817505444714437
-0.842352895986757
-0.86610570059396
-0.888536171839359
-0.909425546648146
-0.928567048991123
-0.945768792846791
-0.960856481960648
-0.97367586660537
-0.984094921091464
-0.992005709871613
-0.997325914661873
-1
