1
0.9974106052704
0.992245214884475
0.98453062043471
0.974306991160928
0.961627847277911
0.946560016389552
0.929183566377269
0.909591706821729
0.887890649895316
0.864199420780593
0.838649607055179
0.811385036158313
0.782561370036072
0.752345606361353
0.720915476345997
0.688458730103802
0.655172301776217
0.62126134818228
0.586938156579818
0.55242091919885
0.517932374498021
0.48369831756306
0.449945984670629
0.416902319735818
0.384792133098123
0.353836165828212
0.324249075404033
0.296237361157229
0.269997250277647
0.245712567334331
0.223552612177823
0.203670072685998
0.186199000063407
0.171252875266288
0.158922795572002
0.149275810318459
0.142353434389083
0.138170367101843
0.13671344277433
0.137940837385881
0.141781553455206
0.148135202518393
0.156872101455632
0.167833695410766
0.180833316217824
0.195657281141406
0.212066332406843
0.22979741350028
0.248565773620748
0.268067387031724
0.287981669456402
0.307974469157876
0.327701306011541
0.346810827780244
0.364948449008742
0.381760134525621
0.396896286536398
0.410015691764422
0.420789483093849
0.428905068731809
0.434069981067937
0.436015597193554
0.434500683466068
0.429314717573891
0.420280943271137
0.407259115298266
0.390147894963876
0.368886860404193
0.343458099621872
0.313887358987446
0.280244724910516
0.242644821791705
0.201246515082574
0.156252114235843
0.107906076444665
0.0564932182667588
0.00233644842383396
-0.054205958824708
-0.112743524395896
-0.172857128159989
-0.234102939398416
-0.296016672611459
-0.358118122871234
-0.419915930984035
-0.480912525393541
-0.540609185072614
-0.598511165657489
-0.654132829806022
-0.707002722233516
-0.756668530107511
-0.802701870468678
-0.844702848079773
-0.882304329569766
-0.915175882906531
-0.943027335060123
-0.965611905161795
-0.982728875464904
-0.994225767908335
-1
