0.939986852494164
0.940457678451974
0.941394452169307
0.942787359046395
0.944621533849347
0.946876894750228
0.949527931980799
0.952543459347001
0.955886338584378
0.959513188057357
0.963374088583965
0.967412300173125
0.971564004169729
0.975758085694519
0.979915971328215
0.983951536715305
0.987771098151548
0.991273501275899
0.994350318723833
0.996886167032527
0.998759151242436
0.999841443543367
1
0.999097416900132
0.996992925640917
0.993543522349151
0.988605225668832
0.982034453391982
0.973689505907062
0.963432141842961
0.951129228844631
0.93665445017599
0.919890045851329
0.900728565289431
0.879074607101847
0.854846520600774
0.827978042969438
0.798419845800019
0.766140964885399
0.731130087759565
0.693396674518348
0.652971888911424
0.60990931856543
0.564285465456638
0.516199990373712
0.465775698063712
0.413158252999257
0.358515619197449
0.30203722121341
0.243932827270097
0.184431159415855
0.12377823956349
0.0622354841998514
7.75644026418387e-05
-0.0624099484984589
-0.124933127784979
-0.187192399673868
-0.248885385123291
-0.309709842589277
-0.369366677060684
-0.427562979006417
-0.484015055656277
-0.538451416331287
-0.590615673359341
-0.64026932046873
-0.687194351448721
-0.731195683298066
-0.77210335003639
-0.809774435809152
-0.844094718845997
-0.874980001199271
-0.902377102951698
-0.926264503691246
-0.946652618452562
-0.963583699959088
-0.977131363805022
-0.987399738125418
-0.99452224424781
-0.998660019730341
-1
-0.998752679441724
-0.995149577188103
-0.989440436956594
-0.981890194016701
-0.972775745688457
-0.962382564626346
-0.951001196486572
-0.93892368537418
-0.926439971691727
-0.91383430764246
-0.90138173566643
-0.889344674504173
-0.87796965639482
-0.867484257137574
-0.858094258399833
-0.849981078772161
-0.843299506688119
-0.838175764490968
-0.834705928691294
-0.832954726877509
