1
0.987142093269039
0.961596764060655
0.923702560910135
0.873961292419458
0.813030909714485
0.741716180602234
0.660957292977081
0.571816555462323
0.475463391167744
0.373157845373748
0.266232849543053
0.156075501988113
0.0441076395187849
-0.0682340157467263
-0.179517844647379
-0.288337163342884
-0.393329611948827
-0.493195819082504
-0.586717073616249
-0.672771750598285
-0.750350257722879
-0.818568291607376
-0.876678219106737
-0.92407842756277
-0.960320518801341
-0.98511425437858
-0.998330193532765
-1
-0.990314428766682
-0.969619038426019
-0.93840770855153
-0.897314073884452
-0.847101017663356
-0.788648394642352
-0.722939179825347
-0.651044261307892
-0.574106114534553
-0.493321610472221
-0.409924221450788
-0.325165895576173
-0.24029887358523
-0.156557720761077
-0.0751418411000639
0.00280126857807161
0.0761917802903893
0.144032085118205
0.205419925276799
0.259559924839596
0.305773362143559
0.343506055372002
0.372334263079499
0.391968533008923
0.402255464951696
0.403177386107608
0.394849969895343
0.377517860940313
0.351548399526825
0.317423567672466
0.275730305718162
0.22714937251715
0.172442943581798
0.112441159587909
0.0480278521736217
-0.0198743152074075
-0.0903190466630379
-0.162351705755138
-0.235024453176652
-0.307410988412302
-0.378620662358409
-0.44781174033943
-0.514203610887688
-0.577087754775006
-0.635837310776735
-0.689915099141843
-0.738879990329973
-0.782391534818345
-0.820212799213842
-0.8522113840463
-0.878358628976416
-0.898727041231863
-0.91348601240053
-0.922895916786424
-0.927300710919075
-0.927119178077451
-0.922834983455919
-0.91498572451559
-0.904151176829662
-0.89094094809794
-0.875981761781095
-0.859904596855898
-0.843331911445491
-0.826865175522859
-0.811072931572004
-0.796479592131745
-0.783555169713028
-0.772706117899555
-0.764267442793772
-0.758496221684123
-0.755566641256019
