-1
-0.99354192723909
-0.980668098041133
-0.961462862256439
-0.936052039408147
-0.904602077258645
-0.867318937994816
-0.824446718934548
-0.776266016335023
-0.723092042528881
-0.665272508220106
-0.603185283329778
-0.537235851284522
-0.467854573079149
-0.395493778810621
-0.320624705663846
-0.243734302521333
-0.165321922458367
-0.0858959253632566
-0.00597021377798834
0.0739392742216809
0.153318090706031
0.231656797300454
0.308454453224011
0.383222046757733
0.455485845019915
0.524790637186085
0.590702846740787
0.652813488990713
0.710740950906797
0.76413357139733
0.812672001344288
0.856071324157724
0.894082919213631
0.926496052331994
0.953139179414616
0.973880951485515
0.98863091164655
0.997339876861979
1
0.996644510167471
0.987347132054339
0.972221187733909
0.95141838711918
0.92512731602858
0.893571633539589
0.857007992978882
0.815723703484722
0.770034151553931
0.720280004324157
0.666824218515643
0.610048880939371
0.550351908245777
0.488143635117315
0.423843321378117
0.357875609486264
0.290666964572705
0.22264212958255
0.154220628149234
0.0858133475831964
0.0178192337808998
-0.0493778710423951
-0.115412218117707
-0.179938941246833
-0.242636618991273
-0.303209585762515
-0.361389970052261
-0.416939440690815
-0.469650644893944
-0.519348324925216
-0.565890103431099
-0.609166930866877
-0.649103191887563
-0.68565647109265
-0.718816982048899
-0.748606667032717
-0.775077978394002
-0.798312355808071
-0.818418416913032
-0.835529881890016
-0.849803255397383
-0.861415291884124
-0.870560272651185
-0.877447125074183
-0.882296416122261
-0.885337253683966
-0.886804130224975
-0.886933743940264
-0.885961832816248
-0.884120056881435
-0.881632963397045
-0.87871506882629
-0.875568090131153
-0.872378356291917
-0.869314428944825
-0.866524958708806
-0.864136801148478
-0.862253413426858
-0.860953549569541
-0.860290268927717
