-1
-0.995390484925705
-0.986198004129132
-0.972475424780553
-0.954301471559484
-0.931780043048968
-0.905039312955247
-0.874230626805313
-0.839527207156865
-0.801122682556009
-0.759229457467517
-0.714076942153379
-0.665909662964456
-0.614985274717449
-0.561572497739853
-0.505949002767907
-0.448399267170346
-0.389212425942114
-0.328680140569859
-0.267094508222431
-0.204746032776508
-0.141921677966002
-0.0789030214641782
-0.0159645269932114
0.0466280503656673
0.108619112587178
0.16976451001176
0.229832667074126
0.28860553640389
0.345879377719087
0.401465360402338
0.455189991083191
0.506895369913003
0.556439281476387
0.603695128403148
0.648551717696793
0.690912911552915
0.730697155978933
0.767836901825596
0.802277933883565
0.833978624473184
0.862909128453794
0.889050536797171
0.912394005808333
0.932939878741258
0.950696815956181
0.965680948912553
0.977915072204661
0.987427886546195
0.994253304119608
0.998429826052949
1
0.999009963910182
0.99550908011532
0.98954966186422
0.981186792436862
0.970478235001273
0.957484429470506
0.942268570806093
0.924896761527478
0.905438229651817
0.883965601929836
0.860555221082975
0.835287494803171
0.808247263564069
0.779524173821911
0.749213042962823
0.717414202383117
0.684233805369218
0.649784086968233
0.614183563799261
0.57755716273606
0.540036268576255
0.501758682180721
0.462868482095621
0.423515784332791
0.383856396753769
0.344051366348737
0.304266419593078
0.264671297969395
0.225438992629623
0.186744884009004
0.148765793960058
0.111678959621303
0.0756609397444081
0.040886465549784
0.00752724934135252
-0.0242492349328385
-0.054280984252815
-0.0824126968094313
-0.108496984316986
-0.132395550663963
-0.153980321447202
-0.173134509416687
-0.189753601577689
-0.203746254642925
-0.21503508668512
-0.223557354191422
-0.229265505244302
-0.232127601224587
