-0.670606266785627
-0.661035362959859
-0.642008091376576
-0.61375200904206
-0.57660468527108
-0.531009242497328
-0.477508510131468
-0.416737874794912
-0.349416928736676
-0.276340035204433
-0.198365944737792
-0.116406609557672
-0.0314153542465238
0.0556254304106638
0.143716897349891
0.231856480194722
0.319050579503857
0.404327022112258
0.486747121537487
0.56541717409642
0.639499234457891
0.708221025699656
0.770884852365606
0.826875400321904
0.875666324151728
0.916825541146082
0.950019170361358
0.975014075425633
0.991678990476783
0.99998422949162
1
0.991893362458512
0.975923896079919
0.952438150385221
0.921862978890345
0.884697866905912
0.84150637918842
0.792906864935554
0.739562567199758
0.682171291069714
0.621454789841969
0.558148030815348
0.492988502267896
0.426705720637391
0.36001109197763
0.293588274496209
0.228084179523782
0.16410073678113
0.102187536491216
0.0428354459484697
-0.0135287181492035
-0.066546397714803
-0.11593033598463
-0.161466428059409
-0.203014371422283
-0.240507127537301
-0.273949224227845
-0.303413946480233
-0.329039480334891
-0.351024090353685
-0.369620425545161
-0.385129061371417
-0.397891396360501
-0.408282030746091
-0.416700761324137
-0.423564331260892
-0.429298075851318
-0.434327605190566
-0.439070662400779
-0.443929291503513
-0.449282442333308
-0.45547913117259
-0.462832265206515
-0.471613226632149
-0.482047298519342
-0.494309999543363
-0.508524378743553
-0.524759304774239
-0.543028766981059
-0.563292188340758
-0.585455733129834
-0.609374575418723
-0.634856078397171
-0.661663819384733
-0.689522381413634
-0.71812281971442
-0.74712870048992
-0.776182600204157
-0.804912946384997
-0.832941075755263
-0.859888382445648
-0.885383428148064
-0.909068887348447
-0.93060820420583
-0.949691843157331
-0.966043022829547
-0.979422832196359
-0.989634638981665
-0.996527712875369
-1
