0.582951040659139
0.577160320927594
0.565689867719791
0.54875974998751
0.526695343373396
0.499921743483265
0.468956459783737
0.434400509629456
0.396928058163352
0.35727477373322
0.3162250896441
0.274598581177479
0.233235681563067
0.192982971748055
0.154678286190846
0.11913588038994
0.0871319053848774
0.059390430038565
0.0365702435961814
0.0192526589439042
0.00793052135007666
0.00299860850808353
0.00474558571332873
0.013347655343912
0.0288640128664674
0.0512341927824396
0.080277357723207
0.115693552775001
0.157066915561765
0.203870801138538
0.255474749851575
0.311153196497421
0.37009579083854
0.431419173260507
0.494180025506877
0.557389195386223
0.620026676451105
0.681057209190913
0.73944625949565
0.794176123213772
0.844261902661532
0.888767101998336
0.926818593453381
0.957620715400774
0.980468276098139
0.994758253332092
1
0.995823788494765
0.981987552293212
0.958381710980808
0.925031994641233
0.882100214633623
0.829882959785735
0.768808229444998
0.699430047141758
0.622421130320982
0.538563722190418
0.448738720731449
0.353913266865003
0.255126978231819
0.15347703664564
0.0501023556654474
-0.0538329303850745
-0.157156403485273
-0.258704465394762
-0.357339344694671
-0.451965745479726
-0.541546880811855
-0.625119643088496
-0.701808676404064
-0.770839132593972
-0.831547912692095
-0.883393218695608
-0.925962266457174
-0.958977038811551
-0.982297988252351
-0.995925630134914
-1
-0.994797981681583
-0.980728545864517
-0.958325971178685
-0.928241151248757
-0.891231120872844
-0.848146962213234
-0.799920277114166
-0.747548434019442
-0.692078817095829
-0.634592320775913
-0.57618634477065
-0.517957552480391
-0.460984659528567
-0.406311518793131
-0.354930763820707
-0.307768263945294
-0.265668631929132
-0.229382008691386
-0.199552329942694
-0.176707256607029
-0.161249925143476
-0.1534526456802
