-0.342391136161897
-0.334817567192821
-0.319755570690662
-0.297374470417196
-0.267925865784069
-0.231740800550503
-0.189226040931354
-0.140859507808824
-0.0871849178193488
-0.0288056974576161
0.0336217571172954
0.0993953942814112
0.167775308282573
0.237991935382168
0.309254548184247
0.380759948477295
0.451701257118177
0.52127669896969
0.58869828166125
0.653200268958422
0.714047352765919
0.77054243219912
0.822033913674137
0.867922452505051
0.907667063964522
0.940790540054875
0.966884117234326
0.985611349922983
0.996711154643903
1
0.995373228208939
0.982805504475575
0.962350400936534
0.934139132128496
0.898378468780301
0.85534786608506
0.805395851356938
0.748935724012423
0.686440628043834
0.618438063491762
0.545503908805048
0.468256030348051
0.387347558636267
0.303459913129299
0.217295658576303
0.12957127600018
0.0410099304448537
-0.047665684369126
-0.135740347281767
-0.222513083476193
-0.307303642141779
-0.389458614782801
-0.468357137021556
-0.543416123382945
-0.614094991633849
-0.679899840675441
-0.740387053637733
-0.795166305590709
-0.843902963053738
-0.886319870146139
-0.922198523672533
-0.951379646578699
-0.973763175956127
-0.989307688033913
-0.998029288302208
-1
-0.995345688620516
-0.984243563800946
-0.966919302942507
-0.943643843137569
-0.914729889460193
-0.880528188414804
-0.841423615355931
-0.797831124022346
-0.750191605013723
-0.698967698128784
-0.644639601040357
-0.587700913871502
-0.528654555929998
-0.468008787232469
-0.406273363583525
-0.343955849950147
-0.281558112767606
-0.219573007709764
-0.15848127542959
-0.0987486538973338
-0.0408232123007299
0.014867091916267
0.0679166343592623
0.117944127503983
0.164594413480972
0.207540054118914
0.246482727935866
0.281154444705888
0.311318588713647
0.336770801854751
0.357339717367338
0.372887554221928
0.383310581090987
0.388539457413251
