1
0.99745943129281
0.992386043353898
0.984795451953249
0.97471136883033
0.962165936380162
0.947200155785655
0.929864393549971
0.910218948213001
0.888334656245225
0.86429351376096
0.838189288833821
0.810128097873861
0.780228918772564
0.748624013362146
0.715459232182612
0.680894175605374
0.645102187016618
0.608270155996416
0.570598112209407
0.532298594007851
0.493595779486452
0.454724371859907
0.415928235490287
0.377458783596476
0.33957312355118
0.302531970626888
0.266597346002638
0.232030079698638
0.199087143776473
0.168018845540687
0.139065914518468
0.112456520597763
0.0884032637964502
0.0671001786494683
0.0487197980789675
0.0334103228061131
0.0212929428342525
0.0124593572552316
0.00696953758908636
0.00484977805989639
0.00609107364752215
0.0106478634590828
0.0184371729704911
0.029338184044235
0.0431922563933094
0.0598034184016414
0.078939339007152
0.100332785791602
0.123683567595865
0.148660952990076
0.174906548879426
0.202037616525212
0.229650795414724
0.257326198830277
0.284631838751777
0.311128331979745
0.336373834182042
0.359929144035692
0.381362915834846
0.40025691593671
0.4162112562776
0.428849536957725
0.437823829599118
0.442819433846249
0.443559341008881
0.43980834143317
0.43137671570693
0.418123454221339
0.399958954873498
0.376847154738336
0.348807058288379
0.315913632108716
0.278298043944778
0.236147232226592
0.189702800821912
0.139259242563656
0.0851615039520577
0.0278019122247284
-0.0323835054061746
-0.0949192722539957
-0.15929523643148
-0.224971815610478
-0.291385652304697
-0.357955613786632
-0.424089065660719
-0.489188343939712
-0.552657347274789
-0.613908168822636
-0.6723676861313
-0.727484027412195
-0.778732833644411
-0.825623238119828
-0.867703488258533
-0.904566138763671
-0.935852750388302
-0.961258034685711
-0.98053339202748
-0.993489797807347
-1
