1
0.991270353282807
0.973895328176817
0.948042472555857
0.91396064928048
0.871977121694189
0.822493727463839
0.765982190971483
0.702978635674722
0.6340773681969
0.55992401524277
0.481208102629986
0.398655172669079
0.313018541720077
0.225070803927971
0.135595189838081
0.0453768897837488
-0.0448055483874448
-0.134188639514711
-0.222032094822089
-0.307626569404164
-0.390300929852613
-0.469428955686159
-0.544435396690519
-0.614801317725273
-0.680068672868931
-0.739844061797746
-0.793801632864454
-0.841685109289541
-0.883308927025015
-0.918558485022203
-0.947389520655137
-0.96982663474734
-0.985961001856177
-0.995947312027751
-1
-0.998388826668346
-0.991433885418335
-0.979500112571004
-0.962991386595152
-0.942344304851479
-0.91802172940189
-0.890506194818869
-0.860293270961495
-0.827884972363421
-0.793783303241853
-0.758484023242026
-0.72247071395478
-0.686209220078079
-0.650142531945375
-0.614686168136564
-0.580224108155119
-0.547105315841344
-0.515640884447664
-0.486101824283175
-0.458717503699858
-0.433674744099962
-0.411117559748951
-0.391147523631871
-0.373824731536402
-0.359169328117435
-0.34716355101814
-0.337754242300429
-0.330855770567711
-0.326353302322855
-0.324106357354744
-0.323952580330264
-0.325711659308358
-0.329189321593775
-0.334181338196057
-0.340477470121526
-0.34786529275218
-0.356133838588325
-0.365077003568658
-0.374496667935638
-0.384205489076142
-0.394029330817855
-0.403809301172572
-0.413403378354112
-0.422687612922487
-0.431556901977271
-0.439925339302191
-0.44772615311343
-0.454911250454551
-0.461450394187306
-0.467330044835338
-0.472551905143368
-0.477131210027426
-0.481094808535715
-0.484479087454186
-0.487327788231523
-0.489689769937941
-0.491616771001313
-0.493161221490792
-0.494374155767511
-0.495303272436484
-0.495991184771946
-0.496473900223406
-0.496779562329055
-0.496927482466299
