1
0.98913832544526
0.967540103486338
0.935453956830998
0.893248763423702
0.841408852794602
0.78052770633868
0.711300249662736
0.634513844722215
0.551038107475307
0.461813692946103
0.36784020367722
0.270163389362096
0.169861814809225
0.0680331801729692
-0.0342195185049714
-0.135801799015825
-0.235641284892739
-0.332700895499295
-0.425991456992139
-0.514583566087367
-0.597618550180386
-0.674318381192628
-0.743994416331571
-0.80605485651017
-0.860010832209433
-0.905481046794018
-0.942194928399111
-0.969994263179159
-0.988833304620018
-0.998777375438238
-1
-0.992778625870948
-0.977489012752789
-0.95459838538617
-0.924657463736851
-0.888291498693836
-0.84619045438327
-0.799098488862252
-0.747802893258684
-0.693122655260058
-0.635896816157431
-0.576972791391471
-0.517194822735608
-0.45739272593646
-0.398371090901155
-0.3408990824992
-0.285700978891514
-0.233447571201665
-0.184748533523256
-0.140145855956969
-0.1001084158565
-0.0650277440166973
-0.0352150234546259
-0.0108993390173184
0.00777282339568308
0.0207368483776962
0.0280080723097749
0.0296787311278188
0.0259138478979524
0.0169461487713214
0.00307010951987863
-0.0153647533190768
-0.0379612228091432
-0.0642822218688047
-0.0938590162597374
-0.126199639903636
-0.160797401176507
-0.197139330182913
-0.234714430620124
-0.273021605622373
-0.311577134813187
-0.349921589541204
-0.38762608475432
-0.424297778974024
-0.459584548138419
-0.493178774441208
-0.524820207441891
-0.554297871385321
-0.581451009565774
-0.606169073418881
-0.628390780543654
-0.648102281773104
-0.665334492463742
-0.68015965711537
-0.692687229036652
-0.703059157835769
-0.711444686862467
-0.71803477021076
-0.723036224394838
-0.726665733252389
-0.729143825962046
-0.730688947273178
-0.731511736160342
-0.731809624189878
-0.731761858015134
-0.731525041724555
-0.731229284408728
-0.730975026471415
-0.730830605093165
