-0.745087008148423
-0.746955573805453
-0.750669307919414
-0.756181567162536
-0.763422764154618
-0.772300820381154
-0.782701769663333
-0.794490511697943
-0.807511714916728
-0.821590867553285
-0.836535475337887
-0.852136403656405
-0.868169361301482
-0.884396522108515
-0.900568279805489
-0.91642513031783
-0.931699674564363
-0.946118733469142
-0.959405565511105
-0.971282175657031
-0.981471702994786
-0.989700872827228
-0.995702497429465
-0.99921800814196
-1
-0.997814768717543
-0.992444818582563
-0.983691318713625
-0.971376484204683
-0.955345857976877
-0.935470468690452
-0.911648839872076
-0.883808825505351
-0.851909247733744
-0.815941313050309
-0.775929784407539
-0.731933888078748
-0.684047935839838
-0.63240164511185
-0.577160142099846
-0.518523635666281
-0.456726752665542
-0.39203752871406
-0.324756051845408
-0.255212760165614
-0.183766398439642
-0.110801642461052
-0.0367264040352339
0.0380311666081024
0.11302596021781
0.187799445143779
0.261883432896138
0.334804040878365
0.406085817311214
0.475255990454429
0.541848801681461
0.605409879813215
0.665500612410328
0.721702468494703
0.773621226449762
0.820891060658424
0.863178440795191
0.900185798603894
0.931654918468088
0.95737001011226
0.977160424346363
0.990902975864065
0.998523840699093
1
0.995360206260195
0.984685452989863
0.968108933986001
0.945815483787774
0.918040496533935
0.885068326200437
0.847230177020329
0.80490149870338
0.758498906807235
0.708476654193285
0.65532268485754
0.599554306490376
0.541713522822926
0.482362071099443
0.422076213816677
0.361441337140808
0.301046411104033
0.241478368757559
0.18331646288412
0.127126659628065
0.0734561284694275
0.0228278873441559
-0.0242643396016843
-0.0673609961289847
-0.106041247050836
-0.139927160844396
-0.168687476042525
-0.192040910141616
-0.209758974682249
-0.221668265518195
-0.227652203023005
