-0.309865684653316
-0.301062721709461
-0.283576929716287
-0.257646871083715
-0.22362615131921
-0.18197840386564
-0.133270719676014
-0.0781656190573317
-0.017411684879832
0.0481670040029238
0.117682482643698
0.190195381469802
0.264728094959937
0.340278443323762
0.415833626092213
0.490384262691418
0.562938314343149
0.632534684016278
0.698256296605105
0.759242469942816
0.814700398536939
0.863915585860257
0.906261077425809
0.941205365461854
0.968318856491809
0.987278815196458
0.997872721248345
1
0.993672112604476
0.979011015967475
0.956246027492933
0.925709153510983
0.887828963202242
0.843123111404962
0.792189633583703
0.735697154148045
0.674374164967877
0.60899754410353
0.540380495259701
0.469360096129025
0.396784648506119
0.323501024763972
0.250342203976726
0.178115186678205
0.107589470042802
0.0394862552883024
-0.0255314535041231
-0.0868677149715726
-0.144001353450955
-0.196492391425606
-0.243987124150237
-0.286221771066437
-0.323024661421796
-0.354316934846628
-0.380111761153797
-0.400512106938578
-0.415707099300208
-0.425967058828547
-0.431637294557193
-0.433130772558976
-0.430919786957252
-0.425526777083826
-0.417514447103344
-0.407475354454503
-0.396021140781427
-0.383771583538597
-0.371343648089171
-0.359340718864728
-0.348342184045656
-0.338893541332244
-0.331497182827768
-0.326604005009163
-0.324605975420509
-0.325829771327634
-0.330531587389137
-0.338893189728327
-0.351019272953253
-0.366936155007333
-0.386591822592696
-0.409857317650604
-0.436529433367697
-0.466334666757989
-0.49893435439311
-0.533930898645587
-0.570874974179783
-0.609273588653703
-0.648598857933664
-0.688297344789302
-0.727799801207506
-0.766531148278955
-0.803920524165165
-0.839411229998658
-0.872470405709886
-0.902598272672782
-0.929336787632749
-0.952277562499694
-0.971068917086765
-0.985421946546668
-0.995115501860815
-1
