1
0.993585727381436
0.980821679006408
0.961836072001975
0.936819300809613
0.906021648224651
0.869750280582666
0.828365566639623
0.782276768526978
0.731937161318696
0.677838645110736
0.620505919983184
0.560490299702257
0.4983632444494
0.43470969617888
0.370121302361007
0.305189614839511
0.240499350310342
0.176621797523722
0.114108453747594
0.0534849693510988
-0.00475452537022769
-0.060152642726767
-0.112293447741433
-0.160806601461685
-0.20537089120823
-0.245717110157558
-0.281630257759344
-0.312951041898354
-0.33957667328719
-0.361460952182565
-0.37861365701634
-0.391099253788069
-0.399034953947983
-0.402588156884296
-0.4019733209009
-0.397448313625528
-0.389310299030258
-0.377891223594885
-0.363552968531961
-0.346682238368188
-0.32768525850364
-0.306982355627444
-0.285002495051609
-0.262177848145447
-0.238938461138904
-0.215707093656916
-0.192894291505885
-0.170893753528151
-0.150078046853953
-0.130794718706577
-0.113362846158396
-0.0980700580040789
-0.0851700553290896
-0.0748806495274071
-0.0673823285848892
-0.0628173545169322
-0.0612893870521147
-0.062863621105029
-0.0675674183935411
-0.0753914068333461
-0.0862910151820993
-0.100188404892772
-0.116974756345903
-0.136512862625278
-0.158639980830242
-0.183170888615116
-0.209901092232697
-0.238610131840304
-0.269064930194887
-0.301023132095299
-0.33423638398844
-0.36845350599208
-0.403423512138923
-0.438898438841478
-0.474635946333186
-0.510401663067524
-0.545971248656481
-0.581132156800621
-0.615685085699674
-0.649445109528371
-0.682242490610484
-0.713923177820418
-0.744349002385508
-0.773397587558273
-0.800961993488167
-0.826950122967038
-0.851283917481783
-0.873898376122241
-0.894740432315074
-0.913767725050275
-0.930947302214323
-0.946254293834332
-0.959670592475829
-0.971183576741195
-0.980784911817349
-0.988469458363437
-0.994234317766882
-0.998078037994561
-1
