0.367819596584261
0.372605949383815
0.382110388141861
0.396197212078688
0.414664941897856
0.437248777098869
0.463623824578356
0.493409058347661
0.526171961154324
0.561433790402295
0.598675403130164
0.637343568026984
0.676857686628334
0.716616841014767
0.756007081590609
0.794408865897799
0.831204557946749
0.865785897237358
0.89756134749628
0.925963237152913
0.950454606682965
0.970535682116144
0.985749899170873
0.995689408568075
1
0.998385389890181
0.990610826368921
0.976505973689717
0.955967047504045
0.928958181869276
0.895512018458929
0.855729518047221
0.809779003823559
0.757894455332663
0.700373080712923
0.637572203306113
0.569905506530587
0.497838688051735
0.421884580662723
0.342597802832058
0.260569006521545
0.176418793581596
0.0907913747571056
0.00434804706712932
-0.0822394339496163
-0.16829551089448
-0.253147435076917
-0.336131758158461
-0.416600635088434
-0.49392787241859
-0.56751466070729
-0.636794935018897
-0.701240313402385
-0.760364569599696
-0.81372760298918
-0.860938875809023
-0.901660294924645
-0.935608522697136
-0.96255670877273
-0.982335641745021
-0.994834326545172
-1
-0.997837603179569
-0.988408734859209
-0.971830115579472
-0.948271596345021
-0.917953749914576
-0.88114508586439
-0.838158933134878
-0.789350035582796
-0.735110907160564
-0.675867993741815
-0.612077688330867
-0.54422224546676
-0.472805639102297
-0.398349406156401
-0.321388515362847
-0.242467298035034
-0.162135474005301
-0.0809443023523909
0.000557117321490885
0.0818253712841321
0.162326067991296
0.241536970593407
0.318950915809013
0.394078513091949
0.466450621539622
0.535620605225072
0.601166370535668
0.662692191624894
0.719830332197609
0.77224247352971
0.819620959855689
0.861689873037548
0.898205948760375
0.928959346397659
0.953774284175996
0.972509550375438
0.98505890006727
0.991351345361278
