0.995526483898676
0.995821588002856
0.996380782851269
0.997142612353881
0.998016309509468
0.99888347068396
0.999600244631418
1
0.999896427108515
0.999087022534783
0.997356898642052
0.994482854687953
0.990237641700825
0.984394349943216
0.97673084556729
0.967034182038283
0.955104912078166
0.940761227260647
0.923842854950179
0.90421464598204
0.881769791270095
0.856432611328329
0.82816086941019
0.796947566500157
0.762822184615391
0.725851353661531
0.686138926295999
0.643825454738173
0.599087073077385
0.552133798213581
0.503207271968698
0.45257797597887
0.400541959573212
0.347417128826195
0.293539152209024
0.239257044644259
0.18492849718378
0.13091502389492
0.0775770007814778
0.0252686736314536
-0.0256667874637669
-0.0749021095495785
-0.122130538439312
-0.167070187571543
-0.209468045093338
-0.249103575234796
-0.285791856129279
-0.319386203252262
-0.349780235491124
-0.376909349396582
-0.400751576270736
-0.42132780627471
-0.438701373541415
-0.452977006202481
-0.464299155126907
-0.472849724867166
-0.478845239663376
-0.482533486220369
-0.484189683205768
-0.484112234889325
-0.482618132936078
-0.480038075973483
-0.476711381085987
-0.472980764776609
-0.469187073119145
-0.465664041770394
-0.462733166202608
-0.460698760955097
-0.459843283913091
-0.460422997643499
-0.462664034711545
-0.466758927747728
-0.472863657925846
-0.481095267559839
-0.491530073853019
-0.504202511572489
-0.519104622718042
-0.53618620125959
-0.555355590885731
-0.576481123596494
-0.599393177043137
-0.623886818922292
-0.649724997620556
-0.676642229821344
-0.704348728061168
-0.732534904378437
-0.760876180341764
-0.789038028968372
-0.8166811704218
-0.843466840968621
-0.869062053514665
-0.893144768150806
-0.915408892515754
-0.935569034407394
-0.953364932904787
-0.96856549924063
-0.980972404711605
-0.990423159937749
-0.996793637672525
-1
