0.334841246235806
0.340344788755783
0.351265682154196
0.367432714006262
0.388591976629467
0.414410315126958
0.44447985030367
0.478323513999078
0.515401520466786
0.555118684613844
0.596832486374401
0.639861770396884
0.683495961713665
0.727004671256009
0.769647560068692
0.810684327935017
0.849384690883733
0.885038212725975
0.916963858346293
0.944519140902555
0.967108741303562
0.984192486233084
0.995292580452794
1
0.997979965034355
0.988976424298637
0.972815497244863
0.949407834629289
0.918749873580269
0.880923978568225
0.836097475131659
0.78452059841324
0.72652339331619
0.662511617192098
0.592961709216821
0.518414902815077
0.439470568487454
0.3567788840259
0.271032937246644
0.182960372917723
0.0933147004311656
0.0028663819125978
-0.0876061781548491
-0.177325621091631
-0.265524481378923
-0.351453778419298
-0.434391243313983
-0.51364907818478
-0.588581153872094
-0.658589561390731
-0.723130443163456
-0.781719041604746
-0.833933914907676
-0.879420282700139
-0.917892477381125
-0.949135490219244
-0.973005614489908
-0.989430200843968
-0.998406552544968
-1
-0.994341204968161
-0.981622754803601
-0.962095115937137
-0.93606202340079
-0.903875389453956
-0.865929819201228
-0.822656824446749
-0.774518828879063
-0.722003058019111
-0.665615406211505
-0.605874370339036
-0.54330513595855
-0.478433896280608
-0.411782477953661
-0.343863340091534
-0.27517500454276
-0.206197966196975
-0.137391122323191
-0.0691887497115491
-0.00199804792326297
0.0638027435758355
0.127865657033791
0.189873749535211
0.249541320032157
0.306613621714405
0.36086610940432
0.412103269009143
0.460157082387386
0.504885186187884
0.546168787221532
0.583910399669603
0.618031470883972
0.648469962681054
0.675177953883283
0.698119327452291
0.717267601941094
0.732603962244233
0.744115538839604
0.751793978006458
0.75563433799931
