-0.339557696055328
-0.346591435754753
-0.360518681570185
-0.381061291582904
-0.407807828770364
-0.440220388282979
-0.47764352932852
-0.519315168463945
-0.564379259605244
-0.611900057350096
-0.66087773472191
-0.710265104592468
-0.758985176171435
-0.80594926434917
-0.850075360561618
-0.890306469358791
-0.925628615074307
-0.955088227911055
-0.977808628301322
-0.99300534241933
-1
-0.998232587862256
-0.987271858397764
-0.96682372135892
-0.936737479104224
-0.897009799532488
-0.847786356721305
-0.789361106214334
-0.722173199392371
-0.646801578821841
-0.563957333308558
-0.474473927011239
-0.379295450823993
-0.279463075783328
-0.176099916992846
-0.070394542031513
0.0364166203855318
0.143067697938242
0.248282331383633
0.350792874377411
0.449359536115712
0.542789166901189
0.629953391890449
0.709805808083425
0.781397973918244
0.843893939414922
0.896583087377721
0.938891082365964
0.970388753566086
0.990798769881871
1
0.998029486342867
0.985081999121829
0.961507174564755
0.927804279216201
0.884614679401194
0.832712130918759
0.772991038221959
0.706452864208627
0.634190900788329
0.557373636148352
0.477226976707915
0.395015599776575
0.312023726634875
0.229535614915272
0.148816073633677
0.0710913039343659
-0.00246963643344467
-0.0707724566125965
-0.132814070065147
-0.187697590442445
-0.234645652981449
-0.273011854741763
-0.30229013647795
-0.322121961208118
-0.332301179085724
-0.332776504464422
-0.323651568495392
-0.305182548624449
-0.277773414364384
-0.241968866109014
-0.198445079941222
-0.147998405798716
-0.0915321984572333
-0.0300419900662449
0.0354007610334186
0.103666088176475
0.173583825628135
0.243962519996244
0.313608645183624
0.381345817573296
0.446033708218966
0.506586353661782
0.561989576535751
0.611317241208625
0.653746088110946
0.688568912843989
0.715205882274682
0.733213809211433
0.742293239447045
