0.166217139690263
0.16101555286925
0.150720863106016
0.135548172530237
0.115815500614434
0.0919383081964631
0.0644223355438975
0.0338548710482911
0.000894592750484646
-0.0337398517619558
-0.0692823408510387
-0.104932645769827
-0.13987045064906
-0.173269796172926
-0.204313710304635
-0.232208785930341
-0.256199465647629
-0.275581798129492
-0.289716438482563
-0.298040676665292
-0.30007929315556
-0.295454059420064
-0.283891722050671
-0.26523033335928
-0.239423817384609
-0.206544688247854
-0.166784867156277
-0.120454574629099
-0.0679793052285677
-0.0098949227330366
0.0531590561983697
0.120447892727628
0.191151646155286
0.264376633417036
0.339168153970732
0.414524285639793
0.48941053937135
0.562775146580699
0.633564742018663
0.700740198090117
0.763292363386484
0.820257458927824
0.870731890235374
0.91388624180523
0.948978232700577
0.975364427636585
0.99251051685697
1
0.997541133683515
0.984972029320018
0.962263816285351
0.929521815559683
0.886984699867034
0.83502164767428
0.774127529680012
0.704916197135993
0.628111971015857
0.544539459209456
0.455111855132877
0.360817894989626
0.262707672020904
0.161877524108248
0.0594542257539019
-0.0434212734700004
-0.145610314620086
-0.245992946443814
-0.343484041567293
-0.437048864060597
-0.525717848996883
-0.608600366733453
-0.684897260314603
-0.753911963384596
-0.815060028009077
-0.867876916491512
-0.912023938252638
-0.947292241693979
-0.973604801240006
-0.991016370974133
-0.999711407962437
-1
-0.992311863622075
-0.977188508308509
-0.955273691403166
-0.927302314922021
-0.894087939716035
-0.856509114006352
-0.815494731781602
-0.77200865164971
-0.727033818232243
-0.681556135897039
-0.636548348423033
-0.592954178019616
-0.551672972983487
-0.513545105232995
-0.47933834713892
-0.449735441656167
-0.425323060994159
-0.406582327238405
-0.39388104379371
-0.387467759644888
