-0.0202955699320639
-0.0155564712054921
-0.00611837900828671
0.00793873235573783
0.0264954919690648
0.049393840962588
0.0764379773235522
0.107395536583804
0.141999007810689
0.179947383855932
0.220908044173934
0.264518867682312
0.310390572091849
0.358109274872994
0.407239269550508
0.457326009331496
0.507899288185691
0.558476607427413
0.608566713618981
0.657673291253967
0.705298791219342
0.750948373516853
0.794133940188519
0.834378231885163
0.871218959089314
0.90421293670515
0.932940188610204
0.957007986877803
0.976054788776205
0.989754033378876
0.997817758725801
1
0.996099929163377
0.985964696963004
0.969491939197787
0.946631910643849
0.917389212085157
0.881824078485665
0.840053199464177
0.792250046877981
0.738644688462124
0.67952307107545
0.615225762131092
0.546146143188958
0.47272805540412
0.395462902494384
0.314886223042796
0.231573750211476
0.146136983232505
0.0592183012771224
-0.028514343598494
-0.116373111859548
-0.203656292115838
-0.289654593655257
-0.373657657882714
-0.45496072651068
-0.532871400818884
-0.606716423456629
-0.675848412158286
-0.739652473428806
-0.797552623769988
-0.849017946387795
-0.893568412563465
-0.930780298992258
-0.960291135387455
-0.981804120495878
-0.995091949345063
-1
-0.996448834296379
-0.984435973874326
-0.964036920288183
-0.935405395931382
-0.89877279090015
-0.854446809627662
-0.802809320047687
-0.744313417085452
-0.679479721312041
-0.60889194252431
-0.533191746711866
-0.453072973234719
-0.36927525695103
-0.282577117399976
-0.193788583861869
-0.10374343109552
-0.013291105709291
0.0767115726152203
0.165408847520601
0.251954510163784
0.335520340110479
0.415304411651619
0.490539175142301
0.560499224919701
0.624508668368478
0.681948014739413
0.732260507345225
0.774957828699617
0.809625114962579
0.835925223626453
0.853602206632537
0.862483949947776
