1
0.991478747455519
0.9745662846125
0.949520648789511
0.916723810207552
0.876675658669888
0.829986133605331
0.777365621168723
0.719613769327747
0.657606896727383
0.592284193221563
0.524632928948376
0.455672904402389
0.386440385880315
0.317971778757424
0.251287295164818
0.187374872717825
0.127174596992358
0.071563872521853
0.0213435753173035
-0.022774595517333
-0.0601793683494374
-0.0903695750043489
-0.112962100158709
-0.127697979251453
-0.134446549107629
-0.133207586054499
-0.124111397912366
-0.107416868367154
-0.0835074843725647
-0.0528854088811945
-0.0161636918686879
0.0259432581892618
0.0726307929592245
0.123016558671886
0.176154249818999
0.231048366551392
0.286669744528557
0.341971613934471
0.395905936166292
0.447439762450165
0.495571358407077
0.53934584238385
0.577870093118583
0.610326693902818
0.635986695650307
0.65422099994314
0.664510184904992
0.666452621304175
0.6597707532284
0.644315446573344
0.620068338992464
0.587142156386358
0.545778992971035
0.496346583951815
0.439332631339606
0.37533727398253
0.305063821967867
0.2293079027193
0.148945190945407
0.0649179166968883
-0.0217796351847407
-0.110116405293781
-0.19904037859835
-0.28749469290264
-0.374433783358507
-0.458839309264426
-0.539735613106179
-0.616204469452397
-0.687398892796432
-0.752555788550735
-0.81100724991038
-0.862190324914673
-0.905655102406807
-0.941070992335131
-0.968231104531848
-0.987054660291749
-0.997587402276949
-1
-0.994584479885293
-0.981748740175469
-0.962009241241371
-0.935981990692262
-0.904371969612042
-0.867961170841826
-0.827595442101254
-0.784170345545192
-0.738616260792608
-0.691882970297159
-0.644923973968159
-0.598680784070215
-0.554067451565593
-0.511955571214506
-0.473160004976729
-0.438425551687408
-0.408414775794636
-0.383697189387602
-0.364739960106401
-0.351900293151281
-0.345419608886571
