-1
-0.990007306631276
-0.970130309470259
-0.940584402830981
-0.9016892354436
-0.853864633077902
-0.797625251045705
-0.733574031185342
-0.662394554504489
-0.584842395891881
-0.501735600981658
-0.413944417167434
-0.322380420744684
-0.227985190066647
-0.131718680319193
-0.0345474589752072
0.0625670378653971
0.158680069217805
0.252874817472633
0.344273131313892
0.432045641279653
0.51542111581384
0.593694937383932
0.666236591646804
0.732496077526497
0.792009162195453
0.844401422078285
0.889391028864578
0.926790257853967
0.956505714486854
0.978537293359486
0.992975902107634
1
0.999871017653286
0.9929277397225
0.979579746508187
0.960300022954164
0.935616854307205
0.906105136623643
0.872377237216271
0.835073544949128
0.794852852950894
0.752382716806571
0.708329929612094
0.663351251481077
0.618084525252921
0.573140302374136
0.5290940933461
0.486479345916053
0.445781241521293
0.407431386588414
0.371803460366616
0.339209865277711
0.309899409546978
0.284056035396307
0.261798589594348
0.243181616926207
0.228197141420192
0.216777385194143
0.208798360788401
0.204084260048635
0.202412551201602
0.203519685898996
0.207107309831638
0.212848864153197
0.220396460484525
0.229387909750856
0.23945378455721
0.250224396223371
0.261336570938211
0.272440114682706
0.283203863511235
0.293321224343388
0.302515121450073
0.310542275141573
0.317196751585238
0.322312735983547
0.325766495303359
0.327477511128757
0.327408777771877
0.325566275275865
0.321997641141123
0.316790078266264
0.310067549494317
0.301987321082239
0.292735928174049
0.282524644781352
0.271584548708995
0.260161278182708
0.248509581541538
0.236887764181321
0.225552137936621
0.214751577258326
0.204722283903668
0.195682857456049
0.187829762914306
0.181333278943095
0.176334001292217
0.172939965530923
0.171224441782559
