1
0.993200917109489
0.979688193466484
0.959631422106214
0.933281784672957
0.900968258153296
0.863092649943954
0.820123538877509
0.772589216917014
0.721069741826737
0.666188224985334
0.608601490411681
0.548990250835
0.488048954106276
0.426475458300047
0.36496069641513
0.304178491609836
0.244775681401776
0.187362704264257
0.13250479464
0.0807139226855056
0.0324416032096224
-0.0119273155351995
-0.0520797880925695
-0.0877785549900595
-0.118864913048946
-0.145260232179991
-0.166966197851357
-0.184063778555051
-0.196710937739032
-0.205139129495424
-0.209648636488238
-0.210602826863763
-0.208421423925099
-0.203572897900436
-0.196566102947209
-0.187941294393286
-0.178260670934907
-0.168098593935763
-0.158031640985532
-0.148628653400249
-0.140440937341518
-0.133992775697035
-0.129772402841381
-0.128223586963153
-0.129737954919717
-0.134648182718104
-0.143222160907181
-0.155658228620782
-0.172081552979581
-0.192541712310319
-0.217011522463204
-0.2453871257048
-0.277489341547789
-0.313066258768541
-0.351797028076494
-0.39329679574883
-0.437122700332786
-0.482780837534262
-0.529734082923938
-0.577410648346214
-0.625213236129572
-0.672528645556393
-0.718737678708857
-0.763225187882025
-0.805390104324322
-0.844655288168589
-0.880477042053074
-0.912354136060521
-0.939836199144824
-0.962531342050659
-0.98011288870753
-0.992325107007956
-0.998987845540919
-1
-0.995341751351018
-0.985075537137254
-0.969345737217869
-0.948377075463058
-0.922471759149239
-0.892005397690439
-0.85742176159461
-0.819226460842133
-0.777979638959753
-0.734287794637038
-0.688794856558602
-0.642172648985291
-0.595110895324068
-0.548306914325924
-0.502455168526534
-0.458236827016619
-0.416309504558365
-0.377297336451228
-0.341781543435368
-0.310291633383698
-0.283297376692011
-0.26120168028504
-0.244334471202857
-0.232947685035506
-0.227211437280813
