0.73286009431312
0.735739717966931
0.741439786725925
0.749843011403566
0.760776109732265
0.774012937338988
0.789278578548001
0.806254326940722
0.824583470282865
0.843877780521926
0.863724597294816
0.883694382970611
0.903348618861465
0.922247906007603
0.939960129986437
0.956068547580992
0.970179653900715
0.981930691671153
0.990996669852667
0.997096766428562
1
0.999530066583903
0.995569251543846
0.988061341676357
0.977013478883903
0.962496914326933
0.944646640178726
0.923659894813101
0.89979355613243
0.873360456484319
0.844724670913392
0.81429584804968
0.78252266945803
0.749885538490116
0.716888613338788
0.684051310864291
0.651899417642198
0.62095595240371
0.591731929464349
0.564717175767474
0.540371354742834
0.519115348275281
0.501323143711752
0.487314366062576
0.477347586471123
0.471614526766575
0.470235266645804
0.47325454495277
0.480639229867518
0.492277014838207
0.507976378066896
0.527467823589322
0.550406401779845
0.57637548678259
0.604891768239619
0.635411395075554
0.667337190317861
0.700026838283388
0.732801929228748
0.764957732007554
0.795773552639111
0.824523526179362
0.850487681071901
0.872963109385481
0.891275073117764
0.904787876127062
0.912915333267706
0.915130672932903
0.910975716393157
0.900069186959926
0.882114013966414
0.856903510666409
0.824326321200599
0.784370049529301
0.737123502415693
0.68277749887561
0.62162421968166
0.554055092199338
0.480557227710845
0.401708450114157
0.318170976137641
0.230683827657819
0.1400540760345
0.0471470362852255
-0.047124454868063
-0.141811528784819
-0.235941382137996
-0.328529811476895
-0.418594007791247
-0.505165429164712
-0.587302567730731
-0.664103428010294
-0.734717537312088
-0.798357315161399
-0.854308637604824
-0.901940443582988
-0.940713244205187
-0.970186411495061
-0.990024140769453
-1
