0.353702975097881
0.34522538983781
0.328376968886569
0.303369834766388
0.270518748704515
0.230237056442404
0.183031369953381
0.129495058270712
0.0703006369182571
0.00619116043041679
-0.0620292640687814
-0.133505712478778
-0.207343288872105
-0.282618432629255
-0.358390534232659
-0.433713702817482
-0.507648527244518
-0.579273673383543
-0.647697163452418
-0.712067188593156
-0.771582313294305
-0.825500939671632
-0.873149910849685
-0.913932145572284
-0.94733321051328
-0.972926752342075
-0.990378728186258
-0.999450390476742
-1
-0.991983259051846
-0.975452474620305
-0.950554479256192
-0.91752735445956
-0.876696017768926
-0.828466750052327
-0.773320753546398
-0.711806843773632
-0.644533389414241
-0.572159623368726
-0.495386455499698
-0.414946922795733
-0.33159641589604
-0.246102822024225
-0.159236723406093
-0.0717617872256789
0.0155745218281076
0.102049782258576
0.186974894183734
0.269701690223533
0.349629785285552
0.426212584619218
0.498962383475252
0.567454506477795
0.631330450154851
0.690300007735308
0.744142371061394
0.792706220039068
0.835908825215073
0.873734203596473
0.906230381496905
0.933505830799353
0.955725156382725
0.973104122404802
0.985904113527344
0.994426133896103
0.999004451662786
1
0.997793646885631
0.992779445421686
0.985357974135411
0.975929872647507
0.964889672371186
0.952620014640381
0.939486339993484
0.925832122420184
0.911974711391747
0.898201832634043
0.884768786075026
0.871896366420673
0.85976951860788
0.848536727173721
0.838310125590334
0.829166299060923
0.821147742363345
0.814264923259866
0.808498891945681
0.803804368147535
0.800113229948785
0.797338322327267
0.795377498840878
0.794117806950049
0.79343972616589
0.793221368569471
0.793342553244712
0.79368866976069
0.794154250957315
0.794646181834439
0.795086479197402
0.795414585728902
0.795589132175254
