0.460372276720468
0.464862488289584
0.473768141102708
0.486940936644358
0.504161512049389
0.525143085123058
0.549536220572473
0.576934639011684
0.606881973103996
0.638879359556693
0.672393741839435
0.706866746683687
0.741723987829293
0.776384643272971
0.810271147561121
0.842818838534588
0.873485398413576
0.901759932201988
0.927171532045715
0.949297184310707
0.967768886626593
0.982279854804186
0.992589714179756
0.998528586332216
1
0.996982574106597
0.989530440782003
0.977772396821419
0.961909792822179
0.942213189950558
0.919017834577897
0.892718020562778
0.863760427426376
0.83263653977191
0.799874268757563
0.766028909992549
0.731673583665086
0.697389311839186
0.663754894521173
0.631336750182542
0.600678887859655
0.572293176701744
0.546650074917975
0.524169973536079
0.505215301324852
0.490083525786979
0.47900117147137
0.472118961195634
0.469508168351581
0.471158249560766
0.476975806848045
0.486784907523856
0.500328768440012
0.517272789548389
0.537208900090338
0.559661159619207
0.584092535744618
0.609912761308746
0.636487155968563
0.663146281148514
0.689196283303774
0.713929768622888
0.736637042893737
0.756617543414769
0.773191285670661
0.785710146082683
0.793568803520808
0.796215166415028
0.793160119172039
0.78398643109248
0.768356682953717
0.746020080695582
0.716818042006439
0.680688459806719
0.637668566389242
0.587896342998222
0.531610441589147
0.469148608072012
0.400944619152866
0.327523767600635
0.249496953026288
0.167553456724221
0.0824524994577067
-0.00498630004508294
-0.093893430975425
-0.183360810667254
-0.272453756232884
-0.360223434250545
-0.445719607324349
-0.528003491259486
-0.606160534340931
-0.679312930812174
-0.746631684116164
-0.807348041734583
-0.86076413245115
-0.906262648434869
-0.94331542851559
-0.971490815194639
-0.990459676051765
-1
