0.228327191480575
0.225497887627243
0.219879241082315
0.211550705115526
0.200630292449142
0.187273189838117
0.171669935976182
0.154044183874668
0.134650073659419
0.113769246213691
0.0917075322074086
0.0687913547464156
0.0453638871057049
0.0217810097401785
-0.00159288703582872
-0.0243892066678409
-0.0462395071793893
-0.0667798696052129
-0.0856552245580818
-0.102523588131558
-0.117060159593951
-0.12896123513165
-0.1379478942269
-0.143769418073457
-0.146206402705183
-0.145073533193714
-0.140221989313491
-0.131541457423184
-0.118961727915954
-0.102453862388842
-0.0820309196135194
-0.0577482343956698
-0.0297032484271325
0.00196510279706064
0.0370774380645029
0.0754153999066349
0.116723527331535
0.160711509517356
0.207056794263762
0.255407521463908
0.30538574871759
0.356590933487966
0.408603633934091
0.460989388748075
0.513302735001046
0.565091322162157
0.615900080099244
0.665275398991783
0.712769279674096
0.757943413961181
0.800373155967696
0.839651347284405
0.875391961093234
0.907233532845759
0.934842347961015
0.957915360075013
0.976182816652316
0.98941057220442
0.997402072904737
1
0.99708756304808
0.988589437618767
0.974472345635388
0.954745279971856
0.929459378215503
0.89870745362771
0.862623194252589
0.821380043813319
0.775189780475065
0.724300811725732
0.66899620551891
0.609591479429034
0.546432170883644
0.479891212562178
0.410366137789693
0.338276141215864
0.264059020266341
0.188168022800346
0.111068626122909
0.0332352720026037
-0.0448519183421063
-0.122710426179311
-0.199858592011537
-0.275818826138908
-0.350120753250116
-0.4223042725319
-0.491922516112095
-0.558544690000392
-0.621758783044308
-0.681174130757693
-0.736423822189424
-0.787166939267362
-0.833090619266504
-0.873911932202464
-0.909379566036612
-0.939275313594922
-0.963415356048755
-0.981651338685125
-0.993871235511202
-1
