1
0.9991036585064
0.997290703187262
0.9945210013014
0.990735376732334
0.985856818619251
0.979792061583255
0.972433511378622
0.963661484047431
0.953346721413707
0.941353141103763
0.927540775297194
0.911768849161828
0.893898947458061
0.873798216153366
0.851342545093237
0.826419677843727
0.798932195753004
0.768800325060875
0.735964518488829
0.700387766128376
0.662057594559583
0.620987717910436
0.57721930993612
0.530821872071354
0.481893678696235
0.430561787457832
0.376981609302214
0.321336039787367
0.263834160157655
0.204709523456224
0.144218047525691
0.0826355429960399
0.0202549101829457
-0.0426169558721623
-0.105662508281234
-0.168557091136021
-0.230972631016011
-0.29258142340966
-0.35305995860977
-0.412092730831395
-0.469375974360217
-0.52462127147071
-0.577558978642829
-0.627941420225943
-0.675545802109067
-0.720176802104192
-0.761668798570366
-0.799887704225161
-0.8347323780229
-0.866135594333155
-0.894064555329401
-0.918520939392412
-0.939540485338271
-0.957192119287695
-0.971576637892336
-0.982824968317353
-0.991096031743616
-0.996574243098353
-0.999466685157302
-1
-0.998417044967666
-0.994973363705558
-0.989933525515869
-0.983567388062385
-0.976146339426891
-0.967939575605456
-0.959210468749872
-0.950213079818954
-0.941188866832873
-0.932363636660891
-0.923944784271119
-0.916118858693894
-0.909049489672528
-0.902875703180134
-0.897710647761067
-0.893640747108393
-0.890725287518546
-0.888996441977716
-0.888459725740413
-0.889094871467708
-0.890857105408093
-0.893678799831282
-0.897471471063443
-0.902128087113376
-0.907525644107173
-0.913527966638768
-0.919988683759688
-0.926754329726129
-0.933667516835425
-0.940570126744676
-0.947306466585492
-0.953726336971045
-0.959687960621451
-0.965060722784301
-0.969727677859156
-0.97358778059591
-0.976557804863553
-0.978573918203726
-0.979592886109189
