-1
-0.991354459484925
-0.974178944649201
-0.948702829598459
-0.915265807250206
-0.874312723920718
-0.826386818278677
-0.772121470255745
-0.712230588753643
-0.647497788211107
-0.578764522958628
-0.506917364497895
-0.432874620141644
-0.357572501629664
-0.281951059238242
-0.20694010041549
-0.133445312049229
-0.0623348021068493
0.00557373036827169
0.0695249979545907
0.128837114452372
0.182911401664655
0.231240862369062
0.27341718958569
0.309136205373284
0.33820164717962
0.360527245841581
0.376137066264678
0.385164109186283
0.387847199810109
0.384526216060047
0.375635735314561
0.361697203337219
0.343309752323164
0.321139816170143
0.29590970992264
0.268385356532458
0.239363357374006
0.209657613138964
0.180085708653074
0.151455278699407
0.124550572042702
0.100119427527539
0.0788608694225661
0.0614135192104532
0.0483450079369974
0.0401425572402236
0.0372048785347034
0.0398355188226185
0.0482377585736442
0.0625111424245572
0.0826496974870516
0.108541867228758
0.13997216163192
0.17662449706724
0.218087172477922
0.263859402474899
0.313359303209297
0.365933203803114
0.420866135048401
0.477393328361862
0.534712541901482
0.591997017568395
0.648408862539242
0.703112642160736
0.755288967596884
0.804147861604729
0.848941689226966
0.888977446975528
0.92362821413242
0.952343582953981
0.974658900624912
0.990203174515354
0.998705513352974
1
0.994028916258441
0.980844266124854
0.96060757076887
0.933587935793388
0.90015841861828
0.860790750683107
0.816048495163739
0.766578745632652
0.713102494172448
0.65640381851254
0.597318056467446
0.536719152016183
0.475506370522336
0.414590590645419
0.354880387277302
0.297268123245411
0.242616267502902
0.191744154075109
0.145415389205303
0.104326104048369
0.0690942370574155
0.040250014103266
0.0182277756139644
0.00335927891634547
-0.00413141916335769
