0.510271341807996
0.510219397166048
0.510145689678309
0.510109763841417
0.510198904776702
0.510525745122492
0.511225148114073
0.512450428512185
0.51436898639707
0.517157440879203
0.520996361275095
0.526064702067779
0.532534054856666
0.540562835371688
0.550290526387238
0.561832097963218
0.575272724840528
0.590662917041153
0.608014173819524
0.627295263169746
0.648429219234509
0.671291138341469
0.69570684119713
0.721452454210073
0.748254947232151
0.775793648455757
0.803702740061285
0.831574720757255
0.85896480388888
0.885396202604272
0.910366236953639
0.933353182040999
0.953823761723362
0.971241179115911
0.985073563549218
0.994802703847272
0.999932930035762
1
0.994579844308269
0.983297021480093
0.965832737453141
0.941932286891566
0.911411780248013
0.87416402906786
0.830163472796507
0.779470043171183
0.722231876966398
0.658686804203807
0.589162556691663
0.514075660660383
0.433928997022663
0.349308033106552
0.260875750273969
0.169366312324844
0.0755775396763341
-0.0196377263210484
-0.115381266223044
-0.210720012757344
-0.304697333364859
-0.396344916302172
-0.484695100112377
-0.568793477076786
-0.647711594513096
-0.720559573614122
-0.78649846401396
-0.844752153473793
-0.894618656004502
-0.935480608353007
-0.966814813997696
-0.988200685508781
-0.999327450176335
-1
-0.990143285243693
-0.969805170529341
-0.939157693592237
-0.898496689040732
-0.848239762430654
-0.788922623342658
-0.721193809593297
-0.645807857870029
-0.563616998610742
-0.475561474512125
-0.382658602323204
-0.285990716253925
-0.186692148119291
-0.0859354139901956
0.0150832105934182
0.115158535064797
0.213091519130727
0.30770435594357
0.397855368867211
0.482453519194945
0.560472326725577
0.630963012507145
0.693066683214922
0.746025389400099
0.789191905047025
0.822038093292616
0.844161742541111
0.855291778270753
