-0.939412504364798
-0.931791980775595
-0.916684969473422
-0.894357239991506
-0.865201729196219
-0.829731786470397
-0.788572342287455
-0.74244914651864
-0.692176254902118
-0.638641971295772
-0.582793479160773
-0.525620417759463
-0.468137676438985
-0.411367693817655
-0.356322557472263
-0.303986203693659
-0.255297015965064
-0.211131115030591
-0.172286622847146
-0.139469167514649
-0.113278876695408
-0.0941990833722814
-0.082586940431533
-0.0786661099245933
-0.0825216594508966
-0.0940972624445091
-0.113194761810216
-0.139476117937744
-0.172467723241821
-0.211567026655268
-0.256051373565401
-0.305088930142255
-0.357751526451185
-0.41302922073216
-0.469846358283965
-0.527078872986171
-0.583572558042129
-0.638162015387285
-0.689689980665708
-0.737026712948164
-0.779089135585511
-0.814859416821286
-0.843402686007219
-0.863883593375865
-0.875581438148229
-0.877903611038865
-0.870397122642504
-0.852758018354451
-0.824838512941368
-0.786651713135403
-0.738373834123796
-0.680343854961685
-0.613060598134017
-0.537177259101378
-0.45349345204422
-0.36294487753253
-0.266590755867595
-0.16559920576543
-0.0612307813053842
0.0451795898792646
0.152241997821666
0.258531979244441
0.362611674987053
0.463051393413098
0.558451249329863
0.647462545033193
0.728808562356303
0.801304442031898
0.863875839171499
0.915576061044207
0.955601415341658
0.983304523416792
0.998205383183233
1
0.988566440428654
0.963968202676146
0.926454838227609
0.876459801001956
0.814595542683067
0.741645915035624
0.658555981353722
0.566419379070394
0.466463413356843
0.360032096672763
0.248567381145345
0.133588858855445
0.0166722291529919
-0.100573148368085
-0.216527281940177
-0.329582813854208
-0.438168177613497
-0.540770299717657
-0.635956506030279
-0.722395304136181
-0.798875729581326
-0.864324965161904
-0.917823968164971
-0.958620870268625
-0.986141948228755
-1
