0.360454538442725
0.363307727349964
0.368994560101718
0.377475909533463
0.388692996254622
0.40256729325367
0.419000416722849
0.437874017995553
0.459049694536329
0.482368940538197
0.507653159796429
0.534703765083632
0.563302389199641
0.593211233175335
0.624173576747663
0.655914475183025
0.68814166480973
0.720546697243033
0.752806319276917
0.784584111816837
0.815532397090811
0.845294418767687
0.873506794606663
0.899802235945895
0.923812522802826
0.945171717703416
0.963519595685123
0.978505262335502
0.989790926341754
0.997055787943006
1
0.998348654225493
0.991855741545686
0.980308032673127
0.963528822839932
0.941381483330782
0.913772762019639
0.880655775590707
0.842032637536711
0.797956668384867
0.748534137896582
0.693925493198682
0.634346031894325
0.570065985117861
0.501409982172405
0.428755875740741
0.352532914595496
0.273219259148124
0.191338843953081
0.107457600300091
0.0221790611538122
-0.0638606201978414
-0.149998197485048
-0.235549355843646
-0.319815176098057
-0.402088974147311
-0.4816634437123
-0.557838024562428
-0.629926413117321
-0.697264128110484
-0.759216040889563
-0.815183777980304
-0.864612902810455
-0.906999784010686
-0.941898059499529
-0.968924608617094
-0.987764948878541
-0.99817797943493
-1
-0.993147941753086
-0.977621755470589
-0.953505911765372
-0.920969978705534
-0.880268253108806
-0.83173843332352
-0.775799333159943
-0.712947648668631
-0.643753801512805
-0.568856894584937
-0.488958827109718
-0.40481762759478
-0.317240073480742
-0.227073676054268
-0.135198117982655
-0.0425162385781888
0.0500553315088554
0.141595779137011
0.23118985003585
0.317937609070146
0.400964104651979
0.479428822879515
0.552534818792132
0.619537415404514
0.679752365881406
0.732563380283749
0.777428925680666
0.813888216987038
0.841566325542864
0.860178343072699
0.869532550112076
