0.304516806904168
0.294055514291553
0.273297812980217
0.242570975372338
0.202359709662034
0.153298825587886
0.0961636307475513
0.0318582042474231
-0.0385982731493494
-0.114086923592705
-0.193406076255986
-0.275289413049501
-0.358425079224231
-0.441475467648861
-0.52309737553338
-0.60196222700797
-0.676776054326281
-0.746298934553241
-0.809363587351678
-0.864892852759107
-0.911915785435716
-0.949582123489648
-0.977174915306335
-0.994121116428051
-1
-0.994549258128597
-0.977668707157932
-0.949421546806132
-0.910033160739175
-0.859887483910583
-0.799520999274981
-0.729614462713513
-0.65098248962876
-0.564561169140776
-0.471393901643488
-0.372615682203155
-0.269436075488195
-0.163121147258488
-0.0549746326191575
0.0536813679687536
0.161525867688814
0.267258348544637
0.369617696919029
0.467400431362012
0.559477946550121
0.644812513717999
0.722471798216844
0.791641678874532
0.85163718113394
0.901911366093137
0.942062050083895
0.971836263787317
0.991132395553263
1
0.998637289548239
0.987386362713631
0.966726258176084
0.937263957311326
0.899723489483769
0.854933323467028
0.803812254427784
0.747354018576629
0.686610886507201
0.622676501123359
0.556668236668982
0.489709361569467
0.422911289482024
0.357356200118441
0.294080304106249
0.234058014519428
0.178187271934316
0.127276250211467
0.0820316469924465
0.043048736510426
0.0108033331731483
-0.0143542170422879
-0.0322029335347063
-0.0426529369455654
-0.0457450096432402
-0.0416480017581704
-0.0306541384977741
-0.0131723182680006
0.0102804766105984
0.0390895045943422
0.0725541453390801
0.109901131470245
0.150298905971745
0.19287286182015
0.236721206823247
0.280931187146023
0.324595397869037
0.3668279082009
0.40677993266445
0.44365478763056
0.476721884850061
0.505329529931148
0.528916313760678
0.547020908346839
0.559290105086717
0.565484962605802
