1
0.997131367655351
0.991399699754387
0.982816410961401
0.971399169780246
0.957172537092804
0.940168789124045
0.920428901196344
0.898003663614286
0.872954896568659
0.845356727156127
0.815296888558689
0.782877999181181
0.748218778158007
0.711455153149049
0.672741216770326
0.632249989352151
0.590173947974191
0.546725284864595
0.502135862224503
0.456656835289875
0.410557920895001
0.364126294868367
0.31766510817189
0.271491618678666
0.22593494275348
0.181333438229085
0.138031737829786
0.0963774594498092
0.0567176268150702
0.0193948408127578
-0.0152567519622012
-0.0469156412409236
-0.0752772285596925
-0.10005813493984
-0.12100047632474
-0.137876040116235
-0.150490294982969
-0.158686166030176
-0.162347508450005
-0.161402214920915
-0.155824895283438
-0.145639071358742
-0.130918835148857
-0.111789924998902
-0.08843018153084
-0.0610693531788953
-0.0299882298577493
0.00448290744705893
0.041966523695671
0.0820407459846109
0.124242941385808
0.168073928837502
0.21300278759782
0.258472215211996
0.303904378869158
0.348707195581139
0.392280968942657
0.434025303458589
0.473346211666732
0.509663324646474
0.542417113072269
0.571076023815969
0.595143436275142
0.614164343137976
0.62773166220096
0.635492089124941
0.637151405619374
0.632479163434246
0.621312671645425
0.603560222954115
0.579203503979326
0.548299144682026
0.510979372984803
0.467451752192587
0.417997990819118
0.362971826713007
0.302795999783415
0.237958339972409
0.169007009232215
0.0965449479662877
0.021223587513437
-0.0562640993685081
-0.135191128581732
-0.21480452544814
-0.294333738987129
-0.372999346542677
-0.450021940952114
-0.524631089250886
-0.59607425020362
-0.66362553777365
-0.726594219000969
-0.784332837640259
-0.83624485928227
-0.8817917394879
-0.920499323628544
-0.951963495552738
-0.975855001773601
-0.991923388462871
-1
