0.458703497339231
0.464543183070355
0.476104094206986
0.49315133296685
0.515337576719932
0.542209014612241
0.573213110940696
0.607708068041652
0.644973833529617
0.684224471294169
0.724621693142528
0.765289328726034
0.805328495722886
0.843833220421045
0.87990625104754
0.912674802552215
0.941305972137735
0.965021569628127
0.983112115713016
0.994949774054941
1
0.997831708923476
0.988125790751513
0.970681823554893
0.945422867893246
0.912398254340268
0.871784308853243
0.823882993849775
0.769118476491475
0.708031669211107
0.641272820419866
0.569592265068098
0.493829474796514
0.41490057532261
0.333784524008668
0.25150816284456
0.169130380988928
0.0877256362375796
0.00836709607781594
-0.067890333846631
-0.140026823116355
-0.207074002402989
-0.268130658136898
-0.322377482176087
-0.369090636625165
-0.407653911753376
-0.437569276339293
-0.4584656443965
-0.470105709727248
-0.472390729681313
-0.46536317139768
-0.449207167177624
-0.424246759955689
-0.390941954560473
-0.349882625043119
-0.301780362252398
-0.247458378515399
-0.187839617224644
-0.12393324384499
-0.0568197208801067
0.012365307736504
0.08244807790424
0.152234451675119
0.220528076394554
0.286148677015362
0.347950198877644
0.404838519597126
0.455788454451923
0.499859789721284
0.536212092661009
0.564118064984232
0.582975228576532
0.592315757376185
0.59181429750614
0.581293648419912
0.560728210544479
0.530245139162785
0.490123179544648
0.440789194060017
0.382812427636452
0.31689659289864
0.243869890106138
0.164673109059023
0.0803459899688626
-0.00798795257246765
-0.099137914376107
-0.191863346518815
-0.284892294906513
-0.37694025653566
-0.466729266105615
-0.553006922705625
-0.634565066849831
-0.710257823157557
-0.779018733399603
-0.839876718310993
-0.891970624297086
-0.934562132660443
-0.967046833918776
-0.988963297784403
-1
