0.0615473273942588
0.0686530294005019
0.0827552862173364
0.103637530514416
0.130979201394957
0.164360815802518
0.203270603852545
0.247112602217806
0.29521607642501
0.346846121703929
0.401215273208208
0.457495940298825
0.514833466404066
0.572359605954377
0.629206203196803
0.68451885442941
0.737470335414284
0.787273579426049
0.833193998513948
0.874560950987464
0.910778171713663
0.941332998324426
0.965804245612193
0.983868601940216
0.995305445065892
1
0.997944788000181
0.989239343103604
0.974088200307687
0.952797187168691
0.925768077766126
0.893491694243631
0.856539566066133
0.815554280331119
0.771238677568698
0.724344066123402
0.675657644131819
0.62598933103837
0.576158220318617
0.526978871447478
0.479247662054082
0.433729420595657
0.391144555765585
0.352156891286858
0.317362403847495
0.287279047877746
0.262337833869162
0.242875307258486
0.229127552853265
0.221225825707125
0.219193883639431
0.222947069641272
0.23229316464233
0.246935002969406
0.266474814751743
0.290420231964793
0.318191868189199
0.349132356917212
0.382516709765425
0.417563834623593
0.453449034924375
0.489317295158861
0.52429714474533
0.557514882593354
0.588108938350999
0.615244143484549
0.638125686067786
0.656012527445329
0.668230066719595
0.67418185017627
0.673360137138361
0.665355151102525
0.64986286509516
0.626691192678233
0.595764480586399
0.557126225205445
0.510939962598447
0.457488310121131
0.397170166398886
0.330496105115388
0.258082026237886
0.180641155535431
0.0989745091066712
0.0139599637175545
-0.0734599043222049
-0.162291029586269
-0.251501918481965
-0.340038348388492
-0.426838482375337
-0.510848170066446
-0.591036201943506
-0.666409284718285
-0.736026509346235
-0.799013090742656
-0.854573169184002
-0.902001477562
-0.940693695887958
-0.970155334451691
-0.990009009513566
-1
