1
0.990215409788201
0.97075958635895
0.941857670689907
0.903843465045433
0.857154806889098
0.802327507962323
0.739987948301884
0.67084443481448
0.595677452199645
0.515328950236434
0.43069082547846
0.342692767023633
0.252289645064504
0.160448627247298
0.0681362113796264
-0.0236946363212419
-0.114117050461076
-0.202242361243959
-0.287231540636051
-0.368305836167832
-0.444756441483652
-0.515953067858715
-0.581351298030205
-0.640498622563563
-0.693039079302491
-0.738716437916056
-0.777375893824875
-0.808964258515922
-0.833528656090506
-0.851213758480118
-0.862257613762384
-0.866986143076402
-0.865806401450844
-0.859198716116887
-0.84770783230389
-0.831933210860578
-0.812518634092889
-0.790141285782897
-0.765500478311151
-0.739306204048915
-0.712267689660707
-0.685082130648747
-0.658423779410009
-0.632933553337364
-0.60920932019421
-0.587797006282162
-0.569182658996461
-0.553785579450367
-0.541952623205172
-0.533953748050391
-0.529978867544696
-0.530136047974999
-0.534451064853419
-0.542868313391002
-0.555253045905576
-0.57139488817755
-0.591012566690676
-0.613759759799305
-0.639231968444172
-0.666974286365902
-0.696489936081487
-0.727249425403906
-0.75870017017357
-0.790276422268675
-0.821409337966368
-0.851537020392201
-0.88011437113413
-0.906622590078757
-0.930578169079377
-0.951541234074607
-0.969123101590853
-0.982992928993479
-0.992883353178351
-0.998595029366226
-1
-0.997043843150815
-0.989746569998682
-0.978202261540353
-0.962577455359352
-0.943108313737061
-0.920096624260724
-0.893904703075109
-0.864949288724984
-0.833694530860658
-0.800644192668253
-0.766333198507444
-0.73131866869202
-0.696170591467354
-0.661462287896226
-0.627760828472638
-0.595617560795563
-0.565558905546108
-0.538077573359307
-0.513624348043916
-0.492600572098291
-0.475351458753912
-0.462160341042105
-0.453243952848077
-0.448748819842522
