1
0.993299834952151
0.979958793541289
0.960094711973086
0.933882502341582
0.901551971756679
0.863384963670318
0.819711862572466
0.770907512335186
0.71738660682661
0.659598618870804
0.598022340081624
0.533160109452086
0.465531812755559
0.395668737749659
0.324107371825676
0.251383229093112
0.178024792927933
0.104547657762327
0.0314489503905653
-0.0407978936329777
-0.111747928746321
-0.180989010371953
-0.248145563003493
-0.312881758805278
-0.374904069369535
-0.433963163021099
-0.489855130171605
-0.542422029546716
-0.591551758480752
-0.637177260732662
-0.679275095267066
-0.717863399010183
-0.752999285586104
-0.784775730326291
-0.813317999298331
-0.838779686605921
-0.861338429673135
-0.881191376561106
-0.898550482511026
-0.913637714819473
-0.926680245805407
-0.937905713017658
-0.947537623972038
-0.955790979632638
-0.962868186615765
-0.968955322768782
-0.974218814448351
-0.97880257659719
-0.982825658713446
-0.986380431151984
-0.989531337032309
-0.992314225500879
-0.994736272359303
-0.996776484280232
-0.998386773145913
-0.999493577614888
-1
-0.99978841806889
-0.998723523590648
-0.996655732472033
-0.993424905263595
-0.988864311765113
-0.982804769499661
-0.97507888301759
-0.965525309378434
-0.953992974763848
-0.940345168002324
-0.92446343882118
-0.906251231848672
-0.885637191715742
-0.862578079981801
-0.837061250944476
-0.809106640586423
-0.778768230846664
-0.746134959951332
-0.71133105856126
-0.674515800846303
-0.635882669128238
-0.595657940292363
-0.554098711599048
-0.51149039267931
-0.468143699226102
-0.424391192055777
-0.38058341268119
-0.337084673189869
-0.294268563950918
-0.252513247391365
-0.212196609711038
-0.173691344886669
-0.137360046611306
-0.103550383903328
-0.0725904349991867
-0.0447842518332189
-0.0204077239433672
0.000295193921195036
0.0171158318030207
0.0298836799872224
0.0384687450945691
0.0427833500831836
