-1
-0.986788213457016
-0.960544189983415
-0.921624431510371
-0.87055723663713
-0.808035063899654
-0.734904528391994
-0.652154181578628
-0.560900257247392
-0.462370596864555
-0.357886994643556
-0.248846226014823
-0.136700042530908
-0.0229344312661697
0.0909515527524323
0.203467066772482
0.313150557901688
0.418590326558233
0.518444272827274
0.611458535890862
0.696484754206354
0.772495695721529
0.838599032793701
0.894049065227759
0.938256226515545
0.970794242453136
0.991404847303361
1
0.996661580979347
0.981638588485415
0.955341891036719
0.91833662958251
0.871332398148835
0.815171364939265
0.750814526405273
0.679326314272228
0.601857799483062
0.519628757142416
0.433908872509838
0.345998379667314
0.257208431508757
0.168841502073395
0.0821721199501646
-0.00157177543182307
-0.0812265742170571
-0.155709568536894
-0.224034111961632
-0.285323144490867
-0.33882088837763
-0.383902549782249
-0.420081893380875
-0.447016591098652
-0.464511281557484
-0.472518313061846
-0.471136179420942
-0.46060569404699
-0.441303983009983
-0.413736411517154
-0.378526590093218
-0.336404636070827
-0.288193892405583
-0.234796328899911
-0.177176870302728
-0.11634691115392
-0.0533472884350372
0.0107690100916749
0.0749541216166913
0.138182289977498
0.199466281764035
0.257872976161162
0.312537882854223
0.362678361194449
0.407605336247135
0.446733332955892
0.479588678030329
0.505815749838009
0.525181189055046
0.537576016576068
0.543015639657156
0.541637761908063
0.533698247004346
0.519565019305107
0.499710116403246
0.474700038492565
0.44518456683243
0.411884248089426
0.37557676254695
0.337082411762005
0.297248974936543
0.256936192844345
0.217000143466334
0.178277774458574
0.141571854199374
0.107636595496444
0.0771641942121806
0.0507725092824804
0.0289940911229372
0.0122667425564293
0.000925770532808068
-0.00480194153232572
