0.0664396832271301
0.0697310176384132
0.0762880043697929
0.0860595342526196
0.0989695778465218
0.114917937639774
0.133781236162527
0.155414127582006
0.17965071757688
0.206306173732431
0.235178506395052
0.266050497906083
0.298691756428996
0.332860869213772
0.368307629126124
0.404775307619978
0.442002947056841
0.479727645377102
0.517686806602399
0.555620331485603
0.593272723811138
0.630395089363669
0.666747006402948
0.702098248578076
0.736230343552509
0.768937953155594
0.800030063587922
0.829330977044865
0.856681099042092
0.881937518684593
0.904974382072248
0.925683061936381
0.943972129409848
0.959767136507076
0.973010220390856
0.983659542793946
0.991688580012881
0.997085280670503
0.999851109928267
1
0.99755722766105
0.992558239951385
0.985047449434273
0.975077020195172
0.962705665255087
0.94799747524075
0.931020797017513
0.911847179571243
0.890550402748561
0.867205602560236
0.841888504653425
0.814674775300619
0.785639496874893
0.754856772321992
0.722399460640903
0.688339042886942
0.652745615755837
0.615688007433909
0.577234008146354
0.537450705739144
0.496404914723472
0.454163685525188
0.410794879241593
0.366367792036647
0.320953812420735
0.274627094075751
0.227465226608392
0.17954988664726
0.130967452040599
0.0818095625541677
0.0321736114008593
-0.0178368468613823
-0.0681117850701333
-0.118534500160974
-0.168981527274085
-0.21932267865984
-0.269421212599393
-0.319134135282442
-0.368312636253487
-0.416802655688987
-0.464445579439837
-0.511079055505223
-0.556537923432771
-0.600655246101922
-0.643263431476359
-0.68419543023794
-0.723285993766786
-0.760372975733608
-0.795298659641083
-0.827911094006419
-0.858065416527881
-0.885625148530037
-0.910463441236658
-0.932464255972722
-0.951523461239016
-0.967549830720809
-0.980465927668046
-0.990208862696196
-0.996730913878254
-1
