-0.174853716355657
-0.168334502430831
-0.155374820891995
-0.136131045583301
-0.110834957386354
-0.0797904558581061
-0.0433692531199588
-0.00200561559945545
0.0438097663127548
0.0935366874144832
0.146593010615842
0.202362808475273
0.2602049398572
0.319461931812602
0.379469032396803
0.439563297839976
0.499092577309665
0.557424260452032
0.613953656937262
0.668111883299713
0.719373140358007
0.767261274297485
0.811355525942047
0.851295385653346
0.88678448546882
0.91759347530253
0.943561846044451
0.964598678952752
0.980682317578997
0.991858975333376
0.998240308421008
1
0.997369416774589
0.990632413601428
0.980119374829227
0.96620059280598
0.949279094091168
0.929783032245401
0.908157772507637
0.884857798111155
0.860338570366169
0.83504847491426
0.809420984735709
0.783867166596595
0.758768651722031
0.734471183670716
0.711278846789573
0.689449067399591
0.669188467184296
0.650649634322898
0.633928862953099
0.619064895801547
0.606038688533697
0.594774197807915
0.585140178434225
0.57695295869947
0.569980147086922
0.563945208540837
0.558532834344121
0.553395016813406
0.54815772857433
0.542428096342065
0.535801951053855
0.527871630009758
0.518233902472742
0.506497888026644
0.492292836924268
0.475275643679168
0.455137969231622
0.431612853087325
0.404480704790555
0.373574573825973
0.338784608390821
0.30006162626262
0.257419735004253
0.210937953776786
0.16076080483278
0.107097859089131
0.0502222367703236
-0.00953191929224406
-0.0717729637839671
-0.136056212715934
-0.20188928613279
-0.268738250891784
-0.336034471872987
-0.403182068600635
-0.469565864488205
-0.534559707920091
-0.597535038277568
-0.657869565903488
-0.714955932944187
-0.768210222041983
-0.817080181977361
-0.861053043543778
-0.899662805114745
-0.932496875435552
-0.959201971014236
-0.979489176943315
-0.993138092875476
-1
