0.5594107780611
0.563488805009959
0.571574463021781
0.583527965459228
0.599142130551133
0.618145338410343
0.640205406373352
0.664934326233394
0.691893794434393
0.720601454821185
0.750537763272947
0.781153374634418
0.811876944935273
0.842123236061132
0.871301405895113
0.898823364545689
0.924112076647747
0.946609690874778
0.965785380709774
0.981142785142761
0.992226944219894
0.998630632164253
1
0.996039450096419
0.986515676644449
0.971260818607179
0.950174684955025
0.923226025803074
0.890452837201734
0.851961701577437
0.807926179961939
0.758584285972983
0.704235084807921
0.645234473086046
0.581990207037586
0.514956257114888
0.444626576438945
0.371528378456518
0.296215025655567
0.219258636079243
0.141242517625097
0.062753541676726
-0.0156254325246851
-0.0933229731887673
-0.169786224861001
-0.2444876898435
-0.316931547670885
-0.386659426107823
-0.453255546337244
-0.516351175315516
-0.575628329515754
-0.630822686282403
-0.68172567158762
-0.72818570591339
-0.770108603078657
-0.807457129882632
-0.840249747240037
-0.868558565842724
-0.892506561104272
-0.912264103050178
-0.928044866740626
-0.940101197606005
-0.948719013607106
-0.954212332292106
-0.956917515523765
-0.957187327828672
-0.955384905936738
-0.951877737119113
-0.947031742407411
-0.941205557722433
-0.93474510141677
-0.927978510826159
-0.921211523234438
-0.914723368311794
-0.908763229728727
-0.903547323437768
-0.899256629223102
-0.896035300726916
-0.893989767459647
-0.893188530482686
-0.893662641710903
-0.895406845310755
-0.898381348654846
-0.902514179914454
-0.907704079795399
-0.913823866303851
-0.920724203904867
-0.928237702127203
-0.936183263672123
-0.944370598478986
-0.952604818040345
-0.960691023574487
-0.968438802459762
-0.975666549594177
-0.982205534023112
-0.987903636211889
-0.992628687640172
-0.996271351853096
-0.998747494591898
-1
