0.995840276973839
0.996175982051135
0.996804514366724
0.997640902380678
0.998559636439664
0.999396970637309
0.999953933681185
1
0.999277361596021
0.997505731360441
0.994387599878549
0.989613860294722
0.98286970970282
0.973840730872491
0.962219054990287
0.947709504536577
0.930035615460254
0.908945439453446
0.88421703034274
0.855663523351929
0.823137722180274
0.786536116382822
0.745802260317521
0.700929454800109
0.651962683427206
0.598999767120954
0.54219171263301
0.481742243330437
0.417906513373386
0.350989019183716
0.281340734693808
0.209355509058119
0.13546577711488
0.0601376437193759
-0.0161345870367781
-0.0928343579095082
-0.169429192516877
-0.245377323704111
-0.320134517922279
-0.393160994053553
-0.46392833346281
-0.531926278005308
-0.596669314274422
-0.657702945507499
-0.714609557232983
-0.767013788864922
-0.814587330935942
-0.857053076389491
-0.894188564189966
-0.925828664301021
-0.95186746465907
-0.972259332949358
-0.987019138585456
-0.996221633102543
-1
-0.998543597709338
-0.992094931621673
-0.980945902793666
-0.96543339187979
-0.945934246841748
-0.922859751907381
-0.896649662952915
-0.867765900844853
-0.836685999203156
-0.803896406460231
-0.769885743939171
-0.735138121932926
-0.70012661443164
-0.665306990241828
-0.63111179381617
-0.597944863238447
-0.566176365579251
-0.536138421370453
-0.508121380375397
-0.482370800310068
-0.459085168865525
-0.438414397473436
-0.420459102933593
-0.405270680480376
-0.392852159302829
-0.383159819149245
-0.376105534637771
-0.371559802449195
-0.369355395877464
-0.369291581426246
-0.37113882342014
-0.37464389508382
-0.379535308349534
-0.385528969879522
-0.39233396750938
-0.399658389581623
-0.40721507947152
-0.41472722901076
-0.42193371746463
-0.428594107166668
-0.434493212788813
-0.439445168430132
-0.443296925127047
-0.445931120887455
-0.447268275777672
