1
0.99590016627745
0.987728940920942
0.975543043633387
0.959427142844758
0.939493362556208
0.915880625185758
0.88875383087468
0.858302873983989
0.824741497878706
0.78830598957756
0.749253716448545
0.707861507864098
0.664423885597597
0.619251147746102
0.572667312099206
0.525007926133261
0.476617752182894
0.427848337812475
0.379055482960561
0.330596617038045
0.282828100800893
0.236102469463096
0.190765635134858
0.147154068233502
0.10559197898723
0.0663885215014393
0.0298350440504958
-0.00379758973789923
-0.034261583354608
-0.0613346675515472
-0.0848224119108035
-0.104560361637899
-0.120415973737854
-0.132290327429161
-0.140119584693548
-0.143876178254617
-0.143569706026694
-0.139247513171844
-0.130994945337513
-0.118935259403616
-0.103229181124262
-0.0840741023786897
-0.0617029143157646
-0.0363824764493895
-0.00841172569649851
0.0218805666007278
0.0541383775104873
0.0879813389160349
0.123007947109351
0.158799051197256
0.194921592097529
0.230932560262891
0.266383136891432
0.300822980315758
0.333804616559355
0.364887890753506
0.393644434263339
0.419662101013837
0.442549325667057
0.461939356005032
0.477494312137038
0.488909025985847
0.495914615918784
0.498281753371614
0.495823580854518
0.488398243810043
0.475911002385573
0.458315893252983
0.435616916114039
0.407868724423614
0.375176805089708
0.337697137410121
0.295635327216222
0.249245218046853
0.19882698709892
0.144724739623128
0.0873236212795596
0.0270464736645775
-0.035649936304974
-0.100279077283201
-0.166329163975226
-0.233267972124423
-0.300547909015439
-0.367611287130046
-0.433895745806707
-0.498839763594159
-0.561888202486694
-0.622497824408233
-0.680142720189429
-0.734319591863552
-0.784552830390462
-0.830399332892363
-0.871453006129815
-0.907348906232913
-0.937766968592981
-0.962435286269715
-0.981132900224481
-0.993692070093549
-1
