-0.211023910454477
-0.21343012862177
-0.218171239040508
-0.225105880708828
-0.234025218009679
-0.244656728783794
-0.256669157788406
-0.269678554142971
-0.283255293483107
-0.296931969252607
-0.310212023121904
-0.322578972161603
-0.33350608032041
-0.342466314120668
-0.348942417415452
-0.352436937631953
-0.352482036197593
-0.348648918806231
-0.340556726787376
-0.327880739005022
-0.310359744307241
-0.287802457407131
-0.260092865998051
-0.227194413656335
-0.189152941398861
-0.146098330351668
-0.0982448085398304
-0.0458899060026908
0.0105879360630714
0.0707330749681183
0.134017646753201
0.199847748346672
0.26757073369518
0.33648351791088
0.405841767113356
0.474869837170602
0.542771312192467
0.608739983600299
0.671971103049953
0.731672737544647
0.787077052821139
0.83745135156674
0.882108696222269
0.920417952000562
0.951813094212931
0.975801634917189
0.991972037112148
1
0.999653515981991
0.990796618777188
0.973391762066845
0.947500789055076
0.913284474972194
0.871000646491215
0.821000903937191
0.763725993699372
0.699699899070321
0.629522737507002
0.553862570726176
0.473446250820696
0.389049440450685
0.301485957890179
0.211596608095142
0.120237668839082
0.0282692062132635
-0.0634566036734754
-0.154106970175752
-0.24287962712033
-0.329013447360771
-0.411798373184818
-0.490584513657199
-0.564790273075592
-0.633909389926653
-0.697516782814128
-0.755273118524447
-0.806928037403892
-0.852321992231584
-0.891386678454856
-0.92414405566784
-0.950703982214989
-0.971260506443703
-0.986086879074467
-0.995529371074587
-1
-0.999968284717345
-0.995952163469687
-0.988508223167876
-0.978221398372938
-0.965694306517347
-0.951536391367967
-0.936353049475624
-0.920734914343157
-0.905247470276146
-0.890421162402348
-0.87674216124398
-0.864643929629205
-0.854499726802858
-0.846616169545246
-0.841227953169231
-0.838493816706501
