0.957613458945241
0.958608706385723
0.960559230125313
0.963385929626374
0.966972243132854
0.971166611916496
0.975785695691551
0.980618280526708
0.985429807810746
0.989967441273998
0.993965578929663
0.997151708252729
0.999252496108709
1
0.999137884204165
0.996427523393081
0.991653877369101
0.984631023624459
0.975207239480139
0.963269532514128
0.94874752673862
0.93161662239313
0.911900359119819
0.889671925487172
0.865054772115033
0.838222300795387
0.8093966177517
0.778846355276263
0.746883582164301
0.713859839357056
0.680161352747094
0.646203489926897
0.612424541526003
0.579278920446436
0.547229883553003
0.516741890008316
0.488272718290937
0.462265469856154
0.439140591279591
0.419288048484177
0.403059786244145
0.390762603574029
0.382651570869116
0.37892410782453
0.379714832315056
0.385091279691782
0.3950505795002
0.409517162632011
0.42834155659935
0.451300310198227
0.478097071559234
0.508364825734576
0.541669279818986
0.577513365432159
0.615342810488333
0.65455271482858
0.694495047770207
0.734486970201303
0.773819869767186
0.811768985190129
0.847603485041849
0.880596857530794
0.910037461224851
0.935239082223983
0.955551341211935
0.970369794101397
0.97914557265608
0.981394416502754
0.976704955276114
0.964746109173542
0.945273487804878
0.918134680741088
0.883273348401937
0.840732038655657
0.790653672488517
0.733281661073923
0.668958636247906
0.59812379648694
0.521308890684046
0.439132882025942
0.352295353785222
0.261568737561337
0.167789462147203
0.0718481374949789
-0.0253210970454224
-0.122751918165073
-0.219457704809118
-0.314443803601933
-0.406720005593354
-0.49531306253947
-0.579279069534768
-0.657715541942993
-0.729773018221986
-0.794666026355212
-0.851683260104555
-0.900196822063902
-0.939670403365736
-0.969666284685707
-0.989851059686522
-1
