-1
-0.987436473285616
-0.962474195626099
-0.925440351447954
-0.876819835188127
-0.817248291719914
-0.747503000404647
-0.668491739661197
-0.581239799181716
-0.486875334591825
-0.386613284032971
-0.281738087456502
-0.173585467038039
-0.063523540779344
0.0470664491432702
0.156809506541293
0.264356062343905
0.368400682741412
0.467700028306192
0.561089800173475
0.647500425490034
0.725971254216844
0.795663062689215
0.855868685728849
0.906021628153876
0.945702537791228
0.974643455073679
0.99272978848801
1
0.996643019575517
0.982993442502766
0.959524596864305
0.926839600689499
0.885660558543478
0.83681607511344
0.781227288311945
0.719892646149776
0.653871669808795
0.584267959695417
0.512211711565174
0.438842015929547
0.365289215804727
0.292657595421969
0.222008665841934
0.154345302618005
0.0905969759175356
0.0316062950783182
-0.0218829322497192
-0.0692359510974473
-0.109935472536784
-0.14358813135631
-0.169928901444294
-0.188823414943825
-0.200268164627859
-0.204388602507507
-0.201435180905105
-0.191777414571431
-0.175896073396014
-0.154373644365617
-0.127883228214193
-0.0971760602612627
-0.0630678658819005
-0.026424278568059
0.0118544376399095
0.0508491096592172
0.0896375632539865
0.127310458025137
0.162986792637971
0.195828829943023
0.225056202147342
0.249958970499893
0.269909431827583
0.284372485403048
0.292914397695352
0.295209829158132
0.291047015914716
0.280331029541801
0.263085069642728
0.239449776031105
0.209680579598741
0.174143142801213
0.133306971649041
0.0877373106472807
0.0380854598091172
-0.0149223217618664
-0.0704971385745191
-0.127800801017827
-0.185959964286958
-0.244080828518051
-0.301264155979375
-0.356620356438904
-0.409284391147553
-0.458430249249442
-0.503284757796939
-0.543140497786302
-0.577367613554607
-0.605424321246558
-0.626865943571878
-0.641352322380845
-0.648653487293379
