1
0.988997333012354
0.967119711360452
0.934620896585653
0.891877396496716
0.839383568553624
0.777745198007776
0.70767164046048
0.629966638428706
0.545517939830402
0.455285862754982
0.360290965229453
0.26160099072064
0.160317269657394
0.0575607641792599
-0.0455420524749816
-0.147873289088423
-0.248337510591682
-0.345875205786885
-0.439475668046092
-0.528189117716103
-0.611137906742713
-0.687526660049961
-0.756651224256842
-0.817906312138809
-0.87079175057195
-0.914917260240314
-0.950005716830661
-0.975894865461081
-0.992537482360231
-1
-0.998459633656846
-0.988200068414077
-0.969605785610363
-0.943155126397239
-0.90941220712084
-0.869017816446843
-0.822679437288435
-0.771160547493458
-0.715269361752382
-0.655847183194541
-0.59375653657588
-0.529869255797096
-0.465054696735957
-0.400168242081172
-0.336040258105302
-0.273465654236001
-0.213194185038351
-0.155921620998641
-0.102281899523051
-0.052840351080492
-0.0080880776958574
0.0315624576760349
0.0657805916958669
0.0943193515830723
0.11701607665219
0.133791790085132
0.144649359459315
0.149670502568441
0.149011711955281
0.142899187070083
0.131622876844117
0.115529747522798
0.095016400664508
0.0705211741407419
0.0425158646662183
0.0114972137767457
-0.0220216997723861
-0.0575200194864263
-0.0944774843421881
-0.132382483337141
-0.170739666822879
-0.209076999844494
-0.246952154239472
-0.283958149332341
-0.319728165464526
-0.353939470072606
-0.386316412306888
-0.416632458988808
-0.444711261756207
-0.4704267622541
-0.493702358911439
-0.514509174925262
-0.532863482287477
-0.548823350787407
-0.562484603675972
-0.57397617287917
-0.583454956120786
-0.591100285907569
-0.597108125927441
-0.601685113929301
-0.605042571543318
-0.607390600750858
-0.608932383846922
-0.60985879881383
-0.610343455136371
-0.610538246361605
-0.6105695052977
-0.61053483584019
-0.610500682220399
