0.583811882717618
0.588989268109528
0.599226891380824
0.614292446227363
0.633842412909568
0.657427896583145
0.684502264381285
0.714430457962284
0.746499831135294
0.779932337469125
0.813897870868248
0.847528543315964
0.879933668636881
0.910215209464857
0.937483436805474
0.96087254777962
0.979555987389569
0.992761224458949
0.999783740197409
1
0.99287919491986
0.977993558501951
0.955027087032046
0.923782516386518
0.88418643616798
0.836292451245189
0.780282331717804
0.716465124208802
0.645274229745314
0.567262485809997
0.483095321917939
0.393542088794861
0.299465690413895
0.201810675327157
0.101589968473039
-0.000129553443066199
-0.102242421157174
-0.203620629543223
-0.303130143153796
-0.399647594324636
-0.492076913956803
-0.579365635575911
-0.660520617840991
-0.734622939267804
-0.800841731410947
-0.858446732922673
-0.906819366522333
-0.94546216366256
-0.97400638721119
-0.992217730381473
-1
-0.997396723533432
-0.984590651609614
-0.961901160558428
-0.929779592247126
-0.888802600679002
-0.839663605956276
-0.783162485788009
-0.720193662285603
-0.651732766897678
-0.578822088596759
-0.502555029490907
-0.424059807593055
-0.344482658293098
-0.264970793955491
-0.186655384882678
-0.11063482458042
-0.0379585378382107
0.0303884183355965
0.0934997232769916
0.150560909199155
0.200861023758171
0.243802659473745
0.278910196396126
0.305836132389038
0.324365405347357
0.334417643117783
0.336047309346974
0.329441746434962
0.314917149704615
0.292912539293019
0.26398182761903
0.228784110090227
0.188072334513644
0.142680530030901
0.093509798911263
0.041513293851577
-0.012319580753552
-0.0669794930433232
-0.121453774770932
-0.174743016521424
-0.225877404429629
-0.273932539964045
-0.318044492610001
-0.357423847487044
-0.391368525879294
-0.419275176092899
-0.440648954676117
-0.455111543489038
-0.462407275991609
