1
0.996690266576874
0.990106707820758
0.980320547166933
0.967437147904838
0.951594274774227
0.932959821988723
0.911729046050138
0.888121350107156
0.862376674230295
0.834751552695351
0.805514905077921
0.774943632566854
0.743318094326913
0.710917540922635
0.678015582717927
0.644875770772253
0.611747366068129
0.578861369950789
0.546426884485084
0.51462786610231
0.483620329505282
0.453530051425794
0.424450815602591
0.396443231402592
0.369534148987414
0.343716683985496
0.318950854428306
0.2951648224134
0.272256722735304
0.250097050744591
0.228531572120066
0.20738470822647
0.18646334242988
0.16556098529337
0.144462230101509
0.122947424773786
0.100797482016711
0.0777987466062655
0.0537478370409143
0.028456378493767
0.00175554503310482
-0.0264996685364532
-0.0564265211653121
-0.0881110173821419
-0.121604881307885
-0.156923070484056
-0.194041878918349
-0.232897669670742
-0.273386267504257
-0.315363031758451
-0.358643618832379
-0.403005432656239
-0.448189750460512
-0.493904500193619
-0.539827655267867
-0.585611202099551
-0.630885626316329
-0.675264854688438
-0.718351581943423
-0.759742904776384
-0.799036179682959
-0.835835016816354
-0.869755318979258
-0.900431273162459
-0.927521201768995
-0.950713181827941
-0.969730343095603
-0.98433575993144
-0.994336857167394
-0.999589256787052
-1
-0.995530088122961
-0.986196295432184
-0.972072217685551
-0.9532885311699
-0.930032448740722
-0.90254637121181
-0.871125744440752
-0.836116144359444
-0.797909623834806
-0.75694036643506
-0.713679702748774
-0.668630554694253
-0.622321382113872
-0.575299713733729
-0.528125351161931
-0.481363339894865
-0.435576805216048
-0.391319753343146
-0.349129939164378
-0.309521901387071
-0.272980263902887
-0.239953398683524
-0.210847540607003
-0.18602143834976
-0.165781617955604
-0.150378327020808
-0.140002217744243
-0.134781816527156
