0.769654284143284
0.766658666577945
0.760734841742412
0.752016348343487
0.74070031179028
0.727043686410779
0.711358346318894
0.694005109562139
0.675386798689553
0.655940457686589
0.636128860049701
0.616431455371573
0.597334911967567
0.579323420623899
0.562868929359081
0.548421481077905
0.536399825122559
0.527182469996219
0.5210993380044
0.518424173328196
0.519367843254843
0.52407265813014
0.532607819288529
0.54496608601946
0.561061732834101
0.580729847221533
0.60372699606754
0.629733266306676
0.658355662555229
0.68913282179894
0.721540983053706
0.755001128641655
0.788887193677361
0.822535221869513
0.855253329117969
0.886332321901813
0.915056805354386
0.940716606412383
0.962618330673528
0.980096867722796
0.992526658767011
0.999332542481286
1
0.994084627914337
0.981220678856021
0.961128522595819
0.933620896366805
0.898607831097462
0.856100160134446
0.806211538543414
0.749158923866341
0.685261492931373
0.614937993586369
0.538702554680023
0.457159001860215
0.370993750415756
0.280967369080195
0.187904930084069
0.0926852804436245
-0.00377061280685609
-0.100512075281667
-0.196571714722196
-0.29097879600463
-0.382772803103473
-0.471016985178266
-0.554811682802337
-0.63330723234564
-0.705716251640953
-0.771325118237052
-0.829504462659872
-0.879718513002131
-0.921533143639318
-0.954622499680169
-0.978774089620887
-0.993892261269741
-1
-0.997239013409492
-0.985868092132676
-0.96625976247321
-0.938895272304055
-0.904357976921678
-0.863325215852191
-0.81655879461476
-0.764894206795358
-0.709228751140755
-0.650508715447466
-0.589715813526966
-0.527853073249433
-0.465930382418977
-0.404949904874219
-0.345891581647752
-0.289698931213763
-0.237265358812299
-0.189421177618464
-0.146921534231135
-0.110435417742137
-0.0805359157113829
-0.0576918619568293
-0.0422610004486111
-0.0344847670871578
