0.730662054666924
0.723160313592066
0.708259824494945
0.686164937255315
0.657178112591927
0.621695118811737
0.580198748990085
0.533251160220042
0.481484958879625
0.425593176182925
0.366318296278218
0.304440514542472
0.240765416249026
0.17611127525053
0.111296178568732
0.0471251857137545
-0.0156222688813327
-0.0762045257252167
-0.133929204952542
-0.188163878647681
-0.238345736959834
-0.283990090313722
-0.324697568737313
-0.360159900312187
-0.390164173669326
-0.414595513937923
-0.433438127216513
-0.446774695064176
-0.454784127282136
-0.457737707943746
-0.455993695805819
-0.449990465475958
-0.440238299612937
-0.427309964615008
-0.411830222345795
-0.394464448133584
-0.375906540269433
-0.3568663182774
-0.338056616137298
-0.32018028225783
-0.303917300228398
-0.289912243178201
-0.278762269952454
-0.271005863343332
-0.26711249940636
-0.267473422622229
-0.272393684548722
-0.282085583912961
-0.29666362412689
-0.316141080312221
-0.340428242469344
-0.369332374817953
-0.402559403994348
-0.439717321143098
-0.480321255426254
-0.523800149527703
-0.569504941781509
-0.616718135014482
-0.664664609456436
-0.712523516501007
-0.759441072026169
-0.804544052699057
-0.846953786443163
-0.88580041923906
-0.9202372348135
-0.949454801644232
-0.972694723112348
-0.989262771558773
-0.998541195379101
-1
-0.993207018446732
-0.977836605011166
-0.953676805992621
-0.920634884297687
-0.878741099499875
-0.828150671393741
-0.769143882723407
-0.702124305194516
-0.627615161651373
-0.546253865970721
-0.458784810344666
-0.366050496759885
-0.268981135205265
-0.168582855053834
-0.0659246977929336
0.0378754215214716
0.141665580336641
0.244275325163785
0.344531531599698
0.441274414247155
0.53337345000018
0.619742978802027
0.69935725023358
0.771264692086737
0.834601188304986
0.888602168162083
0.932613326079397
0.966099811785484
0.988653753287065
1
