1
0.992372874227446
0.97718233828311
0.954555176805739
0.924679958004632
0.887805124503037
0.844236483064883
0.794334122837541
0.738508798414173
0.67721782021401
0.610960500317131
0.540273206899887
0.465724084734228
0.387907502785155
0.307438292721817
0.224945844117069
0.14106812322654
0.0564456825022852
-0.0282842725898078
-0.112493694301156
-0.195569317964155
-0.276918042077548
-0.355972006934545
-0.432193320016537
-0.50507838138175
-0.574161767815925
-0.639019640501359
-0.699272647315767
-0.754588297503882
-0.804682793279725
-0.849322309821919
-0.88832372202387
-0.921554783161801
-0.948933767255746
-0.970428593234711
-0.986055454995268
-0.995876986987025
-1
-0.99857282630737
-0.991782317180605
-0.979850539000533
-0.963031216705206
-0.941605975121987
-0.915880429815666
-0.886180179446417
-0.852846751280713
-0.816233550455284
-0.776701861888629
-0.734616951405622
-0.690344309735931
-0.644246079621463
-0.596677702383731
-0.54798481602637
-0.498500432353166
-0.44854241574312
-0.39841128121904
-0.34838832435329
-0.298734090451914
-0.249687185423189
-0.201463425842713
-0.154255321044821
-0.108231875664956
-0.0635386969892423
-0.0202983877892496
0.0213887979225282
0.0614440615496608
0.0998089565799294
0.136444104604911
0.171327761237078
0.204454263137814
0.235832387504451
0.265483654981295
0.293440606081463
0.319745079863789
0.344446521839735
0.367600345933256
0.389266372831278
0.409507364298086
0.428387670041075
0.445972000568201
0.46232433623088
0.477506979361997
0.491579753158734
0.504599347783617
0.516618811121739
0.527687178790595
0.5378492354003
0.547145396749368
0.555611700651967
0.56327989245733
0.570177590064186
0.57632851236859
0.58175275462094
0.586467094107383
0.59048530990551
0.593818501179135
0.596475389550479
0.598462592491359
0.599784856373444
0.600445239770787
