0.273197293075989
0.26300349791148
0.242785393885629
0.212879314046167
0.173783199899988
0.126148845429653
0.070771743377726
0.00857869083699891
-0.0593866541842234
-0.131980041900551
-0.207974474088748
-0.286079345850754
-0.36496059003301
-0.443261513136998
-0.519624000988613
-0.592709766859069
-0.661221314231621
-0.723922290991344
-0.77965692140522
-0.827368216704461
-0.866114684152171
-0.895085277877213
-0.913612362111855
-0.921182488357715
-0.917444821937837
-0.902217089841611
-0.875488960163861
-0.837422803180305
-0.788351824568402
-0.72877560184459
-0.659353095114273
-0.580893242096764
-0.494343284489824
-0.400775007501546
-0.301369106262473
-0.19739792134503
-0.0902068103207766
0.0188055572009298
0.128207677600131
0.236556149624131
0.342416748053142
0.444385312248773
0.541108130856532
0.631301512561373
0.713770246231355
0.787424671809628
0.851296105638738
0.904550390166066
0.946499367766098
0.976610111250861
0.994511779003271
1
0.99303873270105
0.973759581262077
0.942458592151369
0.899590593403252
0.845761176799507
0.781716459643875
0.708330796913512
0.626592645903126
0.537588813535326
0.442487340859622
0.342519299526943
0.238959790896092
0.133108449662701
0.0262697603330604
-0.0802665035959683
-0.185244411257119
-0.287460278548166
-0.385780059407649
-0.479155456251187
-0.566638503183525
-0.647394401043975
-0.720712412220385
-0.786014655013088
-0.842862671632557
-0.89096168012171
-0.930162458025782
-0.960460843888373
-0.981994881020784
-0.995039665860466
-1
-0.997400980045296
-0.987876692293042
-0.972157209281745
-0.951054112091708
-0.925444785422524
-0.896255751597254
-0.864445324429574
-0.83098587411284
-0.796845999790273
-0.762972907160667
-0.730275284358603
-0.699606960493238
-0.671751617782194
-0.647408810397036
-0.627181521234253
-0.611565462195608
-0.60094029461869
-0.59556291470981
