1
0.994082538019231
0.982285319412172
0.96468348203004
0.941389052433796
0.912550135023806
0.878349839827445
0.839004956548193
0.794764384297988
0.745907328197794
0.692741275728658
0.635599767336223
0.574839977325068
0.510840122514885
0.44399671745816
0.374721696228721
0.303439421872576
0.230583605557782
0.156594158259772
0.0819139984647121
0.00698583985839374
-0.0677510167147087
-0.141863862594008
-0.214929707553802
-0.286538328786637
-0.356295218845013
-0.423824409355518
-0.488771148093744
-0.550804407967169
-0.60961920759362
-0.66493872448038
-0.716516183297275
-0.764136503388216
-0.807617691470335
-0.846811967416603
-0.881606613094037
-0.911924536420769
-0.937724545095347
-0.959001326823491
-0.975785135302141
-0.988141183698414
-0.996168749860792
-1
-0.999798540054806
-0.995757706390755
-0.988098609844198
-0.977067949396919
-0.962935613925062
-0.945992092487689
-0.926545715483258
-0.904919750686036
-0.881449379659539
-0.856478581312535
-0.830356950398875
-0.803436479551258
-0.776068333968971
-0.748599648141122
-0.721370373972824
-0.69471020938789
-0.668935635906251
-0.644347092839002
-0.621226314612793
-0.599833856335809
-0.580406831059723
-0.563156880289148
-0.548268397158018
-0.535897019349845
-0.526168406306834
-0.519177312575201
-0.514986966296217
-0.513628758902058
-0.515102249041684
-0.519375480675031
-0.526385612165256
-0.536039850100672
-0.548216678522619
-0.562767371255136
-0.579517772158739
-0.598270325394842
-0.61880633521918
-0.640888432450413
-0.664263222610255
-0.688664088828234
-0.713814120969478
-0.739429141096532
-0.765220794332481
-0.790899673465082
-0.816178445230031
-0.840774946141487
-0.864415216002246
-0.886836437822934
-0.907789753804461
-0.927042928282103
-0.944382830080795
-0.959617708574019
-0.972579239854113
-0.983124321788077
-0.991136599325289
-0.996527704214529
-0.999238196248
