1
0.993522983859648
0.980608803298577
0.961336977123144
0.935826321356016
0.904234392958186
0.8667567454851
0.823625994644173
0.775110691494246
0.721514000979081
0.663172183643471
0.600452878763654
0.533753187750293
0.463497557562988
0.390135465015292
0.314138904246824
0.235999681286631
0.156226521515207
0.0753419979309775
-0.006120709585963
-0.087621211376634
-0.168615446273893
-0.248559343203171
-0.326912585604959
-0.403142455518532
-0.476727731583753
-0.547162612757513
-0.613960637256873
-0.676658564185166
-0.734820183521424
-0.788040018706715
-0.835946884988544
-0.878207266027892
-0.9145284710685
-0.944661535244841
-0.968403826387132
-0.985601322984753
-0.996150529801776
-1
-0.997151435507503
-0.987660340757304
-0.9716362087857
-0.949242222989349
-0.920694462552177
-0.88626060461802
-0.846258121645936
-0.801051977979087
-0.751051835416448
-0.696708783425869
-0.63851161550034
-0.576982678956948
-0.512673331129209
-0.446159040326714
-0.378034175051444
-0.30890652968935
-0.239391639164559
-0.170106938781648
-0.101665828624784
-0.0346717043735743
0.0302879818152921
0.0926475656651768
0.15186885540791
0.207446592239821
0.258913623492142
0.30584572753969
0.347866032404337
0.384648973715622
0.415923742136673
0.441477175505278
0.461156056723447
0.47486878479001
0.482586393237144
0.484342897522422
0.480234960555288
0.470420873407383
0.455118856271816
0.434604692795789
0.409208718911033
0.37931219512322
0.345343098792496
0.307771380141902
0.26710373247242
0.223877933251104
0.178656818287587
0.13202195604691
0.0845670931947959
0.0368914456767886
-0.0104070880526668
-0.0567387136473875
-0.101528448892448
-0.144222675218956
-0.184295456284968
-0.221254549633789
-0.254647040800064
-0.284064533476935
-0.309147834433835
-0.329591077722576
-0.345145239257483
-0.355621000021832
-0.360890923848283
