1
0.989813014869343
0.969553703679758
0.939449856298992
0.899839358784144
0.851165696005532
0.793972056028175
0.728894120779433
0.656651646270316
0.578038952835334
0.493914461256219
0.405189424010175
0.312816012036538
0.217774926183673
0.121062708753634
0.0236789342172299
-0.0733865408224497
-0.169166089992874
-0.262726417695599
-0.353180080519425
-0.439696271491711
-0.521510720713858
-0.597934579620744
-0.668362171700611
-0.732277509769807
-0.789259498549601
-0.838985761053131
-0.881235047856746
-0.91588820938731
-0.942927732585047
-0.962435864378038
-0.97459136501111
-0.979664954098258
-0.978013531016966
-0.97007326865537
-0.956351695301843
-0.937418893399523
-0.913897955773544
-0.88645484960628
-0.855787845750968
-0.822616675838584
-0.787671581987128
-0.751682423745768
-0.71536800421739
-0.679425772159272
-0.644522049358171
-0.611282922844523
-0.580285929715956
-0.552052648679783
-0.527042297122119
-0.505646415817104
-0.488184705573044
-0.474902061458877
-0.465966831061815
-0.461470303799446
-0.461427418953617
-0.465778661112629
-0.474393093398789
-0.487072461504359
-0.503556285427629
-0.523527841139057
-0.546620921437259
-0.572427254170125
-0.600504446960876
-0.630384320722045
-0.661581489656734
-0.693602043193741
-0.725952185401557
-0.758146689858321
-0.789717032665975
-0.820219073196199
-0.849240161117542
-0.876405559119636
-0.901384083333229
-0.923892877529601
-0.943701252531448
-0.96063353862248
-0.974570915832191
-0.985452204512368
-0.99327361632367
-0.998087483323211
-1
-0.999168029564688
-0.995795041296032
-0.990126260028014
-0.982443121698822
-0.973057140069889
-0.962303299082016
-0.950533092698314
-0.938107339375412
-0.925388901424526
-0.912735440427933
-0.900492338555792
-0.888985912111419
-0.878517037984287
-0.869355306008194
-0.861733800639868
-0.855844604053901
-0.851835099885358
-0.849805142658612
