0.904420025522874
0.899778647274531
0.890577570370939
0.876978796007689
0.859221952724674
0.83762030898251
0.812555556372855
0.784471446949275
0.753866386531263
0.721285102587809
0.687309520183192
0.652548992230697
0.617630040747349
0.583185773768822
0.549845147941622
0.518222249474111
0.488905766055985
0.462448819547614
0.439359323739802
0.420091023376869
0.405035360048765
0.394514297657445
0.388774225151871
0.38798103734091
0.392216476099978
0.401475794476777
0.415666785385919
0.434610195089844
0.458041519832767
0.485614162169837
0.516903902059288
0.551414616999867
0.588585165727248
0.627797331543297
0.66838470453223
0.709642366983354
0.750837233527248
0.791218887003527
0.830030743079601
0.866521371258042
0.899955797230799
0.929626611604571
0.95486471283307
0.975049517705098
0.989618480866474
0.998075775471534
1
0.99505079133425
0.982974241134333
0.963607031107221
0.936879222651475
0.902815657256246
0.861535945616086
0.81325304535135
0.758270449153382
0.696978026759804
0.629846585068843
0.557421230594402
0.480313637033124
0.399193337669346
0.314778177417586
0.227824072258497
0.139114234459915
0.0494480301232914
-0.040370358870122
-0.129543293605428
-0.217290882575541
-0.302861859476442
-0.385543967372108
-0.464673690219008
-0.539645183203923
-0.609918266136959
-0.675025359051615
-0.734577255959767
-0.788267651126264
-0.8358763519744
-0.877271133498208
-0.912408210512476
-0.941331325878166
-0.964169474655401
-0.981133305614486
-0.99251026233871
-0.998658545953232
-1
-0.997012034858275
-0.990218724118184
-0.980181218214557
-0.96748763121733
-0.952742564786677
-0.936556438808567
-0.919534801043669
-0.902267788205775
-0.885319908235009
-0.869220308188723
-0.854453684224526
-0.841451979721945
-0.830587004847202
-0.822164096011975
-0.81641691694704
-0.813503484770739
