-1
-0.999696160496061
-0.999054813082354
-0.998009262821174
-0.996461061596885
-0.99428189232565
-0.991316033491329
-0.987383364053387
-0.982282859977509
-0.975796525612404
-0.967693696003652
-0.957735640109821
-0.945680389864256
-0.931287716187205
-0.914324170458267
-0.894568108649619
-0.871814615317459
-0.845880245953028
-0.816607508785736
-0.783869010969101
-0.74757119910596
-0.707657630204306
-0.664111716303679
-0.61695889406261
-0.566268179424658
-0.512153076946136
-0.454771823325003
-0.39432695496196
-0.3310641998509
-0.265270704572997
-0.197272617493306
-0.127432059269563
-0.0561435213236727
0.0161702581517025
0.0890628829151421
0.162069287112146
0.234711052129599
0.306501975390485
0.376953810603559
0.445582096214808
0.511911987321338
0.575484006126312
0.63585962713801
0.692626615728827
0.745404042332585
0.793846899413263
0.837650254308553
0.876552878043818
0.910340298116286
0.938847231941929
0.961959367002203
0.979614463578773
0.991802766167447
0.99856672005878
1
0.996245868148951
0.987494888535421
0.973982034803488
0.955983236972223
0.933811421182893
0.907812103771825
0.878358607406433
0.845846972349781
0.810690640095989
0.77331498958229
0.73415180789039
0.693633777776707
0.652189063514674
0.610236074409904
0.56817848199728
0.52640056240447
0.485262929743506
0.445098719762806
0.406210275464014
0.368866378082813
0.333300057884165
0.299707009773875
0.268244628931142
0.239031671677541
0.212148536775731
0.187638152455887
0.165507444856413
0.14572935439048
0.128245357956636
0.112968447035752
0.0997865046821971
0.0885660183348231
0.0791560603382002
0.0713924641550441
0.0651021215270746
0.060107324344929
0.0562300747398083
0.0532962879118586
0.0511398144444848
0.0496062122817764
0.0485562031108009
0.0478687535164217
0.0474437278712012
0.0472040673791487
0.0470974578881065
