-0.0321637797388975
-0.0406377634571674
-0.0574428134473024
-0.082295288982242
-0.114775180754821
-0.154332559371371
-0.200296018817874
-0.251882985527647
-0.308211735129002
-0.368314932842148
-0.431154490229328
-0.495637510939754
-0.560633081539833
-0.624989650733761
-0.687552731455025
-0.747182655579847
-0.802772110448919
-0.853263189989615
-0.897663700947607
-0.935062476441289
-0.964643464559486
-0.985698378788456
-0.997637719379123
-1
-0.992459041771198
-0.974829226606754
-0.947068633241431
-0.90928001189419
-0.861709586717173
-0.804743708480487
-0.738903412832661
-0.664836971444805
-0.583310553898745
-0.495197146843985
-0.401463903283625
-0.303158118450812
-0.201392049243503
-0.0973268112838636
0.00784439889929023
0.112913499501909
0.216674874270145
0.317942614428292
0.41556739024486
0.508452697447428
0.595570234306097
0.675974179573262
0.748814159360352
0.813346712161617
0.868945085262118
0.915107222308579
0.951461830455425
0.977772445770077
0.99393944701271
1
0.996125947014536
0.982619687624741
0.9599081283341
0.928534808197408
0.88915033546193
0.842501295978564
0.789417817183947
0.730799991523364
0.667603379958252
0.600823829426057
0.53148184759557
0.46060678384901
0.389221067045958
0.318324748269779
0.248880590473446
0.181799936839861
0.117929575923313
0.0580398044727544
0.00281386853683463
-0.0471610596528547
-0.0914012370540777
-0.129531933018828
-0.161291165018996
-0.186531541791109
-0.205220199621484
-0.217436848434537
-0.223369974911096
-0.223311279561408
-0.217648453035061
-0.206856423515165
-0.191487231394113
-0.172158709176664
-0.149542163358115
-0.124349270584537
-0.0973184124735428
-0.0692006818695602
-0.0407457978979485
-0.0126881678990738
0.014266668839058
0.0394549876167558
0.0622669978857548
0.0821579328182569
0.0986579233762834
0.1113804919006
0.120029523438291
0.124404598525786
