1
0.99317232090845
0.979595936770237
0.95942763158064
0.932899689241594
0.900316473573153
0.862049951676066
0.818534230392498
0.770259190963466
0.717763320991392
0.661625855263581
0.602458347681305
0.540895805301146
0.477587522192412
0.413187755341546
0.348346387120389
0.283699718844443
0.219861537680089
0.15741459465253
0.0969026248305498
0.0388230320260876
-0.016379650315448
-0.0683194227753235
-0.116673522888817
-0.161186097369166
-0.201670790065046
-0.238012209331048
-0.270166256295466
-0.298159313594969
-0.322086312225298
-0.342107711944873
-0.358445447882608
-0.3713779123699
-0.381234056280592
-0.388386708080102
-0.393245221135518
-0.396247570426725
-0.397852028456847
-0.398528556751187
-0.398750053753075
-0.39898360210219
-0.39968185818153
-0.401274724444395
-0.404161440419875
-0.408703221517197
-0.415216565912704
-0.423967339048012
-0.435165732763858
-0.448962182039076
-0.465444306920354
-0.484634930759308
-0.506491208579669
-0.530904881552752
-0.557703655446659
-0.586653682820681
-0.617463110948111
-0.649786640250183
-0.683231021684222
-0.717361406309689
-0.751708446398793
-0.785776035184058
-0.819049561839533
-0.851004549742803
-0.881115539598649
-0.908865074726415
-0.933752643791552
-0.955303436531633
-0.97307677058638
-0.986674052351849
-0.995746141767144
-1
-0.999204509984358
-0.993195372507566
-0.981878994847906
-0.965235304601095
-0.94331943806221
-0.916262270085038
-0.884269770448497
-0.847621190135367
-0.806666099283267
-0.761820316613078
-0.713560787591974
-0.662419485172108
-0.608976422400612
-0.553851880278279
-0.497697966730862
-0.441189633251166
-0.385015284502784
-0.329867122809033
-0.276431373877775
-0.225378542263441
-0.177353844906429
-0.132967968618158
-0.0927882926346827
-0.057330710415876
-0.0270521758283072
-0.00234408785840456
0.0164733847706489
0.0291559520605291
0.0355387529746032
