1
0.992079572937481
0.976354076255131
0.953052417522965
0.922513468279913
0.885180755528202
0.841595514509174
0.792388212203747
0.738268675089911
0.680014976673865
0.618461259843979
0.554484685869952
0.488991715618774
0.422903939067845
0.357143676298165
0.292619576734938
0.230212443412936
0.170761505479267
0.115051355063276
0.0637997541537429
0.0176465033929309
-0.0228564520581672
-0.0572535239444958
-0.0851924559606849
-0.10642966281719
-0.120833849532798
-0.12838785427779
-0.129188686104422
-0.123445757364076
-0.111477339074684
-0.0937052955191172
-0.0706481814832345
-0.0429128113537968
-0.0111844333842323
0.0237843355792062
0.0611856400837263
0.100169389164719
0.139856927190326
0.179355156581647
0.217770889423448
0.254225201386007
0.28786756135761
0.317889513739595
0.343537697425315
0.364125995959562
0.37904662709033
0.387779996664059
0.389903161314415
0.385096766345793
0.37315034926965
0.353965925235107
0.327559797698334
0.294062565670452
0.253717327329661
0.206876108231299
0.153994570350924
0.0956250853087102
0.0324082809208988
-0.0349368057011348
-0.10562381331096
-0.178811205229135
-0.253615290102541
-0.329123909489769
-0.404410576532219
-0.478548842864776
-0.550626667329167
-0.619760560034073
-0.685109278858849
-0.745886862566111
-0.801374795161004
-0.850933109846209
-0.894010257655408
-0.930151585339992
-0.959006289026577
-0.980332734210438
-0.994002058422627
-1
-0.998426924370063
-0.989496047695167
-0.973529886154562
-0.950954987129687
-0.922295025656364
-0.888162375289784
-0.849248286587793
-0.806311828375369
-0.760167766462095
-0.711673571237218
-0.661715759299167
-0.611195784771856
-0.561015703052984
-0.512063833318192
-0.465200646112895
-0.421245098800749
-0.380961634560438
-0.345048050142294
-0.31412442387869
-0.288723278703538
-0.269281135440696
-0.256131589676228
-0.249500021481374
