0.993536335052321
0.993871516786612
0.99451396502066
0.995408421384942
0.996473418398587
0.997602955237112
0.998668685398699
0.999522577259447
1
0.999923179677508
0.999104963438704
0.997352824137321
0.99447303303045
0.990274924863448
0.98457517757099
0.977202028061533
0.967999346130554
0.956830490459207
0.943581873872458
0.92816616950553
0.910525095190151
0.890631720133361
0.868492245714006
0.844147220841303
0.817672161667286
0.789177555369158
0.758808238057605
0.726742147453986
0.693188461639997
0.658385145742356
0.622595938698038
0.586106822081958
0.549222022204491
0.512259605146065
0.475546731946647
0.439414647680373
0.404193483506445
0.370206954901882
0.337767042074296
0.307168739969093
0.278684965292721
0.252561706561768
0.22901350036934
0.208219312870506
0.190318899985018
0.175409713076676
0.163544408993443
0.154729014458197
0.148921785021204
0.146032788271153
0.145924229913523
0.148411529834892
0.153265143558299
0.160213112741616
0.168944316762901
0.179112386157872
0.190340227904382
0.202225102459801
0.214344183212081
0.226260520754603
0.237529327274071
0.247704490468443
0.256345221887869
0.263022741494951
0.267326898628727
0.268872629464031
0.267306152495338
0.262310806529173
0.253612440105319
0.240984267125001
0.224251110662262
0.203292965370063
0.178047818442935
0.148513679623214
0.114749782082305
0.0768769280032213
0.0350769651561249
-0.0104086064925871
-0.0592808862576195
-0.111186657682903
-0.165722269906878
-0.222438266440702
-0.280844701074941
-0.340417070193665
-0.400602781342845
-0.460828069618386
-0.520505266437066
-0.579040319640717
-0.635840459748871
-0.690321904584607
-0.74191749349523
-0.790084142993174
-0.834310017847554
-0.874121315433653
-0.909088566442726
-0.938832361791063
-0.963028423646836
-0.981411947796529
-0.993781154961989
-1
