1
0.992830718358643
0.978600118398373
0.95752241304366
0.9299146644886
0.896191751041401
0.856859780766029
0.812508056115617
0.763799716681802
0.711461208106724
0.65627074378971
0.599045941975257
0.540630833880748
0.481882448504926
0.423657186493783
0.366797198822631
0.312116986028082
0.260390430291662
0.212338465891645
0.168617583508299
0.129809350748009
0.0964111152505629
0.0688280381133595
0.0473665844002582
0.0322295745317496
0.0235128757393506
0.0212037868988129
0.0251811433418219
0.0352171411057745
0.0509808529440219
0.0720433817127626
0.0978845708968736
0.127901167443278
0.161416309125006
0.197690187724032
0.235931720726599
0.275311048264623
0.314972658962888
0.354048938370529
0.391673926924513
0.426997071018929
0.459196750790433
0.487493371676909
0.511161813609326
0.529543041748937
0.542054695825243
0.548200491157556
0.547578283102236
0.539886667664703
0.524930014019513
0.502621849330561
0.472986542168497
0.43615925757556
0.392384184007557
0.342011059560395
0.285490051636061
0.223365070098702
0.156265618607374
0.0848973117998217
0.0100312069789994
-0.0675078824095924
-0.146853908220095
-0.227112747563659
-0.307375794855525
-0.386733772756723
-0.464290545403778
-0.539176717320094
-0.610562804814705
-0.67767177344394
-0.739790745132416
-0.796281691663672
-0.846590947250693
-0.890257391530424
-0.926919175300103
-0.956318884296255
-0.978307060947016
-0.992844029916687
-1
-0.999953442090712
-0.992987770116689
-0.979486378573105
-0.959926116175246
-0.934869299784522
-0.904954395747275
-0.870885516763473
-0.833420901040773
-0.793360556494841
-0.751533265877059
-0.708783158739038
-0.665956062921681
-0.623885851678229
-0.583381002551941
-0.545211580729776
-0.510096852837554
-0.478693727136103
-0.451586202980071
-0.429275996417871
-0.41217449019509
-0.400596135468288
-0.394753409572068
