-1
-0.999166973388194
-0.997476553786834
-0.994880683889114
-0.991308953127858
-0.986670571338402
-0.980856939652192
-0.973744767999361
-0.965199677628593
-0.955080217164881
-0.943242212096186
-0.929543360363549
-0.913847981057071
-0.896031819197849
-0.87598680729131
-0.85362568381905
-0.828886370113362
-0.801736010119588
-0.772174582354835
-0.740237999846179
-0.706000621877764
-0.669577110867439
-0.631123578478303
-0.590837976974587
-0.548959704660859
-0.505768407787949
-0.461581975344588
-0.416753737446909
-0.37166889234951
-0.326740201190283
-0.282403003207565
-0.239109617098756
-0.197323206200935
-0.157511196055872
-0.120138342481033
-0.0856595563316256
-0.0545125975565527
-0.0271107557990837
-0.00383563757476957
0.014969819092215
0.0290079828134584
0.0380327030942869
0.0418549090777645
0.0403475280734802
0.0334496278929406
0.0211696974135784
0.00358799172322177
-0.0191421185169811
-0.046793839406905
-0.0790677183650519
-0.115593495335368
-0.155933038505543
-0.199584345627629
-0.245986575314003
-0.294526056280275
-0.344543206681476
-0.395340280691853
-0.446189845553817
-0.496343879695251
-0.545043371395358
-0.591528288054405
-0.63504777855412
-0.674870465617839
-0.710294681597209
-0.740658499798687
-0.765349414358248
-0.783813524783111
-0.795564086577395
-0.800189296792988
-0.797359192803354
-0.786831553960286
-0.768456708905991
-0.742181165991459
-0.708050000288445
-0.666207947845841
-0.616899175882859
-0.560465716267604
-0.497344568625656
-0.428063498478398
-0.353235574641408
-0.273552508437971
-0.18977687482663
-0.102733312039896
-0.0132988115339138
0.0776077762756973
0.169036883077992
0.260019863099582
0.34958097753503
0.43674956186654
0.520572211524079
0.600124820251485
0.674524306837886
0.742939869535299
0.804603613465846
0.858820404544076
0.904976813786367
0.942549028203305
0.971109618595842
0.990333070297939
1
