0.365630308543401
0.366436251200128
0.368022423780906
0.370337740365879
0.373306416864088
0.376828973400488
0.380783552049255
0.385027534111638
0.389399437553779
0.393721071875045
0.397799924611229
0.401431750926474
0.404403335345864
0.406495392655863
0.407485573375542
0.407151537996382
0.405274063415301
0.401640144651948
0.396046055049197
0.388300328701395
0.378226629829243
0.36566647520852
0.350481777542787
0.332557179823012
0.311802153211131
0.288152833786569
0.261573576568504
0.232058208532203
0.19963096583319
0.164347104094027
0.126293174349825
0.0855869610438398
0.0423770822675782
-0.00315774379531919
-0.0508097585801518
-0.100343537809949
-0.151497666535645
-0.2039866967774
-0.257503367053011
-0.31172106040729
-0.366296475183322
-0.420872480726098
-0.475081128499907
-0.528546787747332
-0.580889373829131
-0.631727636765398
-0.680682477249213
-0.727380257519666
-0.771456074952601
-0.812556967041194
-0.850345017577065
-0.884500335284993
-0.914723877885993
-0.940740096537288
-0.962299377793814
-0.97918026262266
-0.991191424546054
-0.998173391656028
-1
-0.996579568646537
-0.987855789570328
-0.973808328311569
-0.954453134135688
-0.929842461114427
-0.900064604140787
-0.865243356352641
-0.825537196750143
-0.781138218930494
-0.732270813813504
-0.679190120979122
-0.622180264773676
-0.561552392657948
-0.49764253436402
-0.430809301298598
-0.361431446281011
-0.289905304139794
-0.216642133921039
-0.142065383494935
-0.0666078971970451
0.00929091317785913
0.0851879141831247
0.1606390940898
0.23520238530511
0.308440448151911
0.379923399228558
0.449231468539846
0.515957570607649
0.579709775818242
0.640113669326703
0.696814585903774
0.749479710164704
0.797800032652606
0.841492153252193
0.880299924376836
0.913995927298117
0.942382775869707
0.965294242735941
0.982596203910754
0.994187398367624
1
