1
0.997320470541343
0.991988143877605
0.98405616132747
0.97360343101552
0.960733674722124
0.945574175974093
0.928274245295956
0.909003422115496
0.887949436128657
0.865315953933959
0.841320139405429
0.816190058550829
0.790161961469134
0.763477475454193
0.736380744272515
0.709115549161113
0.681922447141365
0.655035961828774
0.628681861044534
0.603074554217387
0.578414640824199
0.554886638981164
0.532656920796528
0.511871878266617
0.492656340380869
0.475112258742991
0.459317675462042
0.445325983369151
0.433165484824309
0.422839251545686
0.41432528407367
0.407576965725284
0.402523802252062
0.399072434934272
0.397107911572023
0.396495196811202
0.397080900507558
0.39869520041882
0.401153933451218
0.404260827996122
0.40780984859245
0.411587623252577
0.415375923299597
0.418954165481839
0.422101906450461
0.424601300396076
0.426239491723664
0.426810916079075
0.426119484798383
0.423980629901904
0.420223189062864
0.414691112508416
0.407244976517241
0.397763291020809
0.3861435917508
0.372303310358816
0.356180418922361
0.337733848199713
0.316943681864034
0.293811131694057
0.268358301288094
0.240627748265838
0.210681857098689
0.178602036637777
0.144487758068107
0.108455450390308
0.0706372716063313
0.031179774555143
-0.00975751319306439
-0.052003575817377
-0.0953774426727924
-0.139689749656677
-0.184744310198305
-0.230339678490975
-0.276270688744778
-0.322329955591708
-0.368309322293479
-0.41400124505419
-0.459200103491394
-0.503703429135934
-0.547313045678412
-0.589836116524249
-0.63108609702655
-0.670883590504593
-0.709057108795871
-0.745443739603914
-0.779889724268215
-0.812250950775436
-0.842393367835337
-0.870193326647095
-0.895537857572575
-0.918324889307606
-0.938463418299662
-0.955873636103966
-0.970487022107697
-0.982246408595136
-0.991106024490716
-0.997031523320769
-1
