-0.413588882996444
-0.40613658679422
-0.391312026426895
-0.369274356494945
-0.340260046607609
-0.304580198378982
-0.262617020538052
-0.214819506193249
-0.161698366173482
-0.103820281520351
-0.0418015465080291
0.0236988190922072
0.0919864035028828
0.162339092042931
0.234015017758616
0.30626067681203
0.378319110451679
0.449438055279801
0.51887796470997
0.58591980695234
0.649872548530722
0.710080237167062
0.765928603790068
0.816851110346242
0.86233437791044
0.901922938194326
0.935223260809721
0.961907018426405
0.981713562130798
0.994451589699101
1
0.998307937191791
0.98939403863306
0.973344910345118
0.950312863314977
0.920512952784541
0.884219370819573
0.8417612497871
0.793517940801438
0.73991383665024
0.681412813121364
0.618512365973247
0.551737522996708
0.481634611691985
0.408764963035594
0.333698630657668
0.25700820252838
0.179262779013416
0.1010221869692
0.0228314944876098
-0.054784114942045
-0.131324056608159
-0.20631660193636
-0.279322641428216
-0.349938923455082
-0.417800747273762
-0.482584096806064
-0.544007209860291
-0.601831585447959
-0.655862439547157
-0.705948626974743
-0.751982053851039
-0.793896611380334
-0.831666667246816
-0.865305155768778
-0.894861312007675
-0.920418098249609
-0.942089373636496
-0.960016859207864
-0.974366951222138
-0.985327435372429
-0.993104153424364
-0.99791767192343
-1
-0.99959140000635
-0.996937330825932
-0.992285559284304
-0.985883470253515
-0.977975600873229
-0.968801418911998
-0.958593359762424
-0.947575131006496
-0.935960288002658
-0.92395107863157
-0.911737550285855
-0.899496907486572
-0.887393104234706
-0.875576651429057
-0.864184616462405
-0.85334078949409
-0.84315598892615
-0.833728477306241
-0.825144458255691
-0.817478625074087
-0.810794732389446
-0.80514616357919
-0.800576468644301
-0.797119849728504
-0.794801574477295
-0.793638300860421
