-0.392861910432239
-0.385454969299173
-0.370725434343635
-0.348840890981745
-0.320049960303457
-0.284679035130623
-0.243128001541883
-0.19586500739535
-0.143420353008644
-0.0863795916547543
-0.0253759387143857
0.0389179019758243
0.105798377968564
0.174540071309153
0.244404897475417
0.314651390149326
0.384543941169977
0.453361866314764
0.520408170771361
0.585017893243732
0.646565914498624
0.704474124695744
0.758217853920503
0.807331481794886
0.851413154701276
0.890128552819141
0.923213663633996
0.950476533608905
0.971797985079627
0.987131300909706
0.996500894784541
1
0.997787423983877
0.990083429359915
0.977164814919908
0.959359281221672
0.937039175510746
0.910614719124871
0.880526827359771
0.847239636855857
0.811232858838645
0.772994077969917
0.733011116129745
0.691764578168321
0.649720692586643
0.607324554299808
0.564993869206179
0.52311329135489
0.482029433221193
0.442046618132557
0.403423431424653
0.36637011364678
0.331046825293892
0.297562798338447
0.265976375495983
0.236295923910753
0.208481596017035
0.182447896936594
0.158067005123036
0.135172781256268
0.113565389806274
0.0930164483875833
0.0732746121558119
0.0540714941738216
0.0351278179907493
0.0161596956992172
-0.00311507649611686
-0.0229708126404923
-0.0436679264977345
-0.0654472173404369
-0.0885245476901695
-0.113086001522657
-0.13928360293319
-0.167231665475243
-0.197003831503726
-0.228630849053826
-0.262099121261776
-0.297350050290753
-0.334280184376938
-0.372742163175452
-0.412546443281913
-0.45346377284868
-0.495228371815331
-0.537541762630649
-0.580077185646135
-0.62248452378047
-0.66439565274407
-0.70543012620533
-0.745201099884995
-0.783321394767276
-0.819409597474639
-0.8530960953996
-0.884028945425971
-0.911879477980583
-0.936347542684861
-0.957166307947207
-0.974106534350822
-0.986980250522775
-0.995643770172826
-1
