0.915218117609224
0.911709651041152
0.904763603480667
0.894520443440949
0.881187639177885
0.865035838740242
0.846393878070165
0.825642701902471
0.803208300767079
0.77955378426299
0.755170725667219
0.730569925622442
0.706271752902847
0.682796227918028
0.660653019550489
0.640331528048586
0.622291225973434
0.606952425632004
0.594687635071275
0.585813655657436
0.580584562660719
0.579185696292978
0.581728774522728
0.5882482209771
0.598698781619288
0.612954482977189
0.630808962829163
0.651977181777471
0.676098501420828
0.702741092241188
0.731407612211968
0.761542075873961
0.792537813557202
0.823746401879726
0.854487429931768
0.884058950932384
0.911748456867727
0.936844203892575
0.958646709265265
0.976480236414128
0.989704083479275
0.997723492368941
1
0.996061060895767
0.985508780583599
0.968027612118114
0.943390883359408
0.911466040126681
0.872218509758041
0.825714110637531
0.77211995557465
0.711703820192392
0.644831971333558
0.571965474558053
0.493655023697738
0.410534358783379
0.323312361090994
0.232763935216459
0.139719807640283
0.0450553888764063
-0.0503211382741735
-0.145481328871801
-0.23948939858993
-0.331415365803681
-0.420348215245269
-0.505408883998521
-0.585762872225609
-0.660632285704554
-0.729307124943123
-0.791155646214341
-0.845633633175858
-0.892292433591851
-0.930785633834297
-0.960874264025421
-0.98243044858885
-0.995439440268951
-1
-0.996323109985855
-0.984729032602824
-0.965642752874112
-0.939587866895694
-0.907179002339714
-0.869112879654568
-0.826158143471623
-0.779144112692097
-0.728948614468454
-0.676485081551058
-0.622689104019237
-0.568504635074411
-0.514870056203811
-0.462704309535895
-0.41289330455972
-0.366276802576503
-0.323635975346815
-0.285681824494077
-0.253044635473163
-0.226264624505029
-0.205783919048443
-0.191939992399916
-0.184960651187569
