0.589290762082874
0.587488580982586
0.583884988990194
0.578481802378709
0.571282428064386
0.562292662775382
0.551521725956425
0.538983499237579
0.524697939506353
0.508692627477228
0.491004409254474
0.471681084823215
0.450783094755782
0.428385154744822
0.404577786913915
0.3794686972348
0.353183949803638
0.325868891184171
0.297688781481698
0.268829093218881
0.239495444375496
0.209913138045911
0.180326287961787
0.150996516511346
0.122201219736668
0.0942314019736696
0.0673890911746686
0.0419843543747802
0.0183319410820144
-0.00325240956219686
-0.0224559543369623
-0.0389731735675568
-0.052510183727549
-0.0627892722707657
-0.0695534872094045
-0.0725712102320607
-0.0716406395318632
-0.066594107057705
-0.0573021546598178
-0.043677294604322
-0.025677382189557
-0.00330853169910617
0.0233724883588031
0.0542564388999989
0.0891804240098257
0.12792737802811
0.170226260357614
0.215752982751588
0.264132083575359
0.314939152793354
0.36770400036588
0.421914549516021
0.477021425117817
0.532443196436272
0.587572222791049
0.641781040589027
0.694429220740472
0.744870616895176
0.792460917352903
0.836565407048484
0.876566840801161
0.91187332514869
0.941926103638086
0.966207139475049
0.984246389979669
0.99562866937112
1
0.997073357232049
0.986633719706808
0.968542344573025
0.942740196441694
0.909250469080368
0.868180150163349
0.819720591539907
0.764147060321044
0.701817259436945
0.633168819995726
0.558715781586118
0.479044090416029
0.394806158668036
0.30671454148699
0.21553480040433
0.122077633566612
0.0271903637014508
-0.0682521158350751
-0.16335682847111
-0.257222520139158
-0.348949662980946
-0.437650533150502
-0.522459236931292
-0.60254155918716
-0.677104509684037
-0.745405446036407
-0.80676065691174
-0.860553295605732
-0.906240562096141
-0.943360041086483
-0.971535114235198
-0.99047937658518
-1
