0.0169231925670457
0.0216438282665987
0.0309734936310591
0.0446909991179827
0.0624695828297341
0.0838828430407692
0.10841249259187
0.135457805005072
0.164346593651367
0.194347539363409
0.224683658950793
0.254546687521377
0.283112131659552
0.309554738623031
0.333064118991612
0.352860256765648
0.368208641830897
0.378434764972068
0.382937725152041
0.381202712430758
0.37281214746413
0.357455279722716
0.334936071067331
0.305179218725685
0.268234201594571
0.224277265669806
0.173611297771642
0.116663571052854
0.0539813804995737
-0.0137743787965902
-0.0858376039591072
-0.161347228003716
-0.239359164820874
-0.318859776881665
-0.398780661304362
-0.478014527309093
-0.555431919021748
-0.629898522381855
-0.700292783818442
-0.765523561573716
-0.824547528199356
-0.87638604487707
-0.920141234805054
-0.955010993855761
-0.980302691888662
-0.995445337268043
-1
-0.993668315115148
-0.976298917080461
-0.947891687674116
-0.908599733409264
-0.858729043721832
-0.798735817194197
-0.729221479505729
-0.65092545301002
-0.564715773266592
-0.471577681942075
-0.372600357702275
-0.268961976530344
-0.161913319851867
-0.0527601724937284
0.0571552275308218
0.166473409457253
0.273837270776165
0.377911761928832
0.47740335516398
0.571079000024534
0.657784274553895
0.736460452465951
0.806160222049922
0.866061812250206
0.915481304877075
0.953882938910593
0.980887242946122
0.996276864535331
1
0.992171364701563
0.973070681175965
0.943138700413133
0.902970809287122
0.853308314142373
0.795027526239249
0.729126808603354
0.656711775281432
0.57897886259149
0.497197517219774
0.412691267567142
0.326817962243826
0.240949472779205
0.156451166243077
0.074661457428608
-0.0031282505415996
-0.0756929338486356
-0.141892330690009
-0.200688060591908
-0.251159220798989
-0.292516223167201
-0.324112661570907
-0.345455029651765
-0.356210141325824
