-0.141960875276481
-0.133802996818952
-0.117607210086865
-0.0936115830377231
-0.0621685662820106
-0.0237394941679425
0.0211126107190156
0.0717318155283233
0.127379498380684
0.187245850776342
0.250462478771377
0.316115903101551
0.38326174418898
0.450939367121211
0.518186754417854
0.584055370812828
0.647624784438057
0.70801681269543
0.764408968686904
0.81604699521823
0.86225628792403
0.902452026751106
0.936147855602973
0.962962973066383
0.982627522443717
0.994986196402943
1
0.997746145176072
0.988416079618896
0.972311682630392
0.949839689890286
0.921504437282623
0.887899040809793
0.849695154629985
0.807631472020825
0.762501154231753
0.715138389418925
0.666404297883783
0.617172410435128
0.568313953694134
0.520683179448326
0.475102974679378
0.432350984645132
0.393146473452695
0.358138135039734
0.327893052564432
0.302886986124416
0.283496147764851
0.269990599224963
0.262529382180577
0.261157463272216
0.26580454739716
0.276285783044011
0.292304353328838
0.313455916328868
0.33923482877846
0.369042058660183
0.402194665143429
0.437936699123595
0.47545135469682
0.513874181633038
0.552307151607053
0.589833356889873
0.625532109616533
0.658494202803104
0.687837091098506
0.712719749880897
0.732356975738552
0.746032899546282
0.753113495136282
0.753057881785922
0.745428237168844
0.729898158754092
0.706259335558716
0.674426418289664
0.63444000384275
0.586467679423657
0.530803101759841
0.46786311751005
0.398182961569746
0.322409600036391
0.241293313666512
0.155677645270226
0.0664878602145622
-0.02528190736011
-0.118582629234863
-0.212325267560017
-0.305396343384942
-0.396673952584996
-0.485043985161009
-0.56941630033815
-0.648740610191771
-0.722021828675498
-0.788334650858827
-0.846837138776053
-0.896783105365992
-0.93753310630904
-0.968563870859587
-0.989476026696541
-1
