-0.766290418275017
-0.763126104142063
-0.756836316349864
-0.747498037011414
-0.735225004631703
-0.720165667079934
-0.702500509206436
-0.682438802703829
-0.660214836177797
-0.636083692772948
-0.610316650933216
-0.583196290822044
-0.555011394464771
-0.526051731706722
-0.496602826533167
-0.466940799124969
-0.437327378207195
-0.408005175794709
-0.379193312384161
-0.351083475047242
-0.323836483833256
-0.297579433501772
-0.272403468012702
-0.248362234556728
-0.225471052386385
-0.203706819495471
-0.183008667492357
-0.16327936203034
-0.14438743311068
-0.126170006678289
-0.108436296402056
-0.0909717025822446
-0.0735424539587284
-0.0559007179969089
-0.0377900961788284
-0.0189514130836093
0.000871298258239062
0.0219247169927288
0.0444401663996403
0.0686276639033621
0.0946701954878555
0.122718318732765
0.152885194813938
0.185242144245321
0.219814813955543
0.256580034593458
0.295463436868983
0.336337884408977
0.379022768213091
0.423284194520626
0.468836083950701
0.515342185370726
0.562418993307739
0.60963954307373
0.656538043361927
0.702615292116043
0.747344808203037
0.790179599047223
0.830559473111787
0.867918796129699
0.901694581456943
0.93133479799302
0.956306773908569
0.976105571033497
0.99026220325926
0.998351572735146
1
0.994892228467493
0.982777789824595
0.963476624830059
0.936883863605263
0.902973680659874
0.861802152431336
0.813509058859526
0.758318585266452
0.696538896348925
0.628560570190365
0.554853896616922
0.475965060717578
0.392511248670235
0.305174728919709
0.214695976998225
0.121865926632419
0.0275174430236338
-0.0674838738830115
-0.162249437895004
-0.25587784981902
-0.347465361471612
-0.436116491406778
-0.520954650244739
-0.601132632463112
-0.675842832556452
-0.744327046573977
-0.805885725168505
-0.85988655136229
-0.905772225157803
-0.943067347766466
-0.971384310442237
-0.990428106512728
-1
