0.38916300530175
0.392489915774604
0.399042279017082
0.408619124098099
0.420923822433167
0.435569788254401
0.452087926034605
0.469935696797941
0.488507647232233
0.507147220071682
0.525159641764812
0.541825664353615
0.556415923084657
0.568205659810158
0.57648955491214
0.580596407423742
0.579903404288049
0.573849725275267
0.561949239892894
0.543802066520996
0.519104781769598
0.487659089408227
0.449378782820936
0.404294862402288
0.352558699192464
0.294443167874111
0.230341705508791
0.160765286541123
0.0863373390926261
0.00778666184627497
-0.0740615656697831
-0.158296554400791
-0.243934303341291
-0.329931440018932
-0.415200295336348
-0.498624982243714
-0.579078229328098
-0.655438705922463
-0.726608565007665
-0.791530924190055
-0.849207003501771
-0.898712641735925
-0.939213920468869
-0.96998163673903
-0.990404381379022
-1
-0.998425237305446
-0.985483392407401
-0.961129842719326
-0.925475326346391
-0.878786907185957
-0.821486582655551
-0.754147530525761
-0.677488028178838
-0.592363114161306
-0.499754097574411
-0.400756055085017
-0.296563487597748
-0.188454338392077
-0.0777726013183917
0.0340902289673659
0.145714593150275
0.255672902710693
0.36254987648541
0.464962873565394
0.561581915868697
0.65114909656262
0.732497078045943
0.804566395340828
0.866421297314342
0.917263878910618
0.956446282220437
0.983480772377755
0.998047525529152
1
0.989367797765943
0.966356960881715
0.931347686047769
0.884889479417978
0.827693812471193
0.760624377689473
0.684685079321596
0.601005929097072
0.510827048857905
0.415481011194217
0.316373774852536
0.214964493531211
0.112744494343586
0.0112157354380382
-0.0881309391955355
-0.183837425968882
-0.274499548360928
-0.358787489375372
-0.435465165932141
-0.503408256723051
-0.561620614836599
-0.609248820320139
-0.645594655438557
-0.670125316288728
-0.682481208168976
