1
0.998836998862429
0.996503237360769
0.992983431849273
0.988255239358313
0.982289944017472
0.975053351559737
0.966506874603067
0.956608787647961
0.945315627337112
0.932583710555119
0.918370740455115
0.902637468529307
0.885349379428026
0.866478364403166
0.846004349024068
0.823916841193604
0.800216366476283
0.7749157593252
0.748041280937195
0.719633537142867
0.689748172907995
0.658456323635269
0.625844807451801
0.59201604698432
0.557087713689635
0.521192092548386
0.484475169766869
0.447095450984909
0.409222522276246
0.371035370871495
0.332720486953797
0.294469771998717
0.256478282881533
0.218941844291805
0.182054564817974
0.146006294342946
0.110980062082408
0.0771495356677634
0.0446765421015323
0.0137086911815312
-0.0156228589016223
-0.0432054556333018
-0.0689467899277816
-0.0927764843666389
-0.114647402074332
-0.13453665025183
-0.152446256720668
-0.168403502559316
-0.182460898970201
-0.194695801822297
-0.205209662789552
-0.21412692156512
-0.221593549188732
-0.227775257992708
-0.232855398964633
-0.237032572357635
-0.240517982071711
-0.243532568605984
-0.246303959172092
-0.249063276800463
-0.252041852909384
-0.255467889795806
-0.259563120811131
-0.26453951657908
-0.270596085481831
-0.277915815781141
-0.286662805161118
-0.296979621197291
-0.308984933302624
-0.322771453115151
-0.33840421612439
-0.355919232643705
-0.375322531091155
-0.396589611016949
-0.419665317492497
-0.444464142440263
-0.470870952324875
-0.49874213543608
-0.527907155866057
-0.5581704953095
-0.589313958084984
-0.621099309377494
-0.653271211716668
-0.685560420209645
-0.71768719311049
-0.749364870990779
-0.780303575129903
-0.810213973810547
-0.838811064015748
-0.865817915598939
-0.890969325345673
-0.914015329462432
-0.934724524899031
-0.952887152510755
-0.968317898357168
-0.980858373369134
-0.990379236136528
-0.99678192861032
-1
