-1
-0.991132521090786
-0.973499290278207
-0.947302323616557
-0.912841072028226
-0.870508194033005
-0.82078401925026
-0.764229786279744
-0.701479757015925
-0.633232326321505
-0.560240261017709
-0.483300215110488
-0.403241678863499
-0.320915527586817
-0.237182341708786
-0.152900672751397
-0.0689154301921718
0.0139534381347879
0.0949218044301683
0.173251598002297
0.248260270920761
0.31932935445423
0.385911982899739
0.447539277687126
0.503825502535572
0.554471919668244
0.599269297354537
0.638099040030044
0.670932933614061
0.697831520069349
0.718941136394871
0.734489673779735
0.744781132256229
0.750189064566969
0.751149019821106
0.748150112596364
0.741725856215256
0.732444409784234
0.720898397068473
0.707694461254042
0.693442723035143
0.67874631020885
0.664191125057442
0.650336011284302
0.637703475220004
0.626771106546834
0.617963832056756
0.611647122149278
0.608121254113823
0.607616718976873
0.61029084010309
0.616225652118124
0.62542706838094
0.637825344498244
0.653276824571757
0.671566936329963
0.692414381344385
0.715476447481379
0.740355352894243
0.766605514498023
0.793741619247841
0.82124736389003
0.848584718371636
0.875203559941016
0.900551519276379
0.924083876827218
0.945273346992104
0.963619589790802
0.978658294283317
0.989969685067028
0.997186312629924
1
0.998167831820031
0.991517087473217
0.979949036939879
0.963441536405534
0.9420503799729
0.915909383845987
0.885229199733889
0.850294874640387
0.811462194337544
0.76915286734669
0.72384862485766
0.676084329411215
0.626440201073439
0.575533283992301
0.524008288420434
0.472527953321322
0.421763082389483
0.372382411586954
0.325042469045359
0.280377588362102
0.238990233928829
0.201441792009049
0.168243973908684
0.1398509678766
0.116652464486762
0.0989676663795751
0.0870403775984463
0.0810352505981944
