0.0917050642231338
0.0987652797432994
0.112777437831051
0.133526608808757
0.160694414062178
0.193863776438509
0.232525140775856
0.276084069681013
0.323870098736081
0.375146716170335
0.429122314977522
0.484961950753727
0.541799726403456
0.598751615497833
0.654928529612265
0.709449431519109
0.761454295715109
0.810116720426943
0.854656000917086
0.894348482515108
0.928538023190145
0.956645409478584
0.978176585966747
0.992729577044319
1
0.999785090407978
0.991986183810062
0.976609621573882
0.953766073129854
0.923668291179887
0.886627340549341
0.843047364746586
0.793418976638455
0.738311380598957
0.678363352718899
0.614273222879056
0.546788017424609
0.476691933605228
0.40479432667445
0.331917397427395
0.258883771895809
0.186504165858393
0.115565324754219
0.046818424546635
-0.0190318888402338
-0.0813376545696919
-0.139516792742936
-0.193061202996327
-0.24154364553334
-0.284623303855201
-0.322049949551327
-0.353666651793707
-0.379410997294996
-0.399314810072579
-0.413502384037805
-0.422187264827693
-0.425667640047338
-0.42432041883776
-0.418594102084974
-0.409000563322581
-0.396105877159887
-0.380520346629702
-0.362887892968996
-0.343874980835364
-0.324159258678228
-0.304418097825511
-0.285317214759687
-0.267499559033299
-0.25157464435174
-0.238108492614525
-0.227614350284209
-0.220544323515713
-0.217282063238895
-0.218136614090825
-0.223337522020746
-0.233031274847381
-0.247279128365145
-0.266056348120856
-0.289252874075572
-0.316675392393645
-0.348050775929908
-0.383030832977785
-0.421198282846858
-0.462073857192071
-0.505124408030833
-0.549771887344185
-0.595403049318267
-0.641379714861461
-0.687049429210829
-0.731756337357482
-0.774852098768772
-0.815706662515349
-0.853718726426258
-0.888325709252845
-0.919013072934142
-0.945322842790403
-0.96686118665394
-0.98330492936415
-0.994406896458208
-1
