-0.0620288599128115
-0.0537469053838995
-0.0373464780453003
-0.0131517377643631
0.0183580386016813
0.0565566847232235
0.100681903671471
0.149848381541175
0.203063040457363
0.259242180309231
0.317230227300654
0.375819780695704
0.433772627401857
0.489841377626381
0.542791364030938
0.591422441774538
0.634590327662092
0.67122712329795
0.700360679580078
0.721132477868158
0.732813726436019
0.734819399008827
0.726719974843134
0.70825067641588
0.679318040766036
0.640003703244495
0.590565317194276
0.531434579190974
0.463212376187017
0.386661117476439
0.302694360084657
0.212363880258181
0.116844385475107
0.017416100147476
-0.0845545066835296
-0.187635552416776
-0.290351805230635
-0.391207635065955
-0.488710488959789
-0.581394518499122
-0.667843983125064
-0.746716054955798
-0.816762658694368
-0.876850993933267
-0.925982406557655
-0.96330930068847
-0.988149812316533
-1
-0.998543346199551
-0.983657404413463
-0.955417471598998
-0.91409721173352
-0.86016620405115
-0.794284437739419
-0.717293822935528
-0.630206834965894
-0.534192454181233
-0.430559606733978
-0.320738351543263
-0.206259094860722
-0.088730145711129
0.0301860474743982
0.148797616923523
0.265408573991037
0.378344297420535
0.485976818519873
0.586749512225626
0.679200810994404
0.761986572416655
0.833900751195086
0.893894051367105
0.941090264994568
0.974800038529969
0.994531847157776
1
0.99112954450755
0.968057985929559
0.931133786723483
0.880911660378159
0.81814472359845
0.743773619372682
0.658912770355463
0.564833966516276
0.462947532432842
0.354781357299336
0.241958104082911
0.126170942773946
0.00915817588788359
-0.107322858076424
-0.221522205913393
-0.331723642939044
-0.43627053613172
-0.53359083210195
-0.622220787872728
-0.70082708142564
-0.768226963561078
-0.823406142453638
-0.865534126896493
-0.893976793085902
-0.908305982298189
