0.988172771921695
0.988662573084228
0.989609815320929
0.990950292186526
0.99258897073008
0.994401502356602
0.996236202318132
0.997916468516758
0.999243603804166
1
0.999952636513465
0.998856841818615
0.996460262172135
0.99250697893017
0.986741713662017
0.978914059004432
0.968782672868128
0.956119374201084
0.940713080020989
0.922373525826904
0.900934714750262
0.876258044856892
0.848235068802138
0.816789845496614
0.781880849477042
0.743502410202745
0.701685660414374
0.656498979892272
0.608047928328603
0.556474668468676
0.501956888070831
0.44470623647004
0.384966298500031
0.323010135128704
0.259137426294329
0.193671257005533
0.126954592705247
0.0593464941264177
-0.00878187467432656
-0.0770513887778719
-0.145079197242933
-0.212482991295644
-0.27888524680746
-0.343917382847171
-0.407223779798931
-0.468465603072111
-0.527324381746224
-0.583505295539305
-0.63674012819396
-0.686789850665284
-0.733446803283702
-0.776536452261072
-0.815918702411997
-0.851488754671902
-0.88317750380412
-0.910951478494321
-0.934812332727026
-0.954795903823157
-0.970970858690895
-0.983436955611605
-0.992322954161988
-0.997784210585309
-1
-0.999170610215426
-0.99551425456565
-0.989263853038107
-0.980663732043419
-0.969966293435917
-0.957428702855672
-0.943309646138437
-0.92786620045889
-0.9113508640758
-0.894008785087315
-0.876075225542856
-0.857773292666738
-0.839311963907335
-0.820884427120803
-0.802666751521809
-0.784816899180956
-0.767474080917544
-0.750758454525264
-0.734771157475219
-0.719594660659996
-0.705293424465718
-0.691914833571265
-0.679490382454
-0.668037079699675
-0.657559035932087
-0.648049197546364
-0.639491186488575
-0.631861205101919
-0.625129964572391
-0.619264595758411
-0.614230502171141
-0.609993116564452
-0.606519524963421
-0.603779924964208
-0.601748888721983
-0.600406405143594
-0.599738680345491
