-1
-0.992855012531045
-0.978629929582021
-0.957453718044676
-0.929517797344401
-0.89507363521412
-0.854429596305084
-0.807947089068891
-0.75603606639558
-0.699149944701105
-0.637780014384588
-0.572449421697564
-0.50370680797713
-0.43211969680426
-0.358267722889715
-0.28273579831597
-0.206107312149507
-0.128957458380835
-0.0518467846692877
0.0246849494926646
0.100124521762428
0.173990526062407
0.245838112364424
0.315263126248265
0.381905596787404
0.445452531495669
0.505639987822826
0.562254401847108
0.615133166205176
0.664164460748124
0.709286350738818
0.750485178436313
0.787793284477526
0.821286105402753
0.851078702828109
0.877321788005328
0.900197312702935
0.919913703384786
0.936700820462641
0.950804727888932
0.962482360484907
0.971996177140196
0.979608887366518
0.985578336656896
0.99015263272972
0.993565590083164
0.996032564428063
0.997746741604051
0.998875937628698
0.999559957712686
0.999908552538499
1
0.999880330097914
0.999563199950367
0.999030415079844
0.998233082450662
0.997093370324351
0.995506840039609
0.993345305466373
0.990460167278114
0.986686161468109
0.981845454825442
0.975752014489757
0.96821617430717
0.959049317581012
0.94806859399748
0.935101588034188
0.919990857033772
0.902598259328603
0.882808996298447
0.860535296972161
0.835719679669351
0.808337732122012
0.77840035940642
0.745955457723936
0.711088981454977
0.673925380821625
0.634627397771324
0.593395218171448
0.550464988913644
0.506106718898943
0.460621592943186
0.414338737245819
0.367611484049647
0.320813191340803
0.274332680765337
0.228569363254274
0.183928127051728
0.140814066847644
0.0996271354638669
0.0607568009859434
0.0245767923502112
-0.00855998481523801
-0.038326282816695
-0.064425021496852
-0.0865934023166811
-0.104606562543853
-0.118280712326528
-0.127475705498507
-0.132097003814889
