0.973634796986293
0.966618097618961
0.952697680501228
0.932097722577881
0.905150051432512
0.872288897540933
0.83404402539801
0.791032350757211
0.743948174854983
0.693552188080198
0.640659414755408
0.586126287221688
0.530837051004771
0.475689713275356
0.421581753938454
0.36939582238524
0.319985643159067
0.274162350522922
0.232681465220804
0.196230716706122
0.165418900924231
0.140765947590894
0.122694352057531
0.111522105593402
0.107457234577834
0.110594034048084
0.120911054682838
0.138270875030426
0.162421663041554
0.193000503172492
0.229538437920851
0.271467146070324
0.318127154567948
0.368777457233056
0.422606391770523
0.478743607170257
0.536272936821173
0.594245978810601
0.651696174133226
0.707653166062025
0.761157219850805
0.811273481303946
0.857105855569899
0.897810293742585
0.932607284387543
0.960793359794017
0.981751442387427
0.994959875070034
1
0.996562173142032
0.984450126465437
0.963583615540189
0.933999317080543
0.895849968286675
0.849401767208311
0.795030080370094
0.733213530132646
0.664526559304519
0.589630593976696
0.509263947056436
0.424230624195728
0.335388210442657
0.243635029733758
0.1498967800795
0.0551128548092212
-0.0397774355768234
-0.13384852561251
-0.226201928403875
-0.315979033740294
-0.402373173236019
-0.484640767277515
-0.562111383771365
-0.634196556562028
-0.700397231630767
-0.760309731471877
-0.813630152013185
-0.860157131721471
-0.899792958706901
-0.932543008296349
-0.958513530259558
-0.977907831219397
-0.991020923339615
-0.998232734754659
-1
-0.99684696955696
-0.989355096213427
-0.978151871967558
-0.963899002412996
-0.947280115733773
-0.928988210445398
-0.909713049737151
-0.890128710642969
-0.870881493291696
-0.852578389212191
-0.835776298197859
-0.820972170722221
-0.808594237544448
-0.798994470198563
-0.792442395810884
-0.789120367462349
