0.902872790011065
0.899804244673966
0.893736602040476
0.884807376547488
0.873219410273115
0.859236825727599
0.843179742151508
0.82541784937892
0.806362953838456
0.78646062985298
0.766181125744509
0.746009688076304
0.72643647843221
0.707946265252212
0.691008078269264
0.676065014932933
0.663524386819534
0.653748389428863
0.647045471019437
0.643662565354966
0.643778339591713
0.647497592244756
0.654846917489846
0.66577173128586
0.680134732275191
0.697715846500183
0.718213680051464
0.741248478245122
0.766366564227922
0.793046204455578
0.8207048236987
0.84870746851573
0.876376395887604
0.903001643308579
0.927852418417072
0.9501891305411
0.969275873597552
0.984393159852323
0.994850697301128
1
0.999246620638955
0.992061798036477
0.977993319006406
0.956675404127609
0.927837440192636
0.891311398334909
0.847037795796946
0.79507008072177
0.735577342902421
0.66884527875111
0.595275365460707
0.51538222701349
0.429789202914262
0.339222158845339
0.244501606413351
0.146533226339845
0.0462969154063064
-0.0551654982160956
-0.156763704333291
-0.25737333797812
-0.355851180555267
-0.451050916725352
-0.541839217950806
-0.627111916142296
-0.70581002693645
-0.776935381886619
-0.839565632285287
-0.892868394429012
-0.936114316797251
-0.968688863702218
-0.990102627281389
-1
-0.998166062813479
-0.984531569471918
-0.959175934755649
-0.922328163306053
-0.874365685726471
-0.815811099322928
-0.747326841769783
-0.669707856652497
-0.583872339792087
-0.49085068403635
-0.391772767370841
-0.287853754340742
-0.180378603495363
-0.070685493518495
0.0398516024203206
0.14984095103062
0.257891448948828
0.362631109184036
0.462725382246859
0.55689505168497
0.643933449042854
0.722722742341708
0.792249064909256
0.851616267593916
0.90005809683603
0.936948623453627
0.961810771999885
0.974322827792143
