1
0.991261667844256
0.97389917028604
0.948139133764412
0.914317256641783
0.872873293079604
0.824344486028388
0.769357550741162
0.708619332568669
0.642906283211021
0.573052917765929
0.499939430544599
0.42447866047966
0.347602606825195
0.270248702593905
0.193346056686659
0.117801875891872
0.0444882748644528
-0.0257703241135765
-0.09220900923585
-0.154133235219725
-0.210928552611571
-0.262069063444137
-0.307124476396521
-0.345765656620005
-0.377768589016606
-0.403016698620339
-0.421501497443394
-0.43332155330705
-0.4386798023698
-0.437879252882251
-0.431317152735304
-0.419477717233053
-0.402923535841287
-0.382285797087915
-0.358253489004016
-0.331561748210063
-0.302979543726669
-0.273296891622045
-0.243311803544609
-0.213817175923036
-0.185587827092147
-0.159367886817465
-0.135858736691209
-0.115707690755944
-0.0994975936258814
-0.0877374985134683
-0.0808545701675376
-0.0791873380658673
-0.082980403591824
-0.0923806817047683
-0.107435233154945
-0.128090717982879
-0.15419447528116
-0.185497208390017
-0.221657229254875
-0.262246190995544
-0.306756214211979
-0.354608290551353
-0.405161826931691
-0.457725175875094
-0.51156698193038
-0.565928161403271
-0.62003432276164
-0.673108428297158
-0.724383494007849
-0.77311512427326
-0.818593680728834
-0.860155890761354
-0.897195710145362
-0.929174266374956
-0.955628724023579
-0.976179930750536
-0.990538722091253
-0.99851078460821
-1
-0.995010217001264
-0.983645422971542
-0.966108312568468
-0.942697276425834
-0.913801857904942
-0.879896750360017
-0.841534430568784
-0.799336545660296
-0.753984190680244
-0.706207231556019
-0.6567728433808
-0.606473446388456
-0.556114231542339
-0.506500474160411
-0.458424837344418
-0.412654867119672
-0.369920878122973
-0.330904422448857
-0.296227524977854
-0.266442856313042
-0.242024999536588
-0.223362949603487
-0.210753964591541
-0.204398866536061
