0.982504148355293
0.970453652215646
0.946502206294958
0.910946946413048
0.864228711257613
0.806926280101745
0.7397488148579
0.663526611347987
0.579200287997537
0.487808561626445
0.390474779299649
0.288392392040762
0.182809570359644
0.0750131728007288
-0.0336877130742995
-0.141978432809723
-0.248555404003778
-0.35214250722006
-0.451507008629831
-0.545474801911159
-0.632944767692974
-0.712902062427804
-0.784430164794613
-0.846721526322603
-0.89908669360388
-0.940961791913094
-0.971914283936097
-0.991646942268001
-1
-0.996951469691582
-0.982615646935001
-0.957239840180033
-0.921199393125562
-0.874991089441679
-0.819225051522501
-0.754615265071854
-0.681968879306611
-0.602174448175256
-0.516189291018756
-0.425026161374356
-0.329739420010767
-0.231410912700144
-0.131135754639229
-0.0300082218356795
0.0708920547712684
0.170513404086826
0.267844760277566
0.361927473218865
0.451866133321957
0.536838277111096
0.616102858722832
0.689007392774023
0.754993695465746
0.813602173014394
0.864474629177227
0.907355586411605
0.942092137720848
0.968632368148033
0.987022405847445
0.997402182375056
1
0.995126020181318
0.983164801642358
0.964567028507561
0.939840578579342
0.909541088902465
0.874262180207753
0.834625503606614
0.791270772026589
0.744845935382193
0.695997652452886
0.64536220401939
0.593556981156292
0.541172669894039
0.488766238978657
0.436854821432529
0.385910563336675
0.33635649501498
0.288563460917942
0.242848125299855
0.199472051584157
0.158641834439494
0.12051024535873
0.0851783352467497
0.0526984214646253
0.0230778722094547
-0.00371641173364512
-0.0277529287434001
-0.0491300413046686
-0.0679701004012454
-0.0844133598589101
-0.098611812987193
-0.110723083309821
-0.120904498232597
-0.129307469238117
-0.136072294723162
-0.141323492047846
-0.145165753921536
-0.147680611116947
-0.148923868916741
