-1
-0.99230679258589
-0.977033686960618
-0.954405483362911
-0.924754865912498
-0.888517064361458
-0.846222870436152
-0.798490120878211
-0.746013783928589
-0.689554808452612
-0.629927914817551
-0.567988523689299
-0.504619032838358
-0.440714662614425
-0.377169097793503
-0.314860156907928
-0.254635719881868
-0.197300140815532
-0.143601365151849
-0.0942189593390295
-0.0497532466461218
-0.0107157252247201
0.0224790758840248
0.0495201699990995
0.0702050075534986
0.0844426113923229
0.0922548997696584
0.0937761731887112
0.089250770634332
0.0790289300987792
0.0635609171332434
0.0433895130099531
0.0191409805086014
-0.00848535007559093
-0.0387287097595187
-0.0707795498435714
-0.103793029498483
-0.13690311678706
-0.16923707769272
-0.19993012105118
-0.228139964288446
-0.253061085610031
-0.273938432756072
-0.290080366569191
-0.300870629292508
-0.305779142544296
-0.304371458069976
-0.296316705368486
-0.281393903800181
-0.259496532439011
-0.230635278329858
-0.19493891252211
-0.152653272820567
-0.104138362158782
-0.0498636013849805
0.00959869541527625
0.0735815266164925
0.141332966472012
0.212027337989323
0.28477762431702
0.358648927665539
0.432672767717649
0.505861997658756
0.577226105593989
0.645786662387252
0.710592673968286
0.770735596959936
0.825363781072399
0.873696110027429
0.915034624688361
0.948775927399415
0.974421185044419
0.99158456973502
1
0.999526071498394
0.99014909421282
0.971984182360586
0.945274373431936
0.910387783356111
0.86781283532856
0.818151629828998
0.762111552350463
0.700495242889746
0.634189076887931
0.564150330653689
0.49139322498481
0.416974058399652
0.341975655821008
0.267491369492331
0.194608876176897
0.124394018178201
0.0578749353675814
-0.0039732687842523
-0.0602430921384536
-0.110108206364192
-0.152835828630166
-0.18779770250978
-0.214479519381328
-0.23248863551247
-0.241559966179474
