-1
-0.985894334229952
-0.957886485536072
-0.916380338624024
-0.861974065718459
-0.795451073391611
-0.717768150498058
-0.630041000383258
-0.533527380905646
-0.429608112696333
-0.319766248901883
-0.205564727903086
-0.0886228537365218
0.0294080331948161
0.146869320327251
0.26211994089483
0.373560864043558
0.47965888101101
0.578969322637476
0.670157360500765
0.752017566392406
0.823491432324227
0.883682585338176
0.931869467583871
0.967515291858484
0.990275125448208
1
0.996737991582403
0.980732262336979
0.952416102436995
0.912405057716634
0.861486273582308
0.800605228960216
0.730850074397295
0.653433825386521
0.569674694956396
0.480974878035798
0.388798123637609
0.29464644913391
0.200036363542173
0.106474973613561
0.0154363475101396
-0.0716614940311474
-0.153478599839705
-0.228773780865198
-0.296423651929519
-0.355439728154952
-0.404983312828072
-0.444377948831043
-0.473119244672887
-0.490881927965878
-0.497524023254282
-0.493088096717013
-0.477799556711383
-0.452062045668762
-0.416450004760093
-0.371698537296556
-0.318690739316493
-0.258442705566018
-0.192086455482608
-0.120851056267646
-0.0460422481764909
0.0309790996747974
0.108819356749217
0.186074963111196
0.261355360641755
0.333305657131995
0.40062866182551
0.462105941591524
0.51661756307398
0.563160207615718
0.600863372156035
0.629003400221253
0.647015122076736
0.654500921527474
0.651237088130282
0.637177357056631
0.612453583829582
0.577373546935975
0.532415917158802
0.478222477656741
0.415587722621205
0.345446004071306
0.268856435342578
0.186985795468257
0.101089710378412
0.0124924141502578
-0.0774345839988626
-0.167294584030377
-0.255688175991854
-0.341235756671938
-0.422599720799857
-0.498505970983101
-0.567764401644149
-0.629288028777173
-0.682110459133138
-0.725401419108811
-0.758480094736212
-0.780826069247915
-0.792087683171638
