1
0.998225325124312
0.994667966793656
0.989312305150348
0.982135895009771
0.973110623319483
0.962204212803109
0.94938203874851
0.934609218786361
0.917852929127605
0.899084895205466
0.878284000104146
0.855438950640347
0.830550938565312
0.803636233125552
0.774728641190681
0.743881772337262
0.711171048657804
0.676695402612699
0.640578610908208
0.602970218094434
0.5640460102436
0.524008006584229
0.483083945208578
0.441526247803394
0.399610457630753
0.357633154550793
0.315909360569401
0.274769459045811
0.234555660140888
0.195618054161966
0.15831030300412
0.122985027747895
0.0899889575064998
0.0596579106905624
0.0323116848592084
0.00824893515270042
-0.0122578761274869
-0.0289673749724096
-0.0416739324401429
-0.050212000521573
-0.0544600477263925
-0.0543440192260326
-0.0498402518998592
-0.0409777813733899
-0.027839986022649
-0.0105655218380828
0.010651488132249
0.0355620354499051
0.0638635935551684
0.0952022734914133
0.129175759036954
0.165337000215233
0.203198632278548
0.242238075677154
0.281903261418067
0.32161891576479
0.360793328600215
0.398825521129191
0.435112721079819
0.469058047302754
0.500078300776809
0.527611755598005
0.551125841627526
0.570124610148569
0.584155875155911
0.592817925774068
0.595765709744654
0.592716393891549
0.583454214890361
0.567834542441115
0.545787086952798
0.517318194959254
0.48251218754346
0.44153170988224
0.394617073453376
0.342084586279425
0.28432388061736
0.221794261536262
0.155020113651128
0.0845854166958027
0.0111274334234417
-0.0646703546722811
-0.1420859772974
-0.22036727456375
-0.298740660484422
-0.37642023862977
-0.452617152202693
-0.526549046807968
-0.597449521900639
-0.664577446342913
-0.727226014693245
-0.784731423784421
-0.836481053783505
-0.881921044204154
-0.920563163175496
-0.951990877552941
-0.975864542055037
-0.991925637377083
-1
