-1
-0.991598776993033
-0.974875886569222
-0.949989493619887
-0.917174492679568
-0.876739720549797
-0.829064299211265
-0.774593158831444
-0.713831801747594
-0.6473403784895
-0.575727156054596
-0.499641466628475
-0.419766231641842
-0.336810161375842
-0.2514997341972
-0.164571061870452
-0.0767617482270053
0.0111971522368008
0.0985889714917183
0.184718960212459
0.268921419633042
0.350566344013773
0.42906549243096
0.503877817436182
0.574514187948683
0.640541354390958
0.70158511539105
0.757332657183007
0.807534048960486
0.852002889694608
0.890616114131902
0.923312977659134
0.950093251281226
0.9710146689356
0.986189679600426
0.995781565996615
1
0.999096112053153
0.993357157796271
0.983100869743655
0.968669585057519
0.950424242276707
0.928738340229154
0.903991951300396
0.876565878775188
0.846836044165577
0.815168185357727
0.78191294014157
0.747401382340354
0.711941069455471
0.675812651624086
0.639267081903109
0.602523457602581
0.565767511761064
0.529150763055666
0.492790321642229
0.456769337797706
0.421138069954021
0.385915538931237
0.351091726049034
0.316630264459577
0.282471565628237
0.248536316502494
0.214729277647529
0.180943308564848
0.14706354360334
0.112971640355644
0.0785500222206932
0.0436860378989665
0.00827596294246957
-0.0277712279412432
-0.0645303844002608
-0.102057060534259
-0.1403848055794
-0.179522911573362
-0.219454656061862
-0.260136069003434
-0.3014952437005
-0.34343220198863
-0.385819314212913
-0.428502264871827
-0.47130154537488
-0.514014446296151
-0.556417512960641
-0.598269420313938
-0.639314215926409
-0.679284873786227
-0.717907096340658
-0.754903298135199
-0.789996701440194
-0.822915472490133
-0.853396826417652
-0.881191029648005
-0.906065230415481
-0.927807051136328
-0.946227880568873
-0.961165808937976
-0.972488155407842
-0.980093544348531
-0.983913494637678
