-0.0950026693222388
-0.094183388893716
-0.0925423506644966
-0.0900748733643931
-0.0867746120027468
-0.0826343513378913
-0.0776470328442358
-0.0718069893811143
-0.0651113562637904
-0.0575616225392497
-0.0491652820748458
-0.0399375406618047
-0.0299030327892215
-0.0190975001136875
-0.00756938297522747
0.00461872338517533
0.0173887949616314
0.0306463322655295
0.0442795823398989
0.0581590669880105
0.0721374497594403
0.0860497685412716
0.0997140542421466
0.112932349137427
0.125492131080869
0.137168142106955
0.147724612080656
0.156917860134875
0.164499248809891
0.170218458213752
0.173827040295498
0.175082206598012
0.173750796760724
0.169613369692457
0.162468354838162
0.152136197414503
0.138463428967657
0.121326593176122
0.100635956528132
0.0763389343758363
0.0484231649161924
0.0169191668619388
-0.0180974790838995
-0.0565044793974654
-0.0981317555333456
-0.142760990938894
-0.190125829629508
-0.239912749707688
-0.291762625650258
-0.345272983174143
-0.400000940170298
-0.455466816724038
-0.511158386778513
-0.566535733709182
-0.621036662123188
-0.674082608737784
-0.725084986380267
-0.773451887134069
-0.818595063567296
-0.859937100944084
-0.896918688444159
-0.929005893793884
-0.95569734341711
-0.97653120930098
-0.991091904275094
-0.999016389335498
-1
-0.993801703428783
-0.980248704133609
-0.959240323458774
-0.930751086556239
-0.894832960186618
-0.851616695230289
-0.801312239146939
-0.744208195622546
-0.680670321123863
-0.611139060867615
-0.536126139624013
-0.456210235628123
-0.372031778483433
-0.284286924127148
-0.193720771509023
-0.101119896444505
-0.00730428797897409
0.086881218604661
0.180575910420378
0.272912459287436
0.363026364917576
0.450065462861864
0.533199379333343
0.611628814849374
0.684594540068768
0.751385990220851
0.811349349101423
0.863895019686167
0.908504385906042
0.944735778941396
0.972229571402711
0.990712333839218
1
