1
0.995305228425233
0.985962264232682
0.972063631651589
0.953746542185481
0.931191030900855
0.904617514546919
0.874283807574927
0.840481640099525
0.803532729146635
0.763784461051854
0.7216052485112
0.677379630457026
0.631503186565846
0.584377340747369
0.536404129377928
0.487981010306717
0.43949578777774
0.391321726389556
0.343812924092001
0.297300010043975
0.252086227995387
0.208443959790751
0.166611736716892
0.126791778840305
0.0891480943190563
0.0538051620567441
0.0208472121258099
-0.00968189073716075
-0.0377781644292845
-0.0634764405070807
-0.0868487307063365
-0.108002059180479
-0.127075798636704
-0.144238555879506
-0.159684658865687
-0.173630303133778
-0.186309420307596
-0.197969335216572
-0.208866280968409
-0.219260843012824
-0.229413403826193
-0.239579659320698
-0.250006276450483
-0.260926758781013
-0.27255758305265
-0.285094665067852
-0.298710207640635
-0.313549976958121
-0.329731046620518
-0.347340040961568
-0.366431901129322
-0.387029188956405
-0.409121935004434
-0.432668028465744
-0.457594137984899
-0.483797144058324
-0.511146055615092
-0.539484375801548
-0.568632875005466
-0.598392722870487
-0.628548925565849
-0.658874009974319
-0.689131892812686
-0.719081870059072
-0.748482660468201
-0.777096436431477
-0.80469277598815
-0.831052471404666
-0.855971132382387
-0.879262525583749
-0.900761596722452
-0.920327126868707
-0.937843980786826
-0.953224911948428
-0.96641189623884
-0.977376974177068
-0.986122589574431
-0.992681420832493
-0.997115709393781
-0.999516098075011
-1
-0.998709526479982
-0.995809009340284
-0.991482159749965
-0.985928911470296
-0.979362001505562
-0.972003345335131
-0.96408026716264
-0.955821647885313
-0.94745405472864
-0.939197916690076
-0.931263809088306
-0.923848908636705
-0.917133677582506
-0.911278831624287
-0.906422641602624
-0.902678613429105
-0.900133584467572
-0.898846267710047
