0.868457057987677
0.855212399070178
0.828915733293413
0.789949407380678
0.738879594141754
0.676447604398367
0.603558515144184
0.521267291578247
0.430762619768227
0.333348702411902
0.230425301911194
0.123466342254288
0.0139974035901156
-0.0964275394756887
-0.20624977320154
-0.313929525046864
-0.417969300272261
-0.516936511684549
-0.609485050740264
-0.694375465070741
-0.770493429592495
-0.836866225369427
-0.89267697187202
-0.937276393736919
-0.970191942008761
-0.991134131532335
-1
-0.996873639456419
-0.982023797106479
-0.955898588337917
-0.919117410232371
-0.87246018778354
-0.816854126877274
-0.753358187157957
-0.683145523593967
-0.60748417730167
-0.527716323493645
-0.445236406854175
-0.361468511861889
-0.277843327306497
-0.19577507030113
-0.116638735380791
-0.04174802879839
0.0276656630284076
0.0904729386257288
0.145664369729277
0.192366529093801
0.229855805481741
0.257569788685499
0.275116046069382
0.282278153550695
0.279018887519746
0.265480529237184
0.241982279032462
0.209014823436375
0.167232143490231
0.117440696172066
0.0605861424769689
-0.00226216547257252
-0.0699286904418647
-0.141150929841569
-0.214600042732741
-0.288902555327068
-0.362662799177466
-0.434485724674904
-0.502999726543142
-0.566879117846617
-0.624865894599854
-0.675790444300519
-0.718590868424374
-0.752330610854059
-0.776214111017629
-0.789600231763175
-0.792013247198393
-0.783151214322185
-0.762891593659142
-0.731294027623115
-0.688600230295393
-0.635230987995985
-0.571780315731234
-0.499006859595483
-0.41782267877818
-0.329279582292122
-0.234553234238992
-0.134925276753337
-0.0317637511581593
0.0734978751716966
0.179382746633793
0.284393375400777
0.387034757658477
0.485837486353734
0.579380496686296
0.666313086282306
0.745375863343175
0.815420292893972
0.87542653329363
0.924519282067911
0.961981381459999
0.987264969368335
1
