1
0.993726425357894
0.981240317238442
0.962662957540832
0.938174279666759
0.908010513568342
0.872461099260482
0.831864913568116
0.786605864787128
0.737107919019178
0.683829630058374
0.627258251739779
0.567903517500971
0.506291176471447
0.442956378623358
0.378437003344546
0.313267026205888
0.247970017686438
0.18305286521004
0.118999806076186
0.0562668537964703
-0.0047233059430376
-0.063585880884815
-0.119977938975321
-0.173601725208311
-0.224207287447945
-0.271594380732645
-0.315613630558133
-0.356166946874414
-0.393207191833235
-0.426737115516369
-0.456807584789243
-0.483515140892379
-0.506998931245403
-0.527437070045677
-0.545042490458501
-0.560058358395323
-0.572753123953601
-0.583415291457777
-0.592347992625229
-0.599863449634315
-0.606277415764812
-0.611903680806515
-0.617048726603428
-0.622006614953554
-0.627054185673342
-0.632446637036187
-0.638413554099459
-0.645155442754486
-0.652840818793926
-0.661603892029509
-0.671542875659197
-0.682718940834211
-0.695155825876669
-0.708840099014819
-0.723722063002831
-0.739717279741644
-0.756708683177907
-0.774549239483796
-0.793065104956377
-0.81205922435424
-0.831315305630681
-0.85060210133037
-0.869677922376514
-0.888295306655875
-0.906205762757578
-0.923164508466432
-0.938935124159349
-0.953294043090768
-0.966034803645362
-0.976971992929646
-0.985944816494953
-0.99282023544168
-0.997495619541213
-0.999900873205475
-1
-0.997792080789712
-0.993311650374004
-0.986628467450369
-0.977846682781864
-0.967103420370603
-0.954566796096945
-0.940433407516331
-0.924925337164379
-0.908286719666714
-0.890779930055857
-0.87268145684969
-0.854277528546608
-0.835859566160455
-0.817719537191248
-0.800145287962279
-0.783415931527411
-0.767797367361287
-0.753538006807711
-0.740864774815026
-0.72997945388954
-0.721055430524419
-0.714234897705356
-0.709626559564536
-0.70730387597405
