1
0.992403327117009
0.977274894189282
0.954743833171296
0.925002116203021
0.888302508382681
0.84495587732635
0.795327892431864
0.73983515415642
0.678940800468619
0.613149643855541
0.543002897772053
0.469072556141185
0.391955493390512
0.312267355491724
0.230636314522833
0.147696760372234
0.0640830033416591
-0.0195769394148255
-0.102667402438805
-0.184590906995245
-0.264773707609015
-0.342670989487007
-0.417771661295905
-0.489602693528318
-0.557732959037349
-0.621776539159164
-0.681395466076304
-0.73630187959803
-0.786259584241479
-0.831085000280835
-0.870647510183013
-0.904869209461107
-0.933724078347599
-0.957236597719398
-0.9754798393033
-0.988573066267969
-0.996678885790046
-1
-0.998775605810773
-0.993277497463387
-0.983805928154134
-0.970685288815947
-0.954259663002155
-0.934888316866749
-0.912941182466155
-0.888794391049905
-0.862825910699115
-0.835411339660663
-0.806919903069158
-0.777710696514977
-0.74812921517866
-0.718504202090464
-0.689144843574125
-0.660338334185022
-0.632347827546183
-0.605410783513052
-0.579737716150844
-0.555511341176216
-0.532886115883513
-0.511988159226305
-0.492915534732534
-0.47573887436442
-0.4605023173527
-0.447224734489982
-0.435901205401885
-0.426504713959036
-0.418988025269024
-0.413285706606114
-0.409316254197682
-0.406984287979825
-0.406182777239712
-0.406795261448859
-0.408698032520391
-0.411762247146898
-0.415855940738978
-0.420845917726627
-0.426599496539956
-0.432986091381745
-0.439878616868755
-0.447154705676769
-0.454697733400814
-0.462397648863017
-0.470151611994229
-0.477864445113678
-0.485448906869914
-0.49282580122814
-0.499923936642466
-0.506679952892717
-0.513038034958486
-0.518949534721087
-0.524372522208934
-0.529271288525078
-0.533615822517871
-0.537381282687152
-0.540547484778035
-0.54309842403026
-0.545021849159073
-0.546308902887094
-0.546953841275815
