-0.0558087921071028
-0.0552808262994647
-0.0541892233191185
-0.052463584852052
-0.0500006563399524
-0.0466670880319748
-0.0423030332509954
-0.0367265144713009
-0.0297384727382153
-0.021128402360827
-0.0106804609155896
0.00182006537835799
0.0165800687330229
0.0337918327780806
0.0536262882205789
0.0762264488220927
0.101701163780927
0.130119318623545
0.16150461035355
0.195831013972584
0.233019046708257
0.272932923528953
0.315378682997006
0.360103346444062
0.406795156105673
0.455084919509498
0.504548468374098
0.554710220857582
0.605047816519978
0.654997774155704
0.703962104036014
0.751315788391505
0.796415027464216
0.838606133452704
0.877234941424037
0.911656595009505
0.941245555640869
0.965405677391457
0.983580185294711
0.995261393415618
1
0.997413800733188
0.987195667470234
0.969120648679475
0.943052059153237
0.908946440127264
0.866857286620002
0.816937456325327
0.759440193507739
0.694718721770039
0.623224380979984
0.545503305726023
0.462191665081673
0.374009505844615
0.281753263428785
0.186287025878047
0.0885326566992826
-0.0105410989438037
-0.109930382982658
-0.208608711268324
-0.305540008640074
-0.399692011899184
-0.490049852465426
-0.575629625381076
-0.655491749086787
-0.728753921083118
-0.794603478223754
-0.852308976929176
-0.90123081798508
-0.940830752677109
-0.970680121648384
-0.990466694845377
-1
-0.999215048007228
-0.988174385994542
-0.967068432513543
-0.936214073767004
-0.896051524753584
-0.847139484295359
-0.790148637735085
-0.72585358527749
-0.655123297137135
-0.578910218493049
-0.498238167405349
-0.414189187013307
-0.327889529228844
-0.240494960518543
-0.153175591022302
-0.0671004360197131
0.0165780764990973
0.0967394367529493
0.17231000865666
0.242277400552839
0.3057040495229
0.361739828220194
0.409633496576914
0.448742836752744
0.478543328084619
0.498635239295277
0.508749037523496
