0.576781714681099
0.581009198044691
0.589386320721489
0.60175852841941
0.617896807694993
0.637501021518014
0.660204280712675
0.685578287612645
0.713139574152247
0.742356543661016
0.772657214026264
0.803437549809767
0.834070262499027
0.863913951463742
0.892322453470153
0.918654265846847
0.94228190763288
0.962601084279939
0.979039524701486
0.991065364610474
0.998194957081162
1
0.996113880399626
0.986237147439049
0.970142038820969
0.947675999524245
0.918764146660571
0.883410649812298
0.841699012137015
0.793791253593165
0.739926013607441
0.680415606129236
0.615642075066412
0.546052312346161
0.47215231408394
0.394500662377805
0.313701330899637
0.230395921575336
0.145255447103702
0.0589717797552756
-0.0277511092578822
-0.114205993589588
-0.199691192438048
-0.283519203630263
-0.365025048342424
-0.443574212166982
-0.518570074406946
-0.589460726215212
-0.655745088356114
-0.716978250781519
-0.772775968699584
-0.822818263170339
-0.86685208827574
-0.904693041360884
-0.936226107500702
-0.96140544398332
-0.980253224990388
-0.992857580573818
-0.999369677264446
-1
-0.995013906341426
-0.984726533990342
-0.96949715127878
-0.949723047451151
-0.925833065097789
-0.898280880955999
-0.867538143421976
-0.834087575496769
-0.798416150531211
-0.761008445075575
-0.722340268443838
-0.682872662359973
-0.643046356378753
-0.603276755802911
-0.563949528708769
-0.525416847617701
-0.487994329499718
-0.451958705368211
-0.417546237929701
-0.384951892802559
-0.354329255928381
-0.325791177181552
-0.299411108043016
-0.275225089741514
-0.253234337665121
-0.233408358278652
-0.215688526401428
-0.199992043637542
-0.186216193117844
-0.174242801595548
-0.163942817396719
-0.15518091179768
-0.147820012091265
-0.141725676893901
-0.136770228090146
-0.132836559139156
-0.129821546182838
-0.127638996379416
-0.126222076999146
-0.125525178902658
