1
0.99069425219026
0.972217032364939
0.944834815903902
0.908942157826262
0.865055593537031
0.813805655646869
0.755927131696247
0.692247715106688
0.623675226781581
0.551183607093542
0.47579789717428
0.398578444165673
0.320604577150621
0.242958008670327
0.166706220923237
0.0928860958647808
0.0224880444854456
-0.0435591173997697
-0.104402311338858
-0.159277136407289
-0.207519406306687
-0.248575104458763
-0.282008603057823
-0.307509019353597
-0.324894611720741
-0.334115148871331
-0.335252217397115
-0.328517465188768
-0.314248810660693
-0.292904679603101
-0.265056362386807
-0.231378613674894
-0.19263864428682
-0.149683679983284
-0.103427284299903
-0.054834661804103
-0.00490717398115725
0.0453336878754849
0.0948626200773299
0.142666857229201
0.187762298876029
0.229209158552684
0.266126889431559
0.297708152377334
0.323231607512803
0.342073329131021
0.35371666566043
0.35776039105485
0.353925021049123
0.34205719676591
0.322132068720824
0.294253645869171
0.258653106469334
0.215685099698368
0.165822098637449
0.109646895948986
0.0478433628095918
-0.0188143810168113
-0.0894742131138914
-0.163219475281604
-0.239083447136751
-0.316064596510766
-0.393142364619067
-0.469293235716171
-0.543506836650023
-0.614801811453768
-0.682241219865938
-0.744947216389592
-0.80211477806367
-0.853024264341255
-0.89705261110754
-0.93368298262903
-0.962512729759793
-0.983259529651375
-0.995765611093959
-1
-0.996058750947118
-0.98416316262738
-0.964656007000272
-0.937995833411251
-0.904749439419385
-0.865582629094339
-0.82124940663635
-0.772579777914727
-0.720466354520167
-0.665849973836269
-0.609704564157744
-0.553021495772183
-0.496793666991341
-0.441999578240082
-0.389587647421736
-0.340461015876783
-0.295463086399848
-0.255364023102923
-0.220848427595911
-0.19250438724187
-0.170814069430502
-0.156146011244974
-0.148749226963351
