0.74902156405147
0.74455814363436
0.735720452531391
0.722685201961602
0.705713514638033
0.685146265580136
0.661397991499736
0.634949470476927
0.606339095940521
0.57615318925256
0.545015413137606
0.513575463502277
0.482497229608208
0.452446621888113
0.424079272775108
0.398028318647359
0.374892470324526
0.355224575495082
0.339520869064565
0.32821109680801
0.321649684050731
0.320108104605247
0.323768586119051
0.332719266640512
0.346950893927945
0.366355134180483
0.390724530855597
0.419754127472832
0.453044741215234
0.490107847163809
0.530372006569831
0.573190747110759
0.617851778998983
0.663587408508654
0.709585990316675
0.755004242348813
0.798980231871207
0.840646829618718
0.879145420004412
0.913639650058629
0.943328997797944
0.967461942265863
0.985348522504833
0.99637208114437
1
0.995793249896804
0.983414594634795
0.962635309329764
0.933340295979451
0.895531503670412
0.849329586973864
0.794973763371161
0.732819858574504
0.663336556926339
0.587099902226388
0.504786121904474
0.417162873994676
0.325079041451548
0.229453221583732
0.131261079393983
0.0315217520713276
-0.0687164925160927
-0.168391127982482
-0.266440547709479
-0.361819319002294
-0.45351328070504
-0.540554253310077
-0.622034135635802
-0.697118170710436
-0.765057175461438
-0.825198543993211
-0.876995852410946
-0.920016914040132
-0.953950157180334
-0.97860922286182
-0.993935707055009
-1
-0.997000204340917
-0.985259143118741
-0.965219497941774
-0.937437146360778
-0.902572795180403
-0.861382032708534
-0.814703947371688
-0.763448482326347
-0.708582715326305
-0.651116269857359
-0.592086077160051
-0.532540719014294
-0.4735245878941
-0.416062104208348
-0.361142229772746
-0.309703512414251
-0.262619888754482
-0.220687460871449
-0.184612447871994
-0.155000495644745
-0.132347507477708
-0.117032135131961
-0.109310044718561
