-1
-0.99437526418031
-0.983165173736589
-0.966448148726458
-0.944340966739714
-0.916997749211921
-0.884608625251553
-0.847398085976095
-0.805623045338706
-0.75957062624288
-0.709555693358123
-0.655918156437805
-0.599020070076315
-0.539242557704746
-0.476982589193935
-0.412649642695569
-0.346662282294654
-0.27944468366168
-0.211423140176244
-0.14302258194484
-0.0746631397573514
-0.00675678532607404
0.0602959218617101
0.12610895205787
0.190313759707405
0.252562049269994
0.312528328930643
0.369912231029024
0.424440580532442
0.475869195531136
0.523984406516869
0.568604284085113
0.609579567646058
0.646794290707934
0.680166101276072
0.709646278861113
0.735219452479515
0.756903026829483
0.774746326507983
0.788829470673559
0.799261992931297
0.806181223399031
0.809750451888512
0.810156892885586
0.807609474525775
0.802336475025461
0.794583031036507
0.784608543138847
0.772684004169799
0.759089276311627
0.744110342824409
0.728036560026113
0.711157934595295
0.693762450515621
0.676133469009118
0.658547223632483
0.641270431355196
0.62455803891829
0.608651122108472
0.593774953794504
0.580137254682776
0.567926638778598
0.55731126351052
0.548437692408705
0.541429976146134
0.536388955673515
0.533391789125175
0.532491702162052
0.533717959466864
0.537076053231348
0.542548102690656
0.55009345707853
0.559649492809894
0.571132594254661
0.584439306155675
0.599447644571031
0.616018552191031
0.63399748299571
0.653216100481601
0.673494073096201
0.694640950074033
0.716458100566783
0.738740698797972
0.761279737945413
0.783864055556885
0.806282353529802
0.82832519602754
0.849786969156383
0.870467786780352
0.890175327498817
0.908726588546318
0.925949543187474
0.941684689065033
0.955786475908396
0.968124602016396
0.978585169984636
0.987071693247972
0.993505946146249
0.997828651390335
1
