-1
-0.992878470778056
-0.978694064454339
-0.957563460951714
-0.929660127037715
-0.895212473976262
-0.854501436407012
-0.807857502132988
-0.755657229160215
-0.698319292507363
-0.636300108906954
-0.57008909247835
-0.500203598702038
-0.427183617509883
-0.35158627898332
-0.273980236988692
-0.194939997055571
-0.11504025491182
-0.0348503113321923
0.0450713726484473
0.124182418532843
0.201961512753859
0.277913074185668
0.351571556909323
0.422505343583051
0.490320190508181
0.554662191664312
0.61522023552288
0.671727935243104
0.723965019812085
0.771758180713752
0.814981375701687
0.853555598112268
0.887448126793664
0.916671278053692
0.941280686961562
0.961373150798126
0.977084072366713
0.988584545191517
0.996078126291261
0.999797345181628
1
0.996965293141108
0.990989859533864
0.982383740680721
0.971466356835352
0.958562528236669
0.943998594181895
0.928098675952833
0.911181126260459
0.893555204004368
0.875518008822953
0.857351705210711
0.839321060978615
0.821671319612899
0.804626420729992
0.788387577414178
0.77313221384281
0.759013261332674
0.746158805858022
0.734672075269519
0.724631749951847
0.716092576557565
0.709086260800357
0.703622612128193
0.699690910463726
0.69726146312369
0.696287318530106
0.696706102412801
0.698441941874617
0.701407442937708
0.705505687992143
0.710632220898587
0.716676989318885
0.723526216117964
0.731064174347372
0.739174843328501
0.747743426641384
0.756657716328175
0.765809291271936
0.775094541442781
0.78441551344597
0.793680576492739
0.802804911478829
0.811710829235666
0.82032792715686
0.828593096245399
0.836450393127844
0.843850793701157
0.850751846783049
0.857117247403489
0.862916350187096
0.868123643625946
0.872718205930872
0.87668316258612
0.880005164735061
0.882673906119319
0.884681694513383
0.886023091481418
0.886694631878774
