-1
-0.990452261767057
-0.971467575637402
-0.943265921438946
-0.906173291541162
-0.860616986888594
-0.807119458686055
-0.746290790840635
-0.678819939208389
-0.605464862813241
-0.527041699201971
-0.444413150705594
-0.358476260364954
-0.270149765459356
-0.180361222808045
-0.0900341031984745
-7.50523837117489e-05
0.0886384869160526
0.175270103627363
0.259035518176844
0.339212786019808
0.415151451710977
0.486280517205886
0.552115107027481
0.612261733702593
0.666422089138801
0.714395311021534
0.756078697493887
0.791466867955432
0.820649392392754
0.843806935845415
0.861205988034281
0.873192270464762
0.880182934113598
0.882657679786151
0.88114895009213
0.876231356465402
0.868510516519684
0.858611486099536
0.847166976512536
0.834805550517569
0.822139990647802
0.809756030365798
0.798201632431761
0.787976989811816
0.779525412605266
0.773225250016339
0.76938297956638
0.768227576803852
0.769906258022361
0.774481666270344
0.781930547582637
0.792143940254379
0.804928875494146
0.82001156332441
0.837042013531726
0.855600018188744
0.87520240014493
0.895311411264547
0.915344145406962
0.934682814494747
0.952685721764919
0.968698754675507
0.982067211129803
0.992147766825842
0.998320388734205
1
0.996647704953227
0.987781389344628
0.972985520302944
0.951919982688647
0.924327803308962
0.890041631628443
0.848988864889546
0.801195326646659
0.746787430283739
0.685992782775949
0.61913920839694
0.546652196881541
0.4690508053381
0.386942067575355
0.301013988081738
0.21202722029854
0.120805549709393
0.0282253212970371
-0.0647960322059221
-0.157312190389868
-0.24836069087539
-0.336976028995146
-0.422202913799621
-0.503109479820511
-0.578800254233543
-0.648428682392979
-0.711209021112764
-0.766427418445811
-0.813452010918127
-0.851741884018755
-0.880854758998815
-0.900453288424245
-0.910309864154801
