-0.101931182979908
-0.105062395764548
-0.111257572015412
-0.120383279958428
-0.132242022879845
-0.146575375123742
-0.163068088928392
-0.181353109714909
-0.201017423649702
-0.221608648672449
-0.242642268905891
-0.263609402613934
-0.283984985798289
-0.30323624724312
-0.320831346426274
-0.336248043280009
-0.34898226833875
-0.35855646336107
-0.364527566031627
-0.366494517779996
-0.36410518101169
-0.357062561018548
-0.34513023838154
-0.328136929635076
-0.305980107143209
-0.278628623340927
-0.246124299499261
-0.208582454750158
-0.166191367016901
-0.119210673494323
-0.0679687341656038
-0.0128589972871591
0.0456645794149135
0.107092984138973
0.170868402408837
0.236391172274546
0.303027340918775
0.370116711675547
0.436981263582697
0.502933820517897
0.567286843781139
0.629361220726182
0.688494922721394
0.744051408318478
0.795427651977843
0.842061684965052
0.883439542989488
0.919101524673868
0.948647675867412
0.971742426971029
0.988118323635904
0.99757880521812
1
0.995331521193788
0.983596262890138
0.964889210166471
0.939375292294833
0.907286322157879
0.868917078376993
0.824620599073507
0.774802767433932
0.719916279163506
0.660454090341723
0.59694245101511
0.529933634978771
0.459998479538861
0.387718850571277
0.313680147884616
0.238463963774125
0.162641003762796
0.0867643729389989
0.0113633241166249
-0.0630624446117397
-0.136047865337908
-0.207166882362839
-0.276036086434844
-0.342317559728963
-0.405720903528572
-0.466004434340455
-0.522975548056856
-0.576490265546518
-0.626451986488123
-0.672809491137204
-0.71555424183411
-0.754717047221947
-0.790364162171554
-0.822592905146408
-0.851526882046379
-0.877310911331423
-0.900105749356222
-0.920082717282733
-0.937418331645658
-0.952289039620415
-0.964866157306931
-0.975311104946045
-0.98377102700627
-0.990374877620364
-0.995230043041241
-0.998419562774572
-1
