1
0.995656244293022
0.987033900233829
0.974262173325425
0.957532067800451
0.93709307466837
0.913248842972847
0.886351907157198
0.856797559395059
0.825016970246192
0.791469673805231
0.756635544412686
0.721006400812332
0.685077380220156
0.64933822900668
0.614264658513675
0.580309913894224
0.547896700787625
0.51740960916306
0.489188165872755
0.463520637468402
0.440638692811564
0.420713021140513
0.403849985763569
0.390089376680165
0.379403307456125
0.371696282888013
0.366806444685508
0.36450798289262
0.36451468137378
0.366484546724431
0.370025451736278
0.374701707352684
0.380041461171615
0.385544806253661
0.390692471507988
0.394954954468049
0.397801949008448
0.398711914636342
0.397181630520364
0.39273557646331
0.384934984608072
0.373386409775218
0.357749672910643
0.337745041078691
0.313159518637717
0.283852137512661
0.24975814963078
0.210892041379639
0.167349308121252
0.119306946070748
0.0670226389213378
0.0108326371552818
-0.0488516513000936
-0.111548319858419
-0.176710812226387
-0.243734882992536
-0.311966573186596
-0.380711087413833
-0.44924244411618
-0.516813757380031
-0.582667997714079
-0.646049070541431
-0.706213044934467
-0.762439361476638
-0.814041847130684
-0.860379366654682
-0.900865944421269
-0.934980197405423
-0.962273929515486
-0.9823797492148
-0.995017586344112
-1
-0.997236187012673
-0.986734619730604
-0.968604262168802
-0.943054334802256
-0.910392620061861
-0.871022322583335
-0.825437520132377
-0.774217262544732
-0.718018396647536
-0.65756721464907
-0.593650041595296
-0.527102893911763
-0.45880035552258
-0.389643830337885
-0.320549339834098
-0.252435041860299
-0.186208651570511
-0.122754947427708
-0.0629235445146561
-0.00751711392528798
0.0427197791531715
0.087111054832862
0.125058562815749
0.156050452575774
0.179668346106453
0.195593207459851
0.203609822461619
