-0.605558166032954
-0.595567538865301
-0.575735992972269
-0.546360747472095
-0.50788216936194
-0.460877310664105
-0.406051441741164
-0.34422770679627
-0.276335055452679
-0.20339462984908
-0.126504809508372
-0.0468251359925663
0.0344406442517458
0.116062167669803
0.196800411825084
0.275425758849798
0.350735897841011
0.421573302882868
0.486842030293866
0.545523589464041
0.596691656089007
0.639525414498834
0.673321336839872
0.69750323076904
0.711630413691692
0.715403900007964
0.70867051788944
0.691424903325139
0.66380935107349
0.626111534246012
0.578760136038103
0.522318468127688
0.457476180011908
0.385039191594591
0.305918007249651
0.221114592978524
0.131708018804089
0.0388390858955057
-0.0563058281558
-0.152511462189082
-0.248550652205848
-0.343201347052879
-0.435263407330482
-0.523574940842452
-0.607027936693175
-0.684582972519041
-0.755282785107123
-0.818264513543344
-0.872770445736649
-0.918157123334168
-0.953902686286737
-0.979612366225516
-0.9950220669255
-1
-0.994546374121301
-0.978791166023751
-0.952990030848481
-0.917518437578216
-0.872864141949799
-0.819618133911159
-0.758464219031026
-0.690167412934843
-0.615561344533689
-0.535534877287716
-0.451018167806515
-0.362968387595922
-0.272355336630897
-0.180147176642289
-0.0872965075848574
0.00527299720413876
0.0966791929952855
0.186093113184622
0.272749494195377
0.3559560237419
0.435101182860188
0.509660576467209
0.579201673097475
0.643386901453889
0.701975079058454
0.75482117614553
0.801874445552904
0.843174976286075
0.878848754223905
0.909101337683533
0.934210277879932
0.954516434343857
0.970414352782345
0.982341887402878
0.990769261147568
0.996187765420409
0.999098305615507
1
0.999379037261454
0.997697992342204
0.995385791154725
0.992828502559326
0.990361120796697
0.988260483659715
0.986739451362491
0.985942448659685
