0.531706942782992
0.53621841530327
0.545159809496579
0.558369267008924
0.57560708965405
0.596559393702768
0.620842894938335
0.648010751362836
0.677559374303108
0.70893610390748
0.741547631874007
0.77476904290955
0.807953337061465
0.840441287833236
0.871571486002632
0.9006904163814
0.927162414428751
0.950379351659978
0.969769903142851
0.984808256978319
0.995022134413899
1
0.999397353802297
0.992942011929646
0.980438297303951
0.961770079441261
0.936902619769301
0.905883197399061
0.868840509010695
0.825982855315531
0.777595145124603
0.724034766101944
0.665726388528662
0.603155784585135
0.536862760524024
0.467433312427961
0.3954911278184
0.321688565030166
0.246697249843356
0.171198434257296
0.0958732654208514
0.021393113556206
-0.0515898937783233
-0.122451987517873
-0.190606385442401
-0.255511303598892
-0.316677231452629
-0.37367336336115
-0.426133092534744
-0.473758488635507
-0.516323696334514
-0.553677209236993
-0.585742991327692
-0.612520436202851
-0.634083172555457
-0.650576742380651
-0.662215195885481
-0.669276663847373
-0.672097983906686
-0.67106847175538
-0.666622941171199
-0.659234088144067
-0.649404363774938
-0.637657468053032
-0.624529601923631
-0.610560618166942
-0.596285212476176
-0.582224294741992
-0.568876676949149
-0.556711208332667
-0.546159480622273
-0.53760921645541
-0.531398442520527
-0.527810535892039
-0.527070217548882
-0.529340551464278
-0.53472099116696
-0.543246498569221
-0.554887742409462
-0.569552366146406
-0.587087297849095
-0.607282057827732
-0.629873003713563
-0.654548437676851
-0.680954486709693
-0.708701654613379
-0.737371933713163
-0.766526355544183
-0.795712852949257
-0.824474301308664
-0.852356604056718
-0.878916687268463
-0.903730269925204
-0.92639928045787
-0.946558796255854
-0.96388339091543
-0.978092783954243
-0.988956699374325
-0.996298852626458
-1
