0.248170875320369
0.238536989100736
0.219415129621572
0.191095000402951
0.154005882188302
0.108710391121744
0.0558963009304643
-0.00363344975730584
-0.0689724170230872
-0.139123805696514
-0.213014923364627
-0.289512720880624
-0.367440190111601
-0.44559337733741
-0.522758762029373
-0.597730745824844
-0.669328995440262
-0.736415386041243
-0.797910298164369
-0.852808031554642
-0.900191113081367
-0.939243293006378
-0.969261044034305
-0.989663400461176
-1
-0.999957218109438
-0.989362313463763
-0.968185533135837
-0.936540156660062
-0.894680488930914
-0.842997842404185
-0.782014578837894
-0.712376309385853
-0.634842378806729
-0.550274784469182
-0.459625703345787
-0.363923819959873
-0.264259664988359
-0.161770187686212
-0.0576227952918753
0.0470009010402603
0.150921391536218
0.25297738309856
0.352041488067904
0.447035258199523
0.536943347332379
0.620826601200454
0.697833890805141
0.767212526438671
0.828317112486962
0.88061672817525
0.923700346051109
0.957280427803443
0.98119466555249
0.995405865565186
1
0.995182480318029
0.981272732976601
0.958697183530423
0.927980778910795
0.889737199074131
0.84465792808224
0.793500370715491
0.737075213689
0.676233240254209
0.611851813288533
0.544821244823972
0.476031269316489
0.406357833842774
0.336650410915247
0.2677200288697
0.2003282009932
0.135176917961493
0.0728998490279293
0.0140548760716597
-0.0408819385720556
-0.0915208742277588
-0.137561513381131
-0.178794118353233
-0.215099425490089
-0.246446885538946
-0.272891404557791
-0.294568664310923
-0.311689124243505
-0.324530828430264
-0.333431160016882
-0.338777702312401
-0.340998379583756
-0.34055106153117
-0.337912823216246
-0.333569056755236
-0.328002632313479
-0.321683303832776
-0.31505754953557
-0.30853902867519
-0.302499824389647
-0.297262628065874
-0.293094003576826
-0.290198850402199
-0.288716163309198
