1
0.990930498930615
0.972880566343917
0.946027305643308
0.910633796290029
0.867046040940202
0.815688957568445
0.757061469100141
0.691730754797983
0.620325738464628
0.543529898280817
0.462073491661375
0.376725295761997
0.288283970108823
0.197569152172596
0.105412399513486
0.0126480933480604
-0.0798955819739542
-0.171405471035699
-0.261091981895339
-0.348197219000887
-0.432002616740365
-0.511835983559258
-0.58707787543159
-0.65716722737532
-0.721606182507535
-0.779964069678204
-0.831880492831106
-0.877067507737954
-0.915310874453028
-0.94647038655541
-0.970479290799833
-0.987342823004655
-0.997135897692426
-1
-0.996139338537546
-0.98581632705954
-0.969346470891723
-0.947092740929846
-0.919459523601293
-0.886886239392337
-0.849840725345816
-0.808812478302069
-0.764305855587679
-0.716833328371177
-0.66690888004309
-0.615041637800633
-0.561729820205598
-0.50745507693615
-0.452677289384224
-0.397829892289537
-0.343315767390543
-0.289503750263782
-0.236725781275426
-0.185274721046696
-0.135402840205244
-0.0873209826240242
-0.0411983910016335
0.00283682632800475
0.0446966179027377
0.0843313402633949
0.121727584976655
0.156905535862088
0.189915916767396
0.220836595172891
0.249768910686278
0.276833800068526
0.30216779178766
0.325918943226144
0.348242792585794
0.369298395277699
0.389244511208257
0.4082360049485
0.426420515391272
0.443935445263107
0.460905313881494
0.477439508961273
0.493630465212648
0.509552289080734
0.525259840399866
0.540788273123897
0.556153028794445
0.571350268167359
0.58635771857277
0.601135907267331
0.615629744369912
0.629770413063473
0.643477519691743
0.656661452259875
0.669225892727438
0.681070426406087
0.692093190771109
0.702193506075362
0.711274431306412
0.719245191225488
0.726023423424318
0.731537198470289
0.735726771202889
0.738546027001536
0.739963593260224
