-0.802570470952325
-0.790309540963062
-0.765955893536302
-0.729843586668004
-0.682467824239302
-0.624477992795921
-0.556668536552972
-0.479967804073951
-0.395425029624696
-0.304195639300954
-0.207525096265767
-0.106731520447625
-0.0031873355292118
0.101699790259304
0.206506433339789
0.309813052222218
0.410223490078844
0.50638406223916
0.597001955440592
0.680862676776973
0.756846305271365
0.823942317625085
0.881262781669161
0.92805373602581
0.963704602088436
0.987755504222531
0.999902405617866
1
0.98806233293433
0.964261160216466
0.928922084324323
0.88251854260159
0.825663752254383
0.759100746899552
0.683690666859353
0.600399490243738
0.510283413730342
0.414473110522984
0.314157107973549
0.210564538577071
0.104947525342484
-0.0014365341898086
-0.107342521796975
-0.211554731606691
-0.312903332358452
-0.410279921431784
-0.50265194922631
-0.589075811808819
-0.668708432037734
-0.740817174272223
-0.804787964869225
-0.860131519531922
-0.906487608737136
-0.943627323457875
-0.971453334721367
-0.989998171709707
-0.999420573632195
-1
-0.992129411759773
-0.976306461564662
-0.95312325488415
-0.923254864323273
-0.887446797127321
-0.846501630130311
-0.801265037158553
-0.752611440975719
-0.701429525163239
-0.648607840840401
-0.595020738873602
-0.541514850295085
-0.488896326197802
-0.437919033600218
-0.389273885940315
-0.343579466267528
-0.301374078203166
-0.263109334719959
-0.229145368166253
-0.199747717171046
-0.175085917570316
-0.155233795760636
-0.140171434382352
-0.12978875242612
-0.12389061519442
-0.122203364465152
-0.124382636101784
-0.130022311604239
-0.138664432028499
-0.149809887607057
-0.162929684514701
-0.177476581729101
-0.192896885962148
-0.208642191256939
-0.22418085206901
-0.239008984431813
-0.252660799040991
-0.264718082618152
-0.274818659517905
-0.282663683956757
-0.288023634158389
-0.290742902775282
