-0.568840504606363
-0.571153002202238
-0.57574334412247
-0.582542824632227
-0.591449876741672
-0.602331833172558
-0.615027226553465
-0.629348588937977
-0.645085702033341
-0.662009241636214
-0.679874752830286
-0.698426886625497
-0.717403824010524
-0.736541809930295
-0.755579717549159
-0.774263562357114
-0.792350886238285
-0.809614933542036
-0.82584854445002
-0.840867695467028
-0.85451462260878
-0.86666046972441
-0.877207412265547
-0.88609021557065
-0.893277196230904
-0.898770565188082
-0.90260614172076
-0.904852438230998
-0.9056091265722
-0.905004907381546
-0.903194814319328
-0.900356995098819
-0.896689020546612
-0.892403781506999
-0.887725041048878
-0.882882716018664
-0.878107967392652
-0.873628183020995
-0.869661939146551
-0.866414028470447
-0.864070642489835
-0.862794794342362
-0.862722065470179
-0.863956755100585
-0.86656850589008
-0.870589472175011
-0.876012089216676
-0.882787492742697
-0.89082462810749
-0.899990077675834
-0.910108623740607
-0.920964552594449
-0.93230369346877
-0.9438361741197
-0.955239863068672
-0.966164457083028
-0.976236161592834
-0.985062901560044
-0.992239991011177
-0.997356181167972
-1
-0.999766290199213
-0.996262848140126
-0.989117063420311
-0.977982457131795
-0.962545017128544
-0.942529230238469
-0.91770371460578
-0.887886360102369
-0.852948890952895
-0.812820772292101
-0.767492391207906
-0.717017452793114
-0.661514542687334
-0.601167819377938
-0.53622681197032
-0.467005312048166
-0.393879361430426
-0.317284350895229
-0.237711258081327
-0.155702065595807
-0.0718444126574003
0.0132344548002912
0.0988743599298505
0.184389411376956
0.269075666530605
0.352219140720694
0.433104055776621
0.511021217203776
0.585276406679698
0.655198675661553
0.720148426650735
0.779525171072292
0.832774856765444
0.879396663690677
0.918949173559062
0.9510558275783
0.975409596263973
0.99177679614104
1
