-1
-0.990399918144593
-0.97132025063226
-0.943000270574017
-0.905794615104353
-0.860168229861869
-0.806689746322878
-0.746023390827394
-0.67891954598216
-0.606204105126133
-0.528766778395595
-0.447548524356998
-0.363528293952051
-0.277709283428299
-0.191104899860689
-0.104724646702936
-0.0195601374871056
0.0634285566900821
0.143326025852365
0.219273914581109
0.290482410295994
0.356240660687978
0.415925971313542
0.469011653281046
0.515073411807885
0.553794188876469
0.584967396918865
0.608498505046563
0.624404964432754
0.632814484661725
0.633961697795013
0.628183271182904
0.615911553300026
0.597666858749249
0.574048518725203
0.545724841351244
0.513422142127729
0.477913018017318
0.440004049247311
0.400523120575137
0.360306558432097
0.320186281970134
0.280977164572698
0.243464797887393
0.208393842976341
0.176457142887225
0.148285757994957
0.124440070063174
0.105402083376192
0.0915690317795601
0.0832483793537646
0.0806542800681276
0.083905538476573
0.0930250896929141
0.107940992897275
0.128488908855277
0.154416008751251
0.185386239409076
0.220986849046426
0.260736058405634
0.304091744726029
0.350460990835913
0.399210338879598
0.449676578049026
0.501177888311595
0.553025157622599
0.604533288542962
0.655032311564762
0.70387812674541
0.750462702387261
0.794223569348589
0.834652461967357
0.871302971313937
0.903797093318816
0.93183057296989
0.95517696593583
0.973690360318861
0.987306723425402
0.996043861106908
1
0.999351025517154
0.994346430344629
0.98530404914123
0.972603674764422
0.956679669365326
0.938012699803939
0.917120740784244
0.894549500674645
0.870862433980094
0.84663051072736
0.822421916517232
0.798791857635094
0.776272643388541
0.755364212797946
0.736525264988734
0.720165142252568
0.706636601930171
0.69622959823209
0.689166178101707
0.685596576515623
