-0.175569671396148
-0.183730641341907
-0.199899177329328
-0.22377098078165
-0.254895836882533
-0.292684982785403
-0.336420748036408
-0.385268313373661
-0.438289400228219
-0.494457672388759
-0.552675603891486
-0.611792543694007
-0.6706236884597
-0.727969660122959
-0.782636375058732
-0.833454886799123
-0.879300884403956
-0.919113533800107
-0.951913359574965
-0.976818879683264
-0.993061725068234
-1
-0.997129666621066
-0.984093768324213
-0.960689340680762
-0.926871895148896
-0.882757399146134
-0.828621715661272
-0.764897505783715
-0.692168637706858
-0.611162185281741
-0.522738137432881
-0.427876976095005
-0.327665314212284
-0.223279816224046
-0.1159696508537
-0.00703774948632629
0.102178837407351
0.210329178771953
0.316068979627271
0.418081054373036
0.515095435543823
0.605908802202846
0.689402922528813
0.764561820336285
0.830487395039804
0.886413248615927
0.931716501058095
0.965927407218222
0.988736622292828
1
0.999740846127947
0.988149590008375
0.965580876950775
0.93254812512952
0.889715630207147
0.837888339477568
0.777999453915303
0.711096050644269
0.638322949453994
0.560905074601499
0.480128586807802
0.397321079715254
0.313831149809735
0.231007658697009
0.150179011498272
0.0726327749183342
-0.000404046757126575
-0.0677837697786944
-0.128455530350201
-0.181481252277642
-0.226049833823465
-0.261489332698239
-0.287276959558124
-0.303046724796609
-0.308594620281566
-0.303881256413833
-0.289031914862328
-0.264334017933885
-0.230232056124933
-0.187320055337805
-0.136331703898563
-0.0781282962771206
-0.0136846847055818
0.0559265388229346
0.129552379907677
0.205978024332311
0.283946372250232
0.362178215407764
0.439392738796736
0.514328023089966
0.585761224269889
0.652528112011146
0.713541658541404
0.767809384721255
0.81444918971715
0.852703414582286
0.881950917932036
0.901716973264316
0.911680831837426
