0.168082626919162
0.174225695202877
0.186422470944384
0.204495494803899
0.228181714975606
0.257136200100018
0.290937004432986
0.329091113753511
0.371041384664969
0.416174375438083
0.463828953577748
0.513305554064461
0.563875952892953
0.614793413244578
0.665303056493669
0.714652307336061
0.762101261680617
0.806932827567589
0.848462493242016
0.886047582552532
0.919095865969412
0.947073405592019
0.969511524386811
0.986012803377565
0.996256025389711
1
0.997086221313065
0.987440327816062
0.971072351580319
0.94807576220838
0.918625328888484
0.882973841442296
0.841447748069114
0.79444178334569
0.742412674696251
0.685872028781993
0.6253785108761
0.561529440117315
0.494951931429118
0.426293720739301
0.356213813855604
0.285373100899338
0.214425077556884
0.14400681159916
0.0747302881954988
0.00717426059774162
-0.0581232760892996
-0.120671880956184
-0.180034638269813
-0.235833222098488
-0.287751988059736
-0.335541041369561
-0.379018246754065
-0.41807016258876
-0.452651898591602
-0.482785913245636
-0.508559783601823
-0.530122995954784
-0.547682820847406
-0.561499349713201
-0.571879782994708
-0.57917207059122
-0.583758014822843
-0.586045953611506
-0.586463147163072
-0.585447995009582
-0.583442211790475
-0.580883089602752
-0.578195972151984
-0.575787061340843
-0.574036670423167
-0.573293029543426
-0.573866739516209
-0.576025958246258
-0.579992391438378
-0.585938145409818
-0.593983485124046
-0.604195525255605
-0.616587866421478
-0.631121172930887
-0.647704672769148
-0.666198545295821
-0.686417147548945
-0.70813301634108
-0.731081570729247
-0.754966428141598
-0.779465237629085
-0.804235925536199
-0.828923242479992
-0.853165495990878
-0.876601350571516
-0.8988765763092
-0.919650628538165
-0.938602944364376
-0.955438847078452
-0.969894956503031
-0.981744012030819
-0.99079902536274
-0.996916691581376
-1
