-0.952057336221722
-0.939757469210912
-0.915315083125732
-0.879042778277769
-0.831404245600721
-0.773008097015179
-0.704599774308261
-0.627051649749899
-0.541351456838354
-0.448589212718172
-0.349942814608281
-0.246662510715937
-0.14005446133314
-0.0314636178992657
0.0777438434026665
0.186198291588774
0.292544370561562
0.395458446389366
0.493665535141984
0.585955482749591
0.671198180104514
0.748357611441857
0.816504551684652
0.874827748650231
0.922643448477311
0.959403147006239
0.984699475758765
0.998270158228223
1
0.989920904360366
0.968209933100897
0.935185459771005
0.891301489267395
0.837140242987332
0.77340313244493
0.700900265915909
0.620538652028445
0.533309280984653
0.440273278048623
0.342547334886601
0.241288632153372
0.137679471295716
0.0329118348478081
-0.0718279074658146
-0.175373934667598
-0.276595348612576
-0.374409793532376
-0.467796142293873
-0.555806087079519
-0.637574490876304
-0.712328376761113
-0.779394454156848
-0.83820510464887
-0.888302774221688
-0.929342743517975
-0.961094272547989
-0.983440140801603
-0.996374627559436
-1
-0.994521598111726
-0.980241625122399
-0.957551769863793
-0.926924802940037
-0.888905301546335
-0.844099668112982
-0.79316561549486
-0.73680129610078
-0.675734254119023
-0.610710378850886
-0.542483033165321
-0.471802524332763
-0.399406075126326
-0.326008441276339
-0.252293307350144
-0.178905577157699
-0.106444657139304
-0.0354588121840949
0.0335593467139124
0.100176204287585
0.164019294711697
0.224778270649099
0.282204711758037
0.336110816758407
0.38636704207828
0.432898767670763
0.475682086519572
0.514738828382497
0.550130940231763
0.581954355452241
0.610332491005391
0.635409516353396
0.657343539902719
0.676299858051858
0.692444408642017
0.705937564782977
0.716928396773935
0.725549519315194
0.731912628604503
0.736104819459
0.738185756559067
