-0.968923155294928
-0.959783319345366
-0.941598544593306
-0.914557410456011
-0.878939766230244
-0.835113155653037
-0.783528129464038
-0.724712512838021
-0.65926470937137
-0.587846136896673
-0.511172902562124
-0.430006835166556
-0.345146001530171
-0.257414840576486
-0.167654053702479
-0.0767103928518291
0.0145735115573937
0.105369142070179
0.1948717676687
0.282309667429598
0.366952779920036
0.448120663113218
0.525189660499432
0.597599181463447
0.664857017699812
0.72654363223141
0.782315373254413
0.831906581312894
0.875130574958332
0.911879516817561
0.942123178621116
0.965906639978805
0.983346971284447
0.994628965851042
1
0.999764112149633
0.994275402786214
0.983930866396356
0.969162773859238
0.950430729336235
0.9282135292785
0.903000952755231
0.875285611873479
0.845554988632368
0.81428378017974
0.781926668196778
0.748911620134277
0.71563382039817
0.682450318491918
0.649675468751628
0.617577222858357
0.586374321998551
0.556234420598764
0.527273158224102
0.499554180745876
0.473090096498932
0.447844338106224
0.42373388618465
0.400632797488707
0.378376467410374
0.356766545331
0.335576411289837
0.314557113947606
0.293443663010078
0.27196156423724
0.249833481970254
0.226785912803956
0.202555754629155
0.176896657748354
0.14958504908259
0.12042572655828
0.0892569284861024
0.0559547919873957
0.0204371251319935
-0.0173335707521826
-0.0573478793484856
-0.0995480853798896
-0.14382765144688
-0.190031564268273
-0.237957544369528
-0.287358098859272
-0.337943382909822
-0.389384822138643
-0.441319435491675
-0.493354786659637
-0.545074481700551
-0.596044121562266
-0.645817610740985
-0.693943717494448
-0.739972776943343
-0.783463426105378
-0.823989259447673
-0.861145294919636
-0.894554143614978
-0.923871781154054
-0.948792825493148
-0.969055234046134
-0.984444342610859
-0.994796179469455
-1
