1
0.99675697265271
0.990298473616752
0.98067928922233
0.967980790761864
0.952309976527909
0.93379821415423
0.912599699726252
0.888889653807065
0.862862277923406
0.834728498125617
0.804713524934033
0.773054261274943
0.739996591861049
0.705792588859944
0.670697669601565
0.634967742491227
0.598856377214904
0.562612034751512
0.526475391653505
0.490676791539714
0.455433854787023
0.420949275040563
0.387408828421692
0.354979618240415
0.323808574659882
0.294021225165056
0.265720747908235
0.238987316096156
0.213877737603521
0.190425390003161
0.168640447250917
0.148510390409573
0.130000791094922
0.113056352829819
0.0976021922467447
0.0835453391298928
0.0707764316732249
0.0591715810850377
0.0485943778204689
0.03889801029283
0.0299274659181792
0.0215217837939605
0.0135163282039561
0.00574505247373347
-0.00195727653787403
-0.00975292185229926
-0.017799114668721
-0.026246112602588
-0.0352354006747302
-0.0448980553258803
-0.0553532889520157
-0.0667071894773594
-0.079051666352323
-0.0924636111328127
-0.107004277515867
-0.122718882425289
-0.139636426509855
-0.157769729284455
-0.177115671157512
-0.197655631789797
-0.219356111660126
-0.242169521408285
-0.266035121515809
-0.290880093197078
-0.316620720026898
-0.34316365884113
-0.370407277822838
-0.398243039430519
-0.426556905934268
-0.455230745790956
-0.484143719896112
-0.51317362787804
-0.542198196023693
-0.571096290116472
-0.599749038389758
-0.628040851919662
-0.655860332056556
-0.683101056885407
-0.709662241166876
-0.735449266700513
-0.76037408252461
-0.784355476781471
-0.807319224390608
-0.829198116846675
-0.849931882457472
-0.86946700712725
-0.887756467343155
-0.904759388313372
-0.920440641214972
-0.93477039422308
-0.947723632401745
-0.959279661637072
-0.969421611586743
-0.978135952114206
-0.985412036883125
-0.991241686725912
-0.995618824091417
-0.998539168348045
-1
