-0.913893969710009
-0.915905773124773
-0.919850151469395
-0.925570115651655
-0.932833827340368
-0.94133890544376
-0.950718056102777
-0.960545932543686
-0.970347110583424
-0.979605046871672
-0.987771870388044
-0.994278843559347
-0.998547317850391
-1
-0.998072339364294
-0.992223844186972
-0.981949135087568
-0.966788547639789
-0.946338102549826
-0.920258671536942
-0.888284179416141
-0.850228697891056
-0.805992303948116
-0.755565595226202
-0.699032776011179
-0.636573250234804
-0.568461681681814
-0.495066506148782
-0.416846905163225
-0.334348275664995
-0.248196254378726
-0.159089379077072
-0.0677904911739488
0.0248829952617284
0.118069814250452
0.210876398074836
0.302389082532074
0.391686781616807
0.477853937587827
0.559993547017959
0.637240061207599
0.70877196030076
0.77382380457048
0.831697573579894
0.881773114168868
0.923517531308892
0.956493371610834
0.980365467418544
0.994906329695831
1
0.995644295388422
0.981951404758082
0.959146820486359
0.927566614927507
0.887653096920538
0.83994890857874
0.785089646863848
0.723795117417538
0.656859349467179
0.585139520004486
0.509543952548172
0.431019370373381
0.350537595889549
0.269081896685834
0.187633184496741
0.107156275876192
0.0285864226621433
-0.047183683627209
-0.119316236442897
-0.187039781065723
-0.249659649945525
-0.306567208601666
-0.357247772450596
-0.401287075394993
-0.438376193345598
-0.468314849704217
-0.491013054843411
-0.506491057385789
-0.514877611211786
-0.51640658820203
-0.511411992341784
-0.500321455580293
-0.483648319360368
-0.461982427645168
-0.435979777227385
-0.406351188798251
-0.373850177403058
-0.339260213278578
-0.303381573461934
-0.267017990832342
-0.230963310297925
-0.195988361620877
-0.162828254888242
-0.132170297936102
-0.104642725225897
-0.0808044149055963
-0.0611357552641777
-0.0460308037474484
-0.0357908614279449
-0.0306195636278401
