1
0.988495108369492
0.965630135965124
0.93169265432556
0.887108925791218
0.832437874391734
0.768363187056757
0.695683662422576
0.615301950436653
0.528211849709841
0.435484350771307
0.338252631722518
0.237696227987045
0.135024609683698
0.0314604084352261
-0.0717774599584738
-0.173490529670075
-0.272517131362195
-0.367748113165348
-0.458141708341835
-0.542737335415842
-0.620668133313134
-0.691172053761584
-0.753601355548184
-0.807430369860385
-0.85226143247668
-0.887828906601216
-0.914001249225963
-0.93078110360187
-0.938303430249558
-0.936831718481074
-0.926752349183437
-0.908567207191573
-0.882884667531678
-0.850409103751299
-0.811929088107054
-0.768304472230232
-0.720452552752908
-0.669333539018067
-0.615935549232784
-0.561259367123463
-0.506303193241609
-0.452047623529228
-0.399441082622897
-0.349385930749038
-0.302725451088346
-0.260231909365071
-0.222595859395712
-0.190416847705339
-0.164195647421389
-0.14432812685249
-0.131100831850147
-0.124688333653062
-0.125152365862112
-0.132442745932345
-0.146400048542066
-0.166759970848674
-0.193159303394514
-0.225143395693081
-0.262174982690707
-0.303644217714325
-0.348879739498261
-0.397160585706994
-0.447728753265013
-0.499802196948771
-0.55258805221642
-0.605295866221749
-0.657150622397745
-0.707405348865274
-0.75535310913216
-0.800338184952865
-0.841766275624023
-0.879113555154161
-0.911934448381247
-0.939868008895033
-0.962642805194776
-0.980080246491226
-0.992096305537971
-0.998701622429339
-1
-0.996185327873824
-0.987536997910549
-0.974413898375088
-0.957247097211276
-0.936531345970421
-0.912815554887128
-0.886692406008833
-0.858787284911201
-0.829746722153925
-0.800226543084585
-0.770879928767171
-0.742345591635299
-0.715236266940346
-0.690127715228693
-0.667548422039853
-0.647970168920376
-0.631799634898127
-0.619371170004785
-0.610940862560248
-0.606682000067362
