0.844191640201689
0.846538139487491
0.851169447682941
0.857963189041923
0.866738296724836
0.87725796511944
0.889233513978159
0.902329103864286
0.916167229065465
0.930334901952409
0.944390431924526
0.957870692760822
0.970298764529843
0.981191830325717
0.990069204080455
0.996460363617581
0.999912862991317
1
0.996328118542939
0.988543431146747
0.976338254431293
0.959456559399796
0.937698749079257
0.910925588039342
0.879061221491987
0.842095235813972
0.800083727219066
0.753149360702224
0.701480417044864
0.645328841362599
0.585007322149726
0.520885444786858
0.45338497779493
0.382974363517566
0.310162497185549
0.235491889271453
0.159531315509068
0.0828680667848063
0.00609991718581959
-0.0701730672810139
-0.14535675446795
-0.21887108116105
-0.290157973827861
-0.358688934917426
-0.423972179959826
-0.48555921785971
-0.54305077559067
-0.596101978834628
-0.644426711808601
-0.687801092395142
-0.726066012538806
-0.759128708470889
-0.786963340448058
-0.809610577099522
-0.827176194929688
-0.839828718776197
-0.847796143837669
-0.851361794029353
-0.850859384677083
-0.846667369713601
-0.839202664407251
-0.828913844062438
-0.816273926938752
-0.801772855720962
-0.785909796142662
-0.769185373758076
-0.752093970335221
-0.735116199905273
-0.718711681173977
-0.703312217837286
-0.6893154914304
-0.677079362789506
-0.666916868157255
-0.659091984578367
-0.653816226693491
-0.651246123548709
-0.651481609810515
-0.654565351039017
-0.660483007660545
-0.669164427233908
-0.68048573976163
-0.694272316394529
-0.710302538143682
-0.728312308365862
-0.748000231030566
-0.769033366294601
-0.791053465869499
-0.813683583210146
-0.836534947797028
-0.859213988819405
-0.881329391453844
-0.902499068703632
-0.922356933421548
-0.940559358652853
-0.956791219749474
-0.970771418733521
-0.98225780001484
-0.991051376653964
-0.996999797746026
-1
