-0.297579493063095
-0.295767876957113
-0.29212186498124
-0.28659669930978
-0.279127231007123
-0.269630259617358
-0.258007577200584
-0.244149653904456
-0.227939888561483
-0.209259335571732
-0.187991808688757
-0.164029253468941
-0.137277273236018
-0.107660688585608
-0.0751290078061281
-0.0396616851826738
-0.0012730460014968
0.0399832388317105
0.0840102393610196
0.130664516755072
0.179753629153024
0.231034473087802
0.284212526620741
0.338942045159592
0.394827244627411
0.451424489471636
0.508245485235941
0.564761457359661
0.620408279824999
0.674592499547745
0.726698185306539
0.776094513824948
0.822143990642999
0.864211189906203
0.901671885404341
0.933922435327432
0.960389275460245
0.980538370064835
0.993884466622122
1
0.99852349352887
0.989167308897343
0.971724603691997
0.946075364715775
0.912191396811101
0.870140160628947
0.820087368432
0.762298264373333
0.697137534497599
0.625067811689529
0.546646761643583
0.462522757331128
0.373429171068022
0.280177334800206
0.183648240290223
0.0847830711704836
-0.0154273219947211
-0.115953874736526
-0.215741544842799
-0.313722172617687
-0.408827794333891
-0.500004228518949
-0.586224747850101
-0.666503645283628
-0.739909501704652
-0.805577963900454
-0.862723846039321
-0.910652375038639
-0.948769410148035
-0.976590479630976
-0.993748492435745
-1
-0.995229902592848
-0.979454515592819
-0.952822933529893
-0.915616653261715
-0.868247441966316
-0.811253460360906
-0.745293676334544
-0.671140628645565
-0.589671624118646
-0.501858474526245
-0.408755900713123
-0.311488751198361
-0.211238200168133
-0.109227105184474
-0.00670471784323823
0.0950690491825337
0.194839587940497
0.291373578712971
0.383474774829968
0.469999374162412
0.549870767548537
0.622093462290343
0.685765989646284
0.740092618790994
0.784393715821817
0.818114604835736
0.840832808614487
0.852263568745044
