1
0.998859541245631
0.996579052849495
0.99315934930892
0.988601544525611
0.982906926491835
0.976076796942926
0.968112281563622
0.959014117502357
0.948782425966813
0.937416478522606
0.924914466374589
0.91127328236034
0.896488325615016
0.880553338867327
0.863460288093432
0.845199293789142
0.825758622425406
0.805124745736542
0.783282474368268
0.760215171100507
0.735905047379438
0.710333545268798
0.683481805189923
0.655331217993661
0.625864058027791
0.595064191964899
0.562917856273159
0.529414494381502
0.494547642846859
0.458315854208942
0.420723642750714
0.38178243810135
0.341511530551859
0.299938991127031
0.257102548893
0.213050407695433
0.167841984532699
0.12154855208029
0.0742537685013027
0.0260540786018635
-0.0229410283860214
-0.0726089175998528
-0.122813875341946
-0.173407353261211
-0.2242283970472
-0.275104264305525
-0.325851233664615
-0.376275604418968
-0.426174883183258
-0.475339151156433
-0.523552602718831
-0.570595243252401
-0.616244731328897
-0.660278347797295
-0.702475071862548
-0.742617742024012
-0.780495277771954
-0.815904936259687
-0.848654576808752
-0.878564905092318
-0.905471668200265
-0.929227771535556
-0.949705288637432
-0.966797335578781
-0.980419782543063
-0.990512776544536
-0.997042051002698
-1
-0.999406497517964
-0.995309444731955
-0.987785031515499
-0.976937701622716
-0.962899814539914
-0.945831000678756
-0.925917210374823
-0.903369461006234
-0.87842229040455
-0.85133192854184
-0.822374203190285
-0.791842198812085
-0.760043691297264
-0.727298384276996
-0.693934975555377
-0.660288084681781
-0.626695074792115
-0.59349280354855
-0.561014339276846
-0.529585679217808
-0.499522507159747
-0.471127027594272
-0.444684912936464
-0.420462399277604
-0.398703564605686
-0.379627821453964
-0.363427653544969
-0.350266623216826
-0.340277673285898
-0.333561743555232
-0.330186718466909
