-0.328430612066748
-0.32435757085093
-0.316227430255389
-0.304072251077635
-0.287940560866521
-0.267897859589183
-0.244027264325557
-0.216430268471098
-0.185227585769701
-0.150560044962148
-0.112589497019885
-0.0714996939259575
-0.0274970958362782
0.0191884377391189
0.0683031173145536
0.119568897170875
0.172683395491461
0.227320100165878
0.283128895830138
0.339736943110721
0.396749935609738
0.453753753995547
0.510316529746509
0.565991123747902
0.620318017187334
0.672828604165553
0.723048867277533
0.770503409268249
0.814719805875823
0.855233237288986
0.891591348410317
0.923359281470866
0.950124818617045
0.971503567008928
0.987144114839799
0.996733083605657
1
0.996721910045923
0.986727658548094
0.96990175867549
0.9461877794758
0.915591183357135
0.878181551014962
0.834094137874017
0.78353071377933
0.726759646311229
0.66411519760325
0.595996014780012
0.522862804961656
0.445235197047455
0.363687804029618
0.278845511227821
0.191378027399881
0.101993746996957
0.0114329827162463
-0.0795393622121636
-0.17014160305081
-0.259583476346296
-0.347074641415998
-0.431833379135169
-0.51309538161984
-0.590122522802387
-0.66221149778578
-0.728702218294652
-0.788985852549469
-0.842512400483985
-0.888797699392226
-0.927429760792407
-0.958074346470915
-0.980479700237232
-0.994480361775884
-1
-0.997053215349996
-0.985746273381031
-0.966276745570883
-0.938932047370587
-0.904086877919361
-0.862199580352663
-0.81380745604375
-0.759521080230926
-0.700017680093131
-0.636033649250064
-0.568356284692348
-0.497814843116536
-0.425271023387394
-0.351608990230476
-0.277725061145105
-0.204517183815478
-0.132874334902336
-0.0636659729592548
0.00226832169899738
0.0641288890537122
0.12116558572104
0.172686813139101
0.218067862048116
0.256758466163908
0.288289467866583
0.312278509980172
0.328434680153185
0.336562047795033
