0.0852980046581322
0.0783916702350975
0.064716263972975
0.0445439188515382
0.0182768935423574
-0.0135594461093773
-0.0503258029608996
-0.0912801294819916
-0.135590627976656
-0.182350354006081
-0.230593180019956
-0.279310853263492
-0.327470863405453
-0.374034821333786
-0.417977041421359
-0.458303015428637
-0.494067467155971
-0.524391682977271
-0.54847982438934
-0.56563394452705
-0.575267450976399
-0.576916781844282
-0.570251090525817
-0.55507976649544
-0.531357654229419
-0.499187869490543
-0.458822151077711
-0.410658726142242
-0.355237707657941
-0.293234082953672
-0.225448391726898
-0.152795230017911
-0.0762897526226206
0.00296762022606245
0.0838080559137526
0.165012459757845
0.245330637728669
0.323501168841803
0.398271671380612
0.468419139010104
0.532770019895781
0.590219714206879
0.639751172842386
0.680452292767651
0.711531821805808
0.732333507829378
0.742348253707189
0.741224069674708
0.728773648543732
0.704979425826602
0.669996025849536
0.624150035659963
0.567937090355733
0.50201629572268
0.427202056095827
0.344453416495212
0.254861067678839
0.159632200174618
0.0600734280050044
-0.042427965850927
-0.146424182705201
-0.250428157323892
-0.352935581612616
-0.452447367782447
-0.547492207481724
-0.636648880231317
-0.718567966741768
-0.791992630300623
-0.855778142292772
-0.908909845869428
-0.95051927454562
-0.979898169739681
-0.996510172558275
-1
-0.990199953665881
-0.967133649443751
-0.931016898853896
-0.882255716153914
-0.821441469230267
-0.749343236072187
-0.666897471551406
-0.575195130651898
-0.475466433562827
-0.369063494553538
-0.257441069721836
-0.142135708027448
-0.0247436150319281
0.0931024409286036
0.20975683513094
0.323585050392419
0.432987538933944
0.536423123494665
0.632431585433008
0.719655099371008
0.796858190987815
0.862945916584992
0.916979989695441
0.95819261088151
0.985997791492933
1
