0.35512186281573
0.34700707552609
0.330874168331261
0.306915328194481
0.275415980495695
0.236751403217228
0.191382279050451
0.139849241293773
0.082766481959559
0.0208145021375645
-0.0452679047789365
-0.114692337050224
-0.186630027760953
-0.260221532655703
-0.334586743029373
-0.408835100581999
-0.482075889286721
-0.553428479095321
-0.622032397711891
-0.687057109673252
-0.747711386533921
-0.803252157991768
-0.852992741215932
-0.896310354340176
-0.932652829934913
-0.961544455126705
-0.982590876739228
-0.995483022218217
-1
-0.996010956208908
-0.983475877939894
-0.9624453467158
-0.933059258822863
-0.895544541947206
-0.850211909690633
-0.797451706977329
-0.737728909927367
-0.671577353335564
-0.599593267338546
-0.522428212079336
-0.440781505106795
-0.355392240815558
-0.2670310044
-0.176491384543113
-0.0845813893884079
0.0078851307287342
0.100096952743659
0.191253745200409
0.280574035094812
0.367302790926938
0.450718542758509
0.530139968057073
0.604931880856652
0.674510571132162
0.738348451123875
0.795977975505735
0.846994812613073
0.89106025427739
0.927902862007374
0.957319357160636
0.979174772231382
0.993401889306638
1
0.999033028652596
0.990627067205679
0.974967375823203
0.952294908017582
0.92290242266632
0.887130247877613
0.84536176316307
0.798018666816599
0.745556094808155
0.688457655923617
0.627230445376668
0.562400095758453
0.494505920061187
0.424096196709469
0.351723641162703
0.277941102826438
0.203297519846784
0.128334157980876
0.0535811532588346
-0.0204456283011414
-0.0932474069762125
-0.164344980733887
-0.233280896556525
-0.299621311766314
-0.362957560137676
-0.422907441689468
-0.47911625848395
-0.531257621476476
-0.579034055427204
-0.622177430086544
-0.660449246297554
-0.693640805333743
-0.721573288737245
-0.744097774181514
-0.761095210508878
-0.772476372153095
-0.778181809727587
