1
0.996980423710137
0.990979771468399
0.982074325577432
0.970376726464556
0.956033868968767
0.93922415659952
0.920154163218517
0.899054762359111
0.876176794133892
0.851786348222048
0.826159748626421
0.79957833162021
0.772323112463654
0.744669438986369
0.716881730953168
0.689208403240108
0.661877068251589
0.635090108745389
0.609020706365189
0.583809403801005
0.559561269723899
0.536343725612951
0.514185082471689
0.493073823398593
0.472958655228556
0.453749339208499
0.435318297129406
0.41750297573324
0.400108938773252
0.382913643055123
0.365670842344247
0.348115551402429
0.329969491814357
0.310946931863789
0.290760824686568
0.269129142405808
0.245781299063904
0.220464552000506
0.192950269952041
0.163039956604923
0.13057092062993
0.0954214873386861
0.0575156529841612
0.0168270902967487
-0.0266175770012902
-0.072736302360115
-0.121390007010678
-0.172381879777796
-0.225457618938788
-0.280306634347412
-0.3365642129469
-0.393814635460634
-0.451595216715418
-0.509401226963169
-0.566691636962519
-0.622895615696897
-0.677419696664985
-0.729655516894435
-0.778988022395349
-0.824804024861221
-0.86650098719409
-0.903495910004856
-0.93523418771877
-0.961198301371046
-0.980916215648911
-0.993969350233878
-1
-0.998718085077374
-0.989907120112231
-0.973429302132816
-0.949229628123912
-0.917338966556398
-0.877876021522659
-0.831048143584695
-0.777150957722794
-0.716566795638371
-0.649761936864512
-0.577282680415159
-0.499750285799506
-0.417854838884397
-0.332348114052353
-0.244035519133417
-0.153767223455969
-0.0624285818520177
0.0290700216264901
0.119803777341958
0.208844360819191
0.295271005071411
0.378181585755649
0.456703569337403
0.530004675537673
0.597303108584079
0.657877217150203
0.711074450270215
0.756319485854865
0.79312141957693
0.821079914678362
0.839890227492297
0.849347038963437
