1
0.993536885961556
0.980702161940795
0.961677440759827
0.936731674916456
0.906217056340099
0.870563648134236
0.830272830959494
0.785909664941798
0.738094284654483
0.687492459563248
0.634805465108652
0.580759420134664
0.526094254491052
0.471552476217121
0.417867910669359
0.365754584241389
0.315895922938807
0.268934431052704
0.225462007604117
0.186011048226934
0.151046467876485
0.120958765388281
0.0960582346911889
0.0765704096561395
0.0626328104138731
0.0542930388028038
0.0515082497256905
0.0541460039273807
0.0619864863869148
0.0747260534776979
0.0919820516166006
0.113298830614099
0.13815485665559
0.165970813071905
0.196118562053959
0.227930827463556
0.260711448089309
0.293746042258196
0.326312918767305
0.357694065735216
0.387186048236185
0.414110647479598
0.437825078797404
0.457731632728051
0.473286592922152
0.484008296290042
0.48948421457713
0.489376952169362
0.483429072149838
0.471466681175144
0.453401723322505
0.429232953366832
0.399045580659631
0.363009595573129
0.321376811015908
0.274476671498108
0.222710901311915
0.166547081297847
0.106511260109988
0.043179720617694
-0.0228299651408043
-0.0908684484035066
-0.160264531151933
-0.23033535033032
-0.300396657173642
-0.369773029197286
-0.437807854172766
-0.503872929727263
-0.567377528986079
-0.627776791813209
-0.684579312546182
-0.737353808482173
-0.785734768536563
-0.829426998217793
-0.868208995074221
-0.901935107780373
-0.930536451736811
-0.954020574144181
-0.972469881657043
-0.986038863605065
-0.994950163071342
-0.999489566532479
-1
-0.996874635383833
-0.990549224875949
-0.981493793302891
-0.970203828428137
-0.957191116941166
-0.942974379228397
-0.928069858898815
-0.912982023390861
-0.898194529814007
-0.884161605515787
-0.871299985790069
-0.859981541770673
-0.85052672003834
-0.843198901995083
-0.838199775845819
-0.83566579731832
