1
0.991650227956385
0.975028052833333
0.950287336721002
0.91765669430865
0.877436909814495
0.829997544208684
0.775772775804757
0.715256526941723
0.648996938401506
0.57759026128372
0.501674243182543
0.421921091583465
0.339030102340932
0.253720044847462
0.16672139801405
0.0787685324218483
-0.00940806603466582
-0.0970894370047608
-0.183575559589083
-0.268192451610077
-0.350298871462418
-0.429292545732598
-0.504615852724652
-0.575760899848429
-0.642273941401664
-0.703759092481232
-0.759881304458079
-0.810368577504121
-0.855013395923435
-0.893673382368267
-0.926271177266815
-0.952793559811046
-0.973289836510196
-0.987869532476884
-0.996699429154153
-1
-0.998041302619286
-0.991138391883273
-0.97964632363052
-0.963954822541215
-0.944482690678151
-0.92167203496593
-0.895982392527237
-0.867884832319351
-0.837856109940418
-0.806372949844445
-0.773906525572475
-0.74091720404568
-0.707849614557299
-0.67512809693981
-0.643152576576292
-0.612294906584079
-0.582895709744392
-0.555261744707936
-0.529663812800469
-0.506335213511646
-0.485470748600938
-0.46722626681908
-0.451718733639583
-0.439026803232908
-0.429191863297757
-0.422219517381017
-0.418081464050512
-0.416717727800117
-0.418039192918977
-0.421930388785194
-0.428252473174212
-0.436846359213361
-0.447535931561582
-0.460131298227673
-0.47443202612771
-0.490230310975406
-0.507314035338293
-0.525469672606639
-0.544484999129807
-0.56415158178625
-0.584267013671911
-0.604636876314875
-0.625076412746072
-0.645411901768854
-0.665481729766747
-0.685137162262867
-0.704242823094176
-0.722676894392001
-0.740331055477215
-0.757110183202412
-0.77293184013249
-0.787725580188178
-0.801432103934928
-0.814002297545554
-0.82539619057543
-0.835581868053756
-0.844534372016775
-0.852234626505546
-0.858668418251696
-0.863825462821699
-0.867698582937443
-0.870283022102645
-0.871575912615009
