0.803516503772946
0.790491989657831
0.764631718393092
0.726310438223754
0.676083398845652
0.614678219884332
0.542984239776938
0.462039504928659
0.373015594345107
0.277200507285568
0.175979870346072
0.0708167453259587
-0.0367696601217662
-0.145226061019863
-0.252987613555047
-0.358500548136868
-0.460244580578123
-0.556754769002174
-0.646642493183299
-0.728615247025937
-0.801494953564948
-0.864234534927064
-0.915932496771823
-0.955845317405063
-0.983397465551064
-0.998188907154955
-1
-0.988793714769456
-0.964715161843362
-0.928088443969007
-0.879410895350232
-0.819344807043669
-0.748706776225851
-0.668454852327182
-0.579673685676614
-0.483557913668483
-0.381394045106437
-0.274541124913628
-0.164410478503335
-0.0524448475293494
0.0599027636961307
0.171190209218553
0.280006970362657
0.384994260328121
0.484864164319836
0.578417531755495
0.664560358088295
0.742318418747346
0.810849946228225
0.869456173002
0.917589597146338
0.95485986389131
0.981037194038965
0.996053328861672
1
0.993124971454176
0.975825738388965
0.948641003562058
0.912240086178381
0.867410449339867
0.815043560517712
0.75611932418834
0.69168934656862
0.622859308947233
0.550770738192076
0.476582470444588
0.40145210669171
0.326517756811039
0.252880361867116
0.181586873023684
0.113614549628259
0.0498566190907888
-0.00889048254825242
-0.0619380975892525
-0.108714399488475
-0.148771382354066
-0.181789692420661
-0.207581242627161
-0.226089588035041
-0.237388076631101
-0.241675826465243
-0.239271615494624
-0.230605804371576
-0.216210444181393
-0.196707750299556
-0.172797149631356
-0.145241131105415
-0.114850148058518
-0.0824668357770684
-0.0489498177222123
-0.0151573797037027
0.0180687076023598
0.0499189408846021
0.0796311423098641
0.106504567108796
0.129912820885064
0.14931536749037
0.164267432486702
0.174428134587024
0.179566707576689
