0.0523737631419263
0.0585660187377965
0.070847008927575
0.0890114270698015
0.11275562305022
0.141682695598409
0.175309150920751
0.213073017993837
0.254343286815249
0.298430514026667
0.344598420962651
0.392076292652003
0.440071972876948
0.487785240297989
0.534421344045746
0.579204474175673
0.62139094302998
0.660281857847274
0.69523507283976
0.725676220297998
0.751108634906265
0.771122003126605
0.785399589956426
0.793723918258098
0.795980800834632
0.792161652084531
0.782364033985126
0.766790419880023
0.745745188622001
0.719629890580639
0.688936855398113
0.654241238709364
0.616191630892529
0.575499374863221
0.532926761582674
0.489274290961481
0.445367201895596
0.402041488004162
0.360129625034785
0.320446241700963
0.283773967815108
0.25084969193438
0.222351455360291
0.198886200300949
0.180978577449584
0.169061002343369
0.163465130884939
0.164414902627241
0.172021276177655
0.186278754746477
0.207063771859024
0.234134978008045
0.267135439003215
0.305596726449608
0.348944850635984
0.396507956613439
0.447525675863447
0.501159999143173
0.556507511282884
0.612612806292956
0.668482881477044
0.723102292661649
0.775448839411389
0.824509539422481
0.869296645337499
0.908863455107849
0.942319668791588
0.968846050298256
0.987708162002973
0.998268953214183
1
0.992491213609932
0.975458857373743
0.948751737173097
0.91235545797938
0.866394668112849
0.811133243355637
0.746972394374596
0.674446712595677
0.594218201229323
0.507068369086941
0.413888494671623
0.315668196307638
0.213482470352279
0.108477383400128
0.00185462547042836
-0.105144850867746
-0.21125786591309
-0.315216472337937
-0.415765581196994
-0.511680493642235
-0.601784078310759
-0.68496333908418
-0.760185126550048
-0.826510758899847
-0.883109333986982
-0.929269533599743
-0.964409743384
-0.988086336936635
-1
