0.743455820803517
0.732932638723803
0.712040404450398
0.681085132317854
0.640520263563699
0.590940062828413
0.533070966675829
0.467761012445353
0.395967504139739
0.318743098071141
0.23722051424104
0.152596099566134
0.0661124857801589
-0.0209594021088809
-0.107338721738818
-0.191753203431552
-0.272957482966858
-0.349751008664874
-0.420995261333028
-0.485630036529115
-0.542688553228185
-0.591311171126376
-0.630757520186071
-0.660416870291152
-0.679816595662208
-0.688628617565115
-0.686673739386983
-0.673923819880914
-0.650501762808376
-0.61667933383855
-0.572872847899282
-0.519636801721711
-0.457655556600992
-0.387733204950765
-0.310781780628581
-0.227807996857822
-0.139898716513476
-0.0482053772652807
0.0460723916761479
0.141703713890551
0.237443717087139
0.332050834543152
0.424303900830915
0.513018791020959
0.597064361352304
0.675377461815021
0.746976806983784
0.810975510510909
0.866592110621247
0.913159938394207
0.950134707176794
0.977100229721684
0.993772199136699
1
0.995766546562004
0.981186175340927
0.956500649149302
0.922073358201694
0.878381831006199
0.826008692818277
0.765631232151556
0.698009755852362
0.623974930252697
0.544414319669036
0.460258343813052
0.372465882382257
0.282009758118303
0.18986232893201
0.096981415329775
0.00429678142708623
-0.0873026235507246
-0.176980471000296
-0.26396373122585
-0.347552069882816
-0.427125830806947
-0.502152498042182
-0.572191556021096
-0.636897694116194
-0.69602232972073
-0.749413452177516
-0.797013817794473
-0.838857553413155
-0.87506525209062
-0.905837668995023
-0.931448148206782
-0.952233931398688
-0.968586517016814
-0.980941253320202
-0.989766360229761
-0.995551583206125
-0.998796687197153
-1
-0.999647212158738
-0.998200634813223
-0.996089107831112
-0.993698738251002
-0.991364633751111
-0.989363777794229
-0.98790917258994
-0.987145353403317
