1
0.999724037830873
0.999151004469208
0.998239023693509
0.99692613082131
0.995131278602394
0.992755655811881
0.989684299596258
0.985787978409569
0.980925318496998
0.974945143394867
0.967688992869747
0.958993785158627
0.948694584333037
0.936627433121569
0.922632210607525
0.906555473883739
0.888253242998207
0.867593689356762
0.844459689149037
0.818751205309089
0.790387463982348
0.759308894408536
0.725478804501241
0.688884768158478
0.649539704418616
0.607482632921744
0.562779094683818
0.515521231872428
0.465827525020369
0.413842190857004
0.359734248608705
0.303696267151279
0.245942809724014
0.186708596975516
0.126246412848521
0.0648247811723863
0.00272544377192707
-0.0597593266198359
-0.12232954337202
-0.184680416149004
-0.246505316613719
-0.307498761579895
-0.367359375707618
-0.425792796528647
-0.482514485800878
-0.537252412901829
-0.589749578148322
-0.639766346536415
-0.687082565388449
-0.731499442723905
-0.772841166784126
-0.81095625098038
-0.845718592540146
-0.877028237235794
-0.904811846729899
-0.92902286919952
-0.949641417945781
-0.966673866595273
-0.980152173199042
-0.990132948980132
-0.996696290623018
-0.999944397794695
-1
-0.997004618872291
-0.991116693560621
-0.982509597979431
-0.971369579327016
-0.957893647452789
-0.942287444366262
-0.924763122445563
-0.905537258740149
-0.884828831197758
-0.86285728071226
-0.839840680625309
-0.815994032763684
-0.79152770630344
-0.76664603277204
-0.741546067383903
-0.716416523707922
-0.691436885443059
-0.666776695885419
-0.642595022561205
-0.619040091526842
-0.596249083049505
-0.574348077823727
-0.55345214059381
-0.533665526073463
-0.515081990413714
-0.497785190191994
-0.481849149997073
-0.467338779177265
-0.454310418207054
-0.442812395407209
-0.432885575415775
-0.424563881835818
-0.417874777857465
-0.412839690338272
-0.409474364792823
-0.407789140950955
