-1
-0.990735225258189
-0.972302304951136
-0.944893247167524
-0.908792956363756
-0.864375554237561
-0.812099556893145
-0.75250197755053
-0.686191439388018
-0.613840397170028
-0.536176578892045
-0.45397376958246
-0.368042068475253
-0.279217757874127
-0.188352927063751
-0.0963049975156254
-0.0039262963453508
0.0879461765006446
0.178500645489851
0.266959985079177
0.352590545265304
0.434710258381826
0.51269591977396
0.585989547893142
0.654103743616526
0.716625983988241
0.773221801861658
0.823636819843155
0.867697624237008
0.905311482102308
0.93646492178924
0.961221214160036
0.979716807863191
0.992156787272753
0.998809435797926
1
0.996103761134363
0.987538530199873
0.974756690188515
0.95823691487657
0.938475697106876
0.915978821034733
0.891252912234639
0.864797196911362
0.83709559677904
0.808609279549906
0.779769776523555
0.750972768630524
0.722572630628138
0.694877810163203
0.66814710431636
0.642586881254666
0.618349278983229
0.595531397153826
0.574175481713889
0.554270086119916
0.535752177149363
0.518510138271473
0.502387609317045
0.48718808804185
0.472680207312615
0.458603591241443
0.444675184813533
0.430595944527106
0.416057772398059
0.400750572449713
0.384369307553529
0.366620935221644
0.347231103656582
0.325950493985986
0.30256070106884
0.276879553443339
0.248765782756842
0.218122964211931
0.184902661993671
0.149106727106568
0.110788709324441
0.0700543598086594
0.027061216137853
-0.0179827232319911
-0.0648212129420821
-0.113152826293539
-0.162634821482664
-0.21288774439327
-0.263500691712478
-0.314037147294569
-0.364041295305721
-0.413044705890655
-0.460573283034122
-0.506154360041881
-0.549323825703237
-0.589633163756424
-0.626656289763402
-0.659996072885513
-0.689290435278718
-0.714217928809502
-0.734502697414887
-0.749918743550237
-0.760293428620791
-0.765510149889572
