1
0.995825095371016
0.987525101086886
0.975199004707372
0.958993690239048
0.939102045396572
0.915760477688889
0.88924587266945
0.859872035134425
0.827985660923757
0.793961893180827
0.758199522371327
0.721115893975684
0.683141591488982
0.64471496513816
0.60627657852194
0.568263646172894
0.531104534825698
0.495213399958491
0.460985026976846
0.428789943268189
0.398969863317751
0.371833524207419
0.347652963189936
0.326660282727267
0.309044941497231
0.294951602508517
0.284478561728772
0.277676772636456
0.274549473970221
0.275052419786833
0.279094702866662
0.286540154638881
0.297209297247393
0.310881816248037
0.327299515815974
0.346169712338734
0.367169016955263
0.389947453043232
0.41413285091327
0.439335459084126
0.465152709518672
0.491174073115001
0.516985941574042
0.542176472495706
0.566340336167025
0.58908330496226
0.610026629528968
0.628811149925946
0.645101094539517
0.658587524854538
0.66899138990925
0.676066160425109
0.679600019075675
0.679417590040657
0.675381197778581
0.667391651740233
0.655388560432619
0.639350184729923
0.619292846518805
0.595269914571216
0.567370394876694
0.53571715746458
0.500464835940712
0.461797439499583
0.419925720009442
0.37508433887377
0.327528879729682
0.277532753645835
0.225384043335451
0.171382332022141
0.115835561016983
0.0590569578252398
0.00136207375114616
-0.0569340334308304
-0.115519440051633
-0.174087792971919
-0.232340519071043
-0.289988789871689
-0.346755228378875
-0.402375350283465
-0.456598736726175
-0.509189940751051
-0.559929134313173
-0.608612507164038
-0.655052433045747
-0.699077422314632
-0.740531883327482
-0.779275717608959
-0.815183775937192
-0.84814520400598
-0.878062707227813
-0.904851764524191
-0.928439820611887
-0.948765485350433
-0.965777767192315
-0.979435365708719
-0.98970604559526
-0.996566111547803
-1
