0.713372684029724
0.71618006744443
0.721745568118814
0.729971262340584
0.740711778616189
0.753776093881168
0.7689298942655
0.785898471679401
0.804370120997484
0.823999996581718
0.844414381372642
0.865215316862883
0.885985538008395
0.906293653583171
0.925699509685218
0.943759672087866
0.960032961923109
0.974085978793939
0.985498545840976
0.99386901252479
0.99881935290806
1
0.997094360218189
0.989822956179885
0.977947150797632
0.961272410956232
0.939651074817427
0.912984592956652
0.881225220000476
0.844377140118048
0.802497016537143
0.755693962116829
0.704128934826095
0.648013568664551
0.587608457033955
0.523220911748076
0.455202226678638
0.383944480408103
0.309876917133963
0.233461949389896
0.155190829870546
0.0755790427317291
-0.00483853284142077
-0.0855126322680958
-0.165884732831019
-0.245392242630479
-0.323473695629412
-0.399573898175336
-0.47314897400958
-0.543671256998403
-0.610633983601202
-0.67355574037851
-0.731984625581328
-0.785502087993219
-0.833726410653322
-0.876315811804712
-0.912971140319469
-0.943438147879521
-0.967509325271158
-0.98502529521291
-0.995875759114883
-1
-0.997386948444809
-0.988074822765573
-0.972150358735766
-0.949747647831213
-0.921046606323264
-0.886271100449501
-0.845686755363935
-0.799598477590093
-0.748347722263797
-0.692309537558167
-0.631889419338594
-0.567520009314368
-0.499657669756367
-0.428778967262925
-0.355377097109833
-0.279958278450968
-0.203038149082678
-0.125138186690047
-0.0467821815007317
0.031507216871943
0.109211857864858
0.185821335458094
0.260836104829067
0.33377045657111
0.404155337113116
0.47154100610782
0.535499523552821
0.595627061242726
0.65154603479999
0.702907053978473
0.749390690165169
0.790709061015271
0.826607232942472
0.856864442754367
0.881295140081435
0.899749852411588
0.912115874529568
0.918317783994329
