0.476257136275265
0.481999138945008
0.493366727976629
0.510128949483814
0.531944040129095
0.558364946443308
0.588846549164775
0.622754479802545
0.659375391763213
0.697928525661914
0.737578388218851
0.777448346738068
0.816634926845757
0.854222590153773
0.889298760980979
0.920968867327012
0.948371161010234
0.970691085257166
0.987174965010574
0.99714280569729
1
0.995247759092871
0.982492104563747
0.961451279546218
0.931961462073946
0.893980689964406
0.847590934228418
0.792998286653202
0.730531256372822
0.660637199465826
0.58387693445018
0.500917624531131
0.412524034163044
0.319548292496566
0.222918319209411
0.123625088707572
0.0227089264170315
-0.0787549544091861
-0.179671455493104
-0.278940908045458
-0.375474466620487
-0.468209349082586
-0.556123692219097
-0.638250798870854
-0.713692562258795
-0.781631866302396
-0.841343776943477
-0.892205358548379
-0.933703971059794
-0.965443927364276
-0.987151415956436
-0.998677621011656
-1
-0.991221707543833
-0.972569182891786
-0.944387946702319
-0.907136680357712
-0.861379687333563
-0.807777860819209
-0.747078304437057
-0.680102773191789
-0.607735119380112
-0.53090794283723
-0.450588656363572
-0.367765185291125
-0.283431524792772
-0.198573379645156
-0.114154108716458
-0.0311011905121533
0.0497065832238586
0.127450991432511
0.201385166378842
0.270843114591242
0.335247836559051
0.394117928666603
0.447072575636272
0.493834867924214
0.534233405641013
0.568202178221464
0.595778736801601
0.617100703634639
0.632400689454778
0.641999715056201
0.646299257091354
0.645772059831415
0.640951874028634
0.632422300768644
0.620804932037108
0.606746990432168
0.590908677865232
0.573950447093461
0.55652041045848
0.539242097263058
0.522702764852358
0.507442458784734
0.493944004638046
0.482624098210394
0.473825642395441
0.467811458141437
0.464759473977116
