-0.365108350139549
-0.357001859832
-0.340891726064855
-0.316982154184302
-0.285575754099072
-0.2470691659316
-0.20194733213397
-0.15077650360978
-0.0941960866824347
-0.0329094553856145
0.0323261307515115
0.100710349737294
0.171411216159273
0.243576882866586
0.316347666062958
0.388868111503622
0.460298919245001
0.5298285469849
0.596684317410841
0.660142863058468
0.719539752842075
0.774278157486181
0.823836426354155
0.867774465396181
0.905738824852812
0.937466425654242
0.962786874829724
0.981623342350461
0.993991994325434
1
0.999842152218452
0.993796162555924
0.982216712864925
0.965528364196143
0.944217441641885
0.918823029339322
0.889927223415485
0.858144801846395
0.824112478865862
0.788477917562296
0.751888677553173
0.71498127507909
0.678370530508889
0.642639373134992
0.608329265347793
0.575931397936128
0.54587879553383
0.518539456324103
0.494210633261955
0.473114345549074
0.455394189189784
0.441113494487842
0.430254856644481
0.422721043532629
0.418337262600709
0.416854747052148
0.417955600299018
0.421258817534455
0.42632738442739
0.432676335712197
0.439781641097185
0.447089772691389
0.454027797257269
0.460013828208889
0.464467666522572
0.466821456699738
0.466530183666149
0.463081839011087
0.456007090222629
0.444888294477014
0.42936770896459
0.409154762515906
0.384032268225674
0.35386147362212
0.318585863426898
0.278233649802617
0.232918905875933
0.182841319922715
0.128284569565362
0.0696133373126782
0.00726901042132488
-0.0582358709683911
-0.12632433350322
-0.196362755532185
-0.267669597680737
-0.339524944363387
-0.4111807085082
-0.481871341094998
-0.550824878941428
-0.617274158636578
-0.680468021708385
-0.739682336063275
-0.794230661455378
-0.843474392185165
-0.886832218307722
-0.92378875722123
-0.953902220439164
-0.976810995420856
-0.992239039305876
-1
