1
0.99723491024034
0.991734020004994
0.983555385281015
0.972784792891704
0.959534229776031
0.943939884670819
0.926159717813578
0.906370642040016
0.884765365668569
0.861548953724661
0.836935169253538
0.811142660612211
0.784391063645485
0.756897089483864
0.728870669317764
0.700511226888243
0.672004147595352
0.643517510087344
0.615199142003695
0.587174056267523
0.5595423180425
0.532377385286169
0.505724957861893
0.479602361544899
0.453998484114866
0.428874271218376
0.404163779965997
0.379775778461762
0.355595869809892
0.331489109766303
0.307303078258504
0.282871356638561
0.25801735490261
0.232558426338752
0.206310201271489
0.179091066858325
0.150726716349047
0.121054688908288
0.089928820075363
0.0572235232197733
0.0228378239527329
-0.0133009276399105
-0.0512337379058388
-0.0909671092548844
-0.132470697569853
-0.1756755389039
-0.220472888484082
-0.266713705756357
-0.314208809264912
-0.362729714711219
-0.412010158747594
-0.461748300095086
-0.511609578608511
-0.561230202116396
-0.610221220412516
-0.658173135836728
-0.704660990616875
-0.749249862702266
-0.791500694342257
-0.830976371276219
-0.86724796521288
-0.899901048379014
-0.928541986381227
-0.952804114501368
-0.972353702864959
-0.986895617690275
-0.996178589027981
-1
-0.998210118482115
-0.990715699367512
-0.97748289389777
-0.958539411935234
-0.933975893341234
-0.903946455668426
-0.868668397010728
-0.828421044908986
-0.783543754505388
-0.734433071491176
-0.681539087614839
-0.6253610284274
-0.566442124357286
-0.505363826955845
-0.442739442071618
-0.379207260644683
-0.315423275623605
-0.252053580075396
-0.189766546779926
-0.129224893391496
-0.0710777395495495
-0.0159527630883224
0.0355514382851914
0.0828726757977567
0.125492088687823
0.162940558635523
0.194804531304118
0.220731164720715
0.240432733367266
0.253690227038199
0.260356094600156
