0.113494636539986
0.104396652101735
0.0863450991420327
0.0596266703870458
0.0246660890643069
-0.0179801812767061
-0.0676321770256647
-0.123496502027789
-0.18467807235689
-0.25019336345008
-0.318984962465371
-0.389937209467909
-0.461892695073115
-0.53366936971493
-0.604078010949821
-0.671939790280703
-0.736103679958757
-0.795463443105216
-0.848973957239027
-0.895666631790742
-0.934663694261226
-0.965191137124505
-0.986590138104669
-0.998326789757812
-1
-0.991347452943705
-0.972249548710092
-0.942731271322153
-0.902961964886138
-0.853253029559713
-0.794053579806204
-0.725944137672687
-0.649628462845809
-0.565923648593506
-0.475748637980597
-0.380111337571966
-0.280094525868288
-0.176840770659685
-0.0715365830847218
0.0346039537493721
0.140355837334291
0.244499832625896
0.345838947457627
0.4432144556384
0.535521235409606
0.621722202977395
0.700861636178353
0.772077201725358
0.834610520615682
0.887816129823771
0.931168723968513
0.964268587831385
0.986845158975862
0.998758688831508
1
0.990688366754331
0.971067574280656
0.941500239710698
0.902460503986151
0.854525227685518
0.798363845760308
0.734727055341131
0.664434527096874
0.588361843820883
0.507426879786586
0.422575840824098
0.334769187937881
0.244967666588301
0.154118659529088
0.0631430734160698
-0.0270770415771833
-0.115709953989283
-0.201984626952188
-0.285199859058842
-0.364732063330291
-0.44004158105792
-0.510677452451811
-0.576280592260061
-0.636585345405515
-0.69141942477687
-0.740702260169287
-0.784441813559903
-0.822729941002421
-0.855736405027854
-0.883701663166535
-0.906928577712308
-0.92577320882285
-0.94063486722208
-0.95194561391933
-0.960159402312813
-0.965741062682006
-0.969155330328935
-0.970856116491403
-0.971276215666876
-0.970817634253081
-0.969842713582722
-0.968666205707479
-0.967548442920194
-0.966689722286259
-0.966226004716367
