0.246744681934675
0.251740943283212
0.261664832536012
0.276380101319112
0.295684907549305
0.319314807991554
0.346946675717327
0.378203481690601
0.412659866326248
0.449848414648939
0.489266537821421
0.530383854479557
0.572649957654205
0.615502447196896
0.65837510364903
0.700706077464968
0.741945967449218
0.781565664196978
0.819063838204567
0.853973958079864
0.885870731841307
0.9143758735275
0.939163108101751
0.95996233975677
0.976562922012565
0.988815982245214
0.996635768260739
1
0.998949225183194
0.993585193427774
0.984068278853341
0.970613996176773
0.953488669564242
0.933004326818564
0.909512903630804
0.883399853422454
0.855077267578743
0.824976618478591
0.79354124354266
0.761218692456544
0.72845306171952
0.695677440689637
0.663306591343267
0.631729980073026
0.601305274074217
0.572352407308434
0.545148311803631
0.519922399299281
0.496852866143623
0.476063881089137
0.457623701422603
0.441543747932355
0.427778653794407
0.416227286795231
0.406734728650453
0.39909517977362
0.393055742941864
0.388321025131947
0.384558483585829
0.381404430119084
0.378470596999697
0.375351158568677
0.371630095293398
0.366888781258801
0.360713672301636
0.352703970139883
0.342479137973968
0.329686145137527
0.314006322421332
0.295161715621954
0.272920832584275
0.247103688393429
0.21758606428006
0.184302908061721
0.147250817360279
0.10648956119945
0.0621426106721255
0.0143966649365337
-0.0364998253914735
-0.0902391195847885
-0.146457599486
-0.204740085084083
-0.264624990254452
-0.325610242603055
-0.387159879205474
-0.44871121925112
-0.509682505361292
-0.569480897794233
-0.627510700000121
-0.683181690135739
-0.735917431253801
-0.785163432976486
-0.830395039546189
-0.871124923186883
-0.906910067644628
-0.937358134512838
-0.962133114366701
-0.980960175684122
-0.993629636846622
-1
