-1
-0.986251393504234
-0.958946462592192
-0.918466969802435
-0.865378596957119
-0.800422707917925
-0.724505558902277
-0.63868511823808
-0.5441556932063
-0.442230594366791
-0.334323096984092
-0.221925984421137
-0.106589979266299
0.0100986158133982
0.126540734186778
0.241147478803343
0.352362832571286
0.458685809092718
0.55869171651171
0.651052221423385
0.734553918720201
0.808115136615914
0.87080073352192
0.921834674525181
0.960610209447181
0.986697511316197
0.999848672988039
1
0.987271578914262
0.961964141764235
0.924553288122304
0.875681166130564
0.816145751965838
0.74688790306245
0.668976393443679
0.583591169213056
0.492005088180467
0.395564429355581
0.295668475308601
0.193748482922524
0.0912463656632392
-0.0104065869276383
-0.109810629280241
-0.205617803605954
-0.296551204006391
-0.381422974382983
-0.459150774978733
-0.528772477732118
-0.589458879578833
-0.640524254934136
-0.681434603312966
-0.711813484843167
-0.731445374714447
-0.740276506775757
-0.738413215928303
-0.726117828039545
-0.703802184212005
-0.672018922783287
-0.631450676840575
-0.58289737676958
-0.527261875933823
-0.465534142555895
-0.398774281866812
-0.328094669285883
-0.2546414875435
-0.179575968087745
-0.104055639722882
-0.0292158851904047
0.0438479006244581
0.114097268866351
0.180566525414404
0.242377144596803
0.298750566565275
0.349019184592765
0.392635359159281
0.42917832877996
0.458358922566735
0.480022015931435
0.494146708043858
0.500844237052378
0.500353686054081
0.493035568771636
0.47936341827764
0.459913534353409
0.435353074662717
0.406426701390171
0.373942017918018
0.338754049131308
0.301749033749988
0.263827807456443
0.225889061358694
0.188812761417807
0.153444010863373
0.120577629389425
0.0909437102052963
0.0651943990247443
0.0438921180936453
0.0274994337276833
0.0163707379610698
0.0107458842520394
