-0.328946719204293
-0.328758738012083
-0.328377443525275
-0.327792160712442
-0.326986851612137
-0.325940089420577
-0.324625031458963
-0.323009397217588
-0.321055458921095
-0.318720053113912
-0.315954622596619
-0.312705298627337
-0.308913033616075
-0.304513794569026
-0.299438827273997
-0.293615000653801
-0.286965239853404
-0.279409055477393
-0.270863174970936
-0.261242280460152
-0.250459855462068
-0.238429140771208
-0.225064197564531
-0.210281073378597
-0.193999064145503
-0.176142062972904
-0.156639983866081
-0.135430246165196
-0.112459303157734
-0.0876841961729887
-0.0610741135193303
-0.0326119319305205
-0.00229571678592211
0.0298598437012831
0.0638220958410627
0.0995391951981708
0.136939024431649
0.175928279451334
0.216391748140322
0.258191804494675
0.301168139202598
0.345137745437984
0.389895175998323
0.43521308490197
0.480843063209106
0.526516775185096
0.571947397030806
0.616831356313672
0.660850366001892
0.703673742692059
0.744960994290492
0.784364658124836
0.821533366290824
0.856115111044444
0.887760679296549
0.916127221816982
0.940881919667578
0.961705707712702
0.978297012852041
0.990375462927169
0.997685521108223
1
0.99712340973997
0.988895095008079
0.975192117134973
0.955931839377752
0.931074175917979
0.900623468203982
0.864629955878296
0.823190813662807
0.77645073017238
0.724602009638541
0.667884182887701
0.606583119567013
0.541029639473915
0.471597626847307
0.398701657540819
0.322794155041456
0.244362097239151
0.163923301613724
0.0820223220064675
-0.000774004692204011
-0.0838813188526666
-0.166702758048824
-0.248634185529276
-0.329069572966327
-0.407406480726968
-0.483051577084693
-0.555426136675646
-0.623971458118026
-0.68815414107052
-0.74747116410489
-0.801454706600364
-0.849676660414146
-0.89175278031423
-0.927346426039481
-0.956171853330484
-0.977997016297577
-0.992645848996726
-1
