1
0.994585308433289
0.983817336488827
0.96781799669848
0.946767897435569
0.920903669915729
0.890514469381259
0.855937705016888
0.817554065152288
0.775781915265615
0.731071156040178
0.683896637089866
0.634751228826491
0.584138660185841
0.532566233476809
0.480537529413553
0.428545215406593
0.37706406842496
0.326544320226333
0.27740542754129
0.230030362974039
0.184760514053292
0.141891268165176
0.101668350178623
0.0642849676053818
0.0298798053108316
-0.00146410168911026
-0.0297196027323
-0.0549147728475871
-0.0771313745991146
-0.0965024680290328
-0.113209209761788
-0.127476895146756
-0.139570309268905
-0.149788463560427
-0.158458804427665
-0.165930988614037
-0.172570326819896
-0.178751002286758
-0.184849174544208
-0.191236080257769
-0.198271243077693
-0.206295902572523
-0.215626768766132
-0.226550203539065
-0.239316923287602
-0.254137308865518
-0.271177399096365
-0.290555633192305
-0.312340395422194
-0.336548402526502
-0.363143960883009
-0.392039106498519
-0.423094626758495
-0.45612194873259
-0.490885864933119
-0.527108053976036
-0.564471340812863
-0.60262462929001
-0.641188428938031
-0.679760888269854
-0.717924238626934
-0.755251545886776
-0.791313662241702
-0.825686266858741
-0.857956882589196
-0.887731756040692
-0.914642490253543
-0.938352322907749
-0.958561948370062
-0.975014788888533
-0.987501628745641
-0.995864535057391
-1
-0.999861251383924
-0.99545969148648
-0.986865437695136
-0.974206952589262
-0.957669765377382
-0.937494300885023
-0.913972846330217
-0.887445699708673
-0.858296556524362
-0.826947203640391
-0.793851599999577
-0.759489433700994
-0.724359253264054
-0.688971277733592
-0.65383999546977
-0.619476664943072
-0.586381832561716
-0.555037982468738
-0.525902431359346
-0.49940057771476
-0.475919609483071
-0.455802767244293
-0.439344251384695
-0.426784851907713
-0.418308368379898
-0.414038875324661
