0.110691866065235
0.111478088894598
0.11307003594256
0.11550617283621
0.118842865186259
0.123152807156666
0.128522972324902
0.135052125339634
0.142847941268525
0.152023787117501
0.162695226664031
0.17497631536571
0.188975756583791
0.204792993620117
0.222514314045854
0.242209043463403
0.263925905172339
0.287689620211581
0.313497818950701
0.341318330852153
0.371086913293049
0.402705473509181
0.436040829913118
0.47092405036651
0.507150395593232
0.544479885955873
0.5826384994447
0.621319998114194
0.660188369521029
0.69888085914416
0.737011559476996
0.774175511643943
0.80995326617327
0.843915841110043
0.875630008120284
0.904663830749678
0.930592373670188
0.953003497670951
0.971503652401181
0.985723577506964
0.99532382285355
1
0.999487679981395
0.993566856719964
0.982065900973098
0.964864936554648
0.941898578537189
0.913157982139716
0.878692160892913
0.838608543303601
0.793072748449419
0.742307572552387
0.686591190426711
0.626254587588251
0.561678250565175
0.493288154377429
0.421551097076642
0.346969441485165
0.270075333679763
0.191424476181128
0.111589541098746
0.0311533145224023
-0.0492983318536315
-0.129183542619788
-0.207931553016986
-0.284989634479697
-0.359829811326668
-0.431955251359898
-0.500906237407691
-0.56626563254962
-0.627663758809125
-0.684782617391582
-0.737359387960654
-0.78518915484441
-0.828126819290572
-0.866088168779145
-0.899050086772081
-0.927049898946845
-0.950183864732006
-0.968604835644521
-0.982519114326949
-0.992182560109493
-0.997895998193782
-1
-0.998869111675611
-0.994905616086746
-0.988532920673444
-0.980188669237687
-0.97031767995952
-0.959364814634695
-0.947767885253711
-0.935950703577155
-0.924316377310519
-0.913240952872121
-0.903067499632927
-0.894100723962799
-0.886602193541424
-0.880786243301953
-0.876816624207769
-0.874803944970798
