-0.797187550574869
-0.793866312152348
-0.787225740471941
-0.777269888493802
-0.764005436783372
-0.747442399693205
-0.727595041947937
-0.704482984786416
-0.678132476310679
-0.648577796641066
-0.615862764954274
-0.580042312551406
-0.541184083821227
-0.499370025374053
-0.454697922756595
-0.407282844038098
-0.357258450191062
-0.304778133570979
-0.250015947911177
-0.193167296061247
-0.13444934516854
-0.0741011430787211
-0.0123834143494373
0.0504219806422936
0.114012934545146
0.178068335105697
0.242249659767159
0.306202916012991
0.369560914588006
0.431945856740651
0.492972210838998
0.552249848218033
0.609387403011454
0.663995816096215
0.715692019214138
0.764102711905344
0.808868181156604
0.849646111686831
0.886115333602972
0.917979453791206
0.944970317876651
0.966851250891935
0.98342002693056
0.994511521000482
1
0.999801014161924
0.993872855392123
0.982217554592365
0.96488139622318
0.941954934939561
0.913572506023135
0.879911228435586
0.841189506522196
0.797665043591637
0.749632387678075
0.697420036644816
0.641387136308452
0.581919811346492
0.519427174303677
0.454337062943935
0.387091560426672
0.318142356248637
0.247946008527946
0.176959169969671
0.105633840710281
0.034412711172523
-0.0362753429314343
-0.106019553223216
-0.174431281489584
-0.241147718968371
-0.305835212806732
-0.368192175624125
-0.427951539995688
-0.484882726138057
-0.538793098034656
-0.589528890578701
-0.636975597930906
-0.681057821071972
-0.721738580361271
-0.759018106675369
-0.792932132276799
-0.823549709840468
-0.850970594932658
-0.875322233591558
-0.896756402402451
-0.915445553507381
-0.931578921261523
-0.945358450680894
-0.956994610365589
-0.96670215418994
-0.97469589670032
-0.981186566841782
-0.986376803349924
-0.990457352912488
-0.993603529058879
-0.995971985721324
-0.997697854588535
-0.9988922898132
-0.999640457421595
-1
