-0.489771273026133
-0.47901356566011
-0.457655653869011
-0.426010164224387
-0.384540125047226
-0.333851974861854
-0.27468640911981
-0.207907206474081
-0.134488207025802
-0.0554986434184742
0.0279129490246977
0.114535995130417
0.203116049752894
0.292373594994944
0.381023175639454
0.467792578731478
0.551441762901222
0.630781247247722
0.70468967834334
0.77213030703099
0.832166123961475
0.883973423984661
0.9268535942318
0.960242948617987
0.98372046211493
0.9970132910138
1
0.992711452653345
0.975329358407294
0.948182505478993
0.911740745246836
0.866606828441529
0.813506226784809
0.753275104837821
0.686846635322955
0.6152358766152
0.53952345306623
0.460838296986227
0.380339725184256
0.299199132741898
0.218581592018607
0.139627645682701
0.0634355788221534
-0.00895555302108952
-0.0765818755960865
-0.138569379849752
-0.194147110923577
-0.242658659250996
-0.283571778002784
-0.316485981085322
-0.341138008099554
-0.357405076606722
-0.365305877183274
-0.364999302526317
-0.356780937727343
-0.341077374200097
-0.318438444070545
-0.289527504572697
-0.255109932628236
-0.216040017839371
-0.173246467152804
-0.127716756066213
-0.0804805791094985
-0.0325926661630976
0.0148847592392158
0.0608995982824212
0.104427289852528
0.144487739816123
0.180161496447599
0.210604914295526
0.235064065296828
0.252887176274929
0.263535395769947
0.266591720064346
0.261767937856559
0.248909484826181
0.227998132821007
0.199152473045688
0.162626187893135
0.118804141372727
0.0681963528931893
0.0114299529003066
-0.0507607489847698
-0.117545922641472
-0.188013414797779
-0.26118327246762
-0.33602335885849
-0.411465810829392
-0.486424073687583
-0.559810240039579
-0.630552414699374
-0.697611827378298
-0.759999419038798
-0.816791636320866
-0.867145181208042
-0.910310479885237
-0.945643655285276
-0.972616811797037
-0.990826467633262
-1
