1
0.99489248645386
0.984751096735282
0.969721895121996
0.950020971565609
0.925930888802569
0.897796035671721
0.866016962337493
0.831043789734223
0.793368800678911
0.75351833350308
0.712044110513053
0.669514142916806
0.626503360903164
0.583584122210897
0.54131675470448
0.50024028814297
0.460863527491574
0.423656614825189
0.389043219191961
0.357393483863386
0.329017848352514
0.304161848624013
0.283001983270535
0.265642716337609
0.252114669215976
0.242374034876833
0.236303228007053
0.233712764622911
0.234344344821496
0.237875092787653
0.243922889324087
0.252052714315905
0.261783899965453
0.272598180606098
0.283948411667605
0.295267819135686
0.305979631807531
0.315506941942293
0.323282635652428
0.328759232651563
0.331418475800217
0.330780514264906
0.326412529980953
0.317936665397167
0.305037121055283
0.287466304256322
0.265049924693191
0.237690949256731
0.205372345996214
0.168158566157106
0.126195733031668
0.0797105267304297
0.0290077745939945
-0.0255332225100314
-0.0834635776452486
-0.144270849273964
-0.207386128638356
-0.272192077937936
-0.338031798763649
-0.404218396672642
-0.470045096275497
-0.534795751945467
-0.597755592397854
-0.658222033040411
-0.715515388236848
-0.768989316488363
-0.818040835015452
-0.862119746265037
-0.900737327387646
-0.933474144597796
-0.959986867383012
-0.98001397256373
-0.993380244996701
-1
-0.999878972075882
-0.993114834916687
-0.979896338682507
-0.960501071811072
-0.935291875829552
-0.904711962454495
-0.869278802365353
-0.829576874105267
-0.786249379302004
-0.739989046534553
-0.691528160444004
-0.641627964876849
-0.591067598762914
-0.540632730912085
-0.491104064845039
-0.443245887074091
-0.39779483188265
-0.355449032618891
-0.316857823865684
-0.282612150660049
-0.253235830336484
-0.229177799721742
-0.210805465511819
-0.198399258944327
-0.192148477599111
