0.727006160795505
0.72176649326528
0.711364722530273
0.695954870342614
0.67576521806371
0.651095049651349
0.622310382447188
0.589838747336514
0.554163093515821
0.515814905653154
0.475366632476452
0.433423535610837
0.390615075664055
0.347585959011069
0.30498697336172
0.263465742943975
0.223657534963032
0.186176247895495
0.151605709169249
0.120491404913384
0.0933327578162599
0.0705760608077857
0.052608164413515
0.0397510043653482
0.0322570435691816
0.0303056890143996
0.0340007298691087
0.0433688280557396
0.0583590772697733
0.0788436309203862
0.104619384067801
0.135410679337829
0.170872992233657
0.210597537453438
0.254116724962426
0.300910382847539
0.350412653569548
0.402019461271832
0.455096440430434
0.508987210438452
0.563021876783343
0.616525637345487
0.668827372039904
0.719268095531579
0.767209156042067
0.812040068267386
0.853185875055252
0.890113940629512
0.922340087664767
0.949434001247777
0.971023834539842
0.986799963586163
0.996517852002923
1
0.997136966151254
0.987887464287501
0.972277551643203
0.950398937725235
0.922406456087168
0.888514753093425
0.848994258666165
0.804166513763051
0.75439893779424
0.700099126232079
0.641708774200085
0.579697325776741
0.514555451068094
0.446788453770795
0.376909710970704
0.305434244333885
0.232872517705019
0.159724550515806
0.0864744294282906
0.0135852924226121
-0.0585051497688064
-0.129388500215125
-0.198688926652486
-0.266065744538228
-0.331215312094027
-0.393872229229735
-0.453809844298331
-0.51084008445794
-0.564812636814547
-0.615613518302021
-0.663163082248959
-0.707413518623121
-0.748345912889256
-0.78596693513874
-0.820305236544989
-0.851407634184519
-0.879335167781331
-0.904159112948245
-0.925957035004279
-0.944808965459039
-0.960793779814882
-0.973985850511509
-0.98445204271443
-0.992249113339252
-0.99742156533802
-1
