-0.831427700981234
-0.822583891333005
-0.805049120741162
-0.779126551456468
-0.745264629930622
-0.704049644573407
-0.65619599092036
-0.602534301616548
-0.543997633204952
-0.48160593322352
-0.41644903905891
-0.349668483929898
-0.282438404895711
-0.215945862590529
-0.151370892236287
-0.0898666102218135
-0.0325397000784859
0.0195684039650661
0.0654993284176035
0.104394275204302
0.135508968221183
0.158226785140392
0.172069856564026
0.176707946870136
0.171964966353849
0.15782300198046
0.134423793637958
0.102067623575593
0.0612096280949448
0.0124535818625562
-0.0434567542183548
-0.105648591451405
-0.17313321079681
-0.244820997433469
-0.319538179105654
-0.396045007147173
-0.473055095396904
-0.549255613022262
-0.62332801286225
-0.693968967524386
-0.759911181275728
-0.819943746831247
-0.872931722453699
-0.917834616245565
-0.953723480961561
-0.979796343846706
-0.995391721582067
-1
-0.993272491351607
-0.975028018052962
-0.945256910437285
-0.904122346491751
-0.851959003224455
-0.789269031533643
-0.716715408572682
-0.63511276295612
-0.545415808082014
-0.4487055567223
-0.346173525257207
-0.239104167943175
-0.128855809898405
-0.0168403716157502
0.09549780261583
0.206703685296361
0.315333538623187
0.4199767787036
0.519277391054612
0.611954563703093
0.696822215765364
0.772807116011914
0.838965307354949
0.894496579103717
0.938756758813821
0.971267629146387
0.991724311828897
1
0.996147961314741
0.980400776542619
0.953166821346939
0.915024041818244
0.866711116476137
0.809116138192596
0.743262988187536
0.670295610297229
0.591460426552389
0.508087164209903
0.421568389302542
0.33333806211257
0.244849445417281
0.157552706652923
0.0728725601347568
-0.00781370492562639
-0.0831974706454867
-0.152058982055364
-0.213286171362057
-0.265891823286068
-0.309028815492962
-0.342003197909588
-0.364284908172004
-0.375515957070871
