-0.375564548412752
-0.371139024320621
-0.362369812103883
-0.349419106200543
-0.332526529755995
-0.312004802639845
-0.288234081278101
-0.261655067104368
-0.232761001604164
-0.202088685148975
-0.170208673772186
-0.137714822445534
-0.105213355031114
-0.0733116497147229
-0.0426069342239492
-0.0136750874025712
0.012940257292628
0.036738115076367
0.0572698760764285
0.0741481812675964
0.0870547883156514
0.0957472837414304
0.100064516460049
0.0999306485506473
0.0953577417340392
0.086446822115845
0.0733873909026626
0.0564553746119714
0.0360095343541764
0.0124863796437393
-0.0136063425264491
-0.0416974883511406
-0.0711615697745253
-0.101328880045628
-0.131496534448325
-0.160940251927145
-0.188926689605099
-0.214726131434777
-0.237625324627128
-0.256940253201846
-0.272028637085099
-0.282301947676486
-0.287236736695343
-0.286385084319887
-0.279383985021631
-0.265963504890453
-0.245953562413072
-0.219289205334489
-0.186014279082407
-0.146283406917118
-0.100362228101537
-0.0486258675612655
0.00844436170218721
0.0702659942070396
0.136162128642382
0.205369741604366
0.277049488557762
0.35029685781526
0.424154520911338
0.497625702626221
0.56968837641617
0.639310076416417
0.705463105745957
0.767139912753528
0.823368402244752
0.873226947710511
0.915858873169648
0.950486179422389
0.97642229920538
0.993083678811444
1
0.996822875240612
0.983332871218576
0.959444739761618
0.925210761557216
0.880822135825329
0.826608378070361
0.763034717718605
0.690697517400304
0.610317765400646
0.52273272192469
0.42888582784957
0.329815011141036
0.226639550680806
0.120545679505082
0.0127711290470442
-0.095411167399178
-0.202709980379555
-0.307833057577261
-0.409504516781818
-0.506482107955822
-0.597574094927118
-0.681655512079795
-0.757683559938989
-0.824711915619149
-0.881903749554948
-0.928543258528925
-0.964045546471994
-0.987964708519974
-1
