0.695368235032573
0.695417378112427
0.695489071137127
0.695530797751868
0.69546544523373
0.695193262549317
0.694594411586209
0.693532061890263
0.691855968475404
0.689406462567656
0.686018776673041
0.681527618271624
0.675771900865806
0.66859953715343
0.659872196831597
0.649469931012898
0.637295566470846
0.623278775914157
0.607379735179724
0.589592284561689
0.56994651936143
0.548510744026423
0.525392734796278
0.500740267421157
0.474740879071351
0.447620846810528
0.419643378740077
0.391106027908927
0.362337353088146
0.333692864295867
0.305550304291352
0.278304329908702
0.25236066885172
0.228129838216062
0.206020520353664
0.186432699578343
0.16975066948355
0.15633602518204
0.146520757488503
0.140600566884721
0.138828513997561
0.141409120279108
0.1484930276326
0.160172318935846
0.176476592863856
0.197369876221976
0.222748445314702
0.252439614863588
0.286201538842729
0.323724052534768
0.364630569352818
0.408481029766033
0.454775883259646
0.502961067910334
0.552433936122326
0.602550059603315
0.652630832009883
0.701971774096992
0.749851433887453
0.795540763539913
0.838312845420423
0.877452832531944
0.912267963059507
0.942097505448468
0.966322489220706
0.984375077687446
0.995747441843653
1
0.996768895063581
0.985772590724897
0.966817479021955
0.93980240467916
0.904722026078473
0.861668948507933
0.810834582221523
0.752508695589969
0.68707765196526
0.615021337552967
0.536908806309795
0.453392686381059
0.365202410587542
0.273136350693622
0.178052951378721
0.0808609747469309
-0.017491020382442
-0.116025828463025
-0.213749230741452
-0.309661958800589
-0.402771829022539
-0.492105885532277
-0.576722388163167
-0.655722483305929
-0.728261399150924
-0.793559012764038
-0.850909644568441
-0.899690946024815
-0.939371758466899
-0.969518834983477
-0.989802332742089
-1
