0.813158963110425
0.81023140968856
0.804427689823301
0.795849757901374
0.784648509178321
0.771021371277855
0.755209150760052
0.737492183240455
0.718185846248091
0.697635503805502
0.676210960447856
0.654300509936864
0.632304670153214
0.610629700473295
0.589681001278787
0.56985649706066
0.551540104835598
0.535095388289913
0.520859495225238
0.509137471546612
0.500197039275297
0.494263918975929
0.49151776867091
0.492088801904032
0.496055137256135
0.503440920469103
0.514215248573269
0.528291913219262
0.545529967977028
0.565735111873918
0.588661869092861
0.614016532730619
0.641460829009388
0.670616247518781
0.701068973104633
0.732375346067645
0.764067769524289
0.795660976232248
0.826658561990772
0.856559688969234
0.884865860048855
0.911087664513956
0.934751396207138
0.955405447551004
0.972626386597143
0.986024629428365
0.995249626727878
0.999994491034258
1
0.995057920723702
0.985013610776672
0.969767862727019
0.949277970601839
0.923558008638054
0.89267832466823
0.856764262381981
0.815994138311192
0.770596510528205
0.720846786548193
0.667063227628605
0.609602415411397
0.54885425452479
0.485236591234952
0.419189533418074
0.351169560934313
0.281643517873327
0.211082579075727
0.139956282807829
0.068726719494056
-0.00215703696975067
-0.0722641735274026
-0.141186982097515
-0.208545234891306
-0.273990030475058
-0.337207059251521
-0.397919246905457
-0.455888744826525
-0.510918247417138
-0.562851627336706
-0.611573890946495
-0.657010467320108
-0.69912585499467
-0.737921660983638
-0.773434076288232
-0.805730841075741
-0.834907760697422
-0.861084840669742
-0.884402114530885
-0.905015243019284
-0.923090966232752
-0.938802492266784
-0.952324906273057
-0.963830682920232
-0.973485382898434
-0.981443610427536
-0.987845303771178
-0.992812424606985
-0.996446104862069
-0.99882430141224
-1
