1
0.996461431888742
0.989440653072033
0.979049372601023
0.965452656715506
0.948865979539321
0.929551369004412
0.907812713485911
0.883990308960435
0.858454739517686
0.831600195546436
0.803837343689895
0.775585870559684
0.747266828080144
0.719294912105709
0.692070807548196
0.665973732637835
0.641354312127137
0.618527904271595
0.597768499361962
0.579303298549769
0.56330807084314
0.549903373626252
0.539151708072484
0.531055665602027
0.525557105323503
0.522537385456751
0.521818654333462
0.523166188995017
0.526291751937544
0.530857919476754
0.536483318797801
0.542748695286713
0.549203717463826
0.555374413991798
0.560771126024736
0.564896848788299
0.567255828892647
0.567362278608273
0.564749065273495
0.558976233210792
0.549639217030448
0.536376608980773
0.518877349014511
0.496887214395701
0.470214495849943
0.438734759311397
0.402394606058844
0.361214359250461
0.315289621327986
0.2647916642105
0.209966632364425
0.151133557435364
0.0886812018672518
0.0230637675196044
-0.0452044765693206
-0.115555575724849
-0.187375192547738
-0.260010728148048
-0.332780145060971
-0.404981363351175
-0.475902091491599
-0.544829945778899
-0.611062706452448
-0.673918555414304
-0.732746139565013
-0.786934305298591
-0.835921353626086
-0.879203671669701
-0.91634360480097
-0.946976444363658
-0.970816418568091
-0.987661588580571
-0.997397567842744
-1
-0.995535749232035
-0.984162775982633
-0.966128690786236
-0.941767998784319
-0.911498067309714
-0.875813868287246
-0.835281565855817
-0.79053103727189
-0.742247431533873
-0.691161885016581
-0.638041526493734
-0.583678915049564
-0.52888106336357
-0.474458205553278
-0.421212473071441
-0.369926644006183
-0.321353130492309
-0.276203365815096
-0.235137747218229
-0.198756282496477
-0.167590078279272
-0.142093795645695
-0.122639184539425
-0.109509792587762
-0.102896926612258
