1
0.991882110251822
0.975747702107709
0.951798056151245
0.920331459974198
0.881738909550009
0.836498478911252
0.785168442852465
0.728379256091987
0.666824509449762
0.601250998870221
0.532448056306469
0.461236302383099
0.388455989204014
0.314955107541174
0.241577435842409
0.169150708985123
0.0984750824735336
0.0303120628679849
-0.0346259322748353
-0.0956852316628091
-0.152279643756477
-0.203898139953932
-0.250111377288819
-0.290576968451766
-0.325043426306181
-0.353352730494742
-0.375441484905393
-0.391340656356396
-0.401173906534093
-0.405154550638984
-0.4035811970345
-0.396832142127014
-0.385358613428499
-0.369676970977524
-0.350359992756637
-0.328027383209113
-0.303335655221925
-0.27696754483544
-0.249621124332195
-0.22199878315473
-0.194796247254357
-0.168691805968679
-0.144335911397141
-0.122341308563289
-0.10327384553196
-0.0876441012394663
-0.0758999552807414
-0.0684202084975997
-0.0655093461741102
-0.0673935172410509
-0.0742177834148046
-0.0860446719562881
-0.102854045053305
-0.124544278031905
-0.150934718016894
-0.181769374612265
-0.216721774973564
-0.255400897596439
-0.297358082530194
-0.34209480080033
-0.38907115282054
-0.437714954692258
-0.487431262694563
-0.537612180088116
-0.587646786684532
-0.636931030517845
-0.684877422407491
-0.73092437819167
-0.774545059865172
-0.815255575666606
-0.852622410179242
-0.886268968555395
-0.91588113383231
-0.941211752735677
-0.96208398309819
-0.978393454767824
-0.990109215340987
-0.997273451915689
-1
-0.998471670411086
-0.992936444144347
-0.98370260347413
-0.971132884675178
-0.955637753454093
-0.93766791820286
-0.917706208308989
-0.896258954787326
-0.873847018278657
-0.850996614868075
-0.828230093127917
-0.80605681624161
-0.784964301011938
-0.765409761036134
-0.747812194416568
-0.732545147183644
-0.719930272287489
-0.710231790751792
-0.70365194659254
-0.700327530629843
