0.0128920756487434
0.0040732875252858
-0.013413582097166
-0.0392694541271802
-0.0730515095029919
-0.114180048945204
-0.161947474716279
-0.215529256597867
-0.273996713886281
-0.336331417394109
-0.401440990661048
-0.468176068201208
-0.535348150976379
-0.601748085655569
-0.666164884808764
-0.727404600130169
-0.784308960168046
-0.835773487860674
-0.880764821378275
-0.918336974217823
-0.947646286995255
-0.967964843667955
-0.978692148681794
-0.979364888399594
-0.9696646297123
-0.949423340499662
-0.918626650099153
-0.877414802639233
-0.826081291456919
-0.765069198301151
-0.694965296072881
-0.616492007927848
-0.53049734814223
-0.437943000712558
-0.339890719759183
-0.237487260996239
-0.131948075435325
-0.0245400147720669
0.0834366877119226
0.190666886628953
0.295839164237586
0.397664358697967
0.494893701762868
0.586336293848551
0.670875655630089
0.74748511051009
0.815241771270286
0.873338926626285
0.921096648907645
0.95797047227155
0.983558021280532
0.99760350185089
1
0.990789567960769
0.970161111552828
0.938446126664209
0.89611236577229
0.843755547102212
0.782089248791572
0.711933157839848
0.634199868245854
0.549880444197694
0.46002898214913
0.365746419821804
0.268163850402379
0.168425606308687
0.0676723787963618
-0.0329753626491183
-0.132433393689734
-0.229668954392623
-0.323714931911146
-0.413682792198019
-0.498774067759852
-0.578290232846328
-0.651640824436681
-0.718349696502607
-0.778059325818758
-0.830533119562414
-0.875655707577576
-0.913431234951304
-0.943979702935726
-0.967531437729348
-0.984419796702969
-0.995072249839036
-1
-0.999786328740769
-0.995073874366869
-0.986551065498083
-0.974937946267246
-0.960971638265163
-0.945391689297457
-0.928925559874778
-0.912274495107017
-0.896100022374156
-0.881011303924837
-0.867553558595866
-0.856197748398203
-0.847331704080623
-0.841252839314785
-0.838162576244372
