-1
-0.988695295480994
-0.966239907458899
-0.93293954667713
-0.889246987307783
-0.835755217629258
-0.773188474246498
-0.702391299327435
-0.624315791048493
-0.54000724549141
-0.450588413173448
-0.3572426148324
-0.261195978691028
-0.163699074917147
-0.0660082321649238
0.0306331742127572
0.125013172524264
0.215969098286844
0.302404674417638
0.383306004692244
0.457756234382871
0.524948653122366
0.58419803968713
0.634950076162561
0.676788689411102
0.709441210425416
0.732781276502931
0.746829436682194
0.751751456976918
0.747854358062547
0.735580253644076
0.71549809220343
0.688293437647995
0.654756455043073
0.615768295628647
0.572286100255038
0.525326861831897
0.475950405034335
0.425241755072826
0.374293176598476
0.324186168638477
0.275973701764662
0.230662979488455
0.1891989972171
0.152449159137714
0.121189196324386
0.0960906084605258
0.0777098271660308
0.0664792714031996
0.0627004352428064
0.0665391158801323
0.0780228557126561
0.0970406370654182
0.123344832333703
0.156555376471679
0.196166093456247
0.241553074155103
0.291984970466998
0.346635040194333
0.404594749333469
0.464888713764612
0.52649074108048
0.588340715845883
0.649362058203807
0.708479476647955
0.764636731109786
0.816814122332892
0.864045427830857
0.905434013477458
0.940167862821006
0.967533283341013
0.986927069803764
0.997866929292367
1
0.993109326046987
0.977118182936058
0.95209218228377
0.918239119621919
0.875906564794894
0.825577230222656
0.767862187489235
0.703492036797455
0.633306166263033
0.558240268293206
0.479312307927817
0.397607162578082
0.314260173691744
0.230439868169886
0.147330120586944
0.0661120362123595
-0.0120541606413925
-0.0860469483857864
-0.154800759938597
-0.217322393303535
-0.272706322893112
-0.320148670779217
-0.358959618096889
-0.388574061338009
-0.408560345865973
-0.41862693922435
