1
0.994955292236616
0.984934121591337
0.970071997772884
0.950569749580328
0.926690642010952
0.898756598467579
0.867143583412926
0.832276213080687
0.794621673100826
0.754683031961924
0.712992047966336
0.670101574604811
0.626577674978648
0.582991559946227
0.539911467008513
0.497894597542974
0.457479228841518
0.419177114526778
0.383466282359354
0.350784332279336
0.321522329845442
0.296019381164221
0.274557965080619
0.257360086989159
0.244584306297489
0.236323676520305
0.232604623401027
0.233386772558295
0.23856372414549
0.24796475810645
0.26135744001921
0.278451084446511
0.298901020352786
0.322313591686456
0.348251815833543
0.37624161347635
0.405778515572794
0.436334746819863
0.46736658016764
0.4983218537732
0.52864754026587
0.557797258350644
0.585238618592925
0.610460298667376
0.632978748354063
0.652344431039691
0.668147516321732
0.680022947389136
0.687654817017071
0.690779997100542
0.689190978485128
0.682737890244055
0.671329680303258
0.654934452229396
0.633578965867748
0.607347322147249
0.576378864563161
0.540865341416469
0.501047383656372
0.457210362975257
0.409679703497235
0.358815727853259
0.305008124539722
0.248670128127046
0.190232507057064
0.13013745540408
0.0688324850601483
0.00676441335087596
-0.0556264618709925
-0.117911912011953
-0.179680970530919
-0.240544693896242
-0.300140424031889
-0.358135494744102
-0.414230334627649
-0.4681609296318
-0.51970061964178
-0.568661214915896
-0.614893429822002
-0.658286642848521
-0.698768003136134
-0.736300914602676
-0.77088293894004
-0.802543168183279
-0.83133912603705
-0.857353264557849
-0.880689129014609
-0.901467268687795
-0.919820974942077
-0.935891930066644
-0.949825851090317
-0.961768212039723
-0.971860125935973
-0.980234464259857
-0.987012286722148
-0.992299648040246
-0.996184841151841
-0.998736128015606
-1
