-0.288633643862093
-0.286276228890197
-0.281569092937182
-0.274527828593176
-0.265176329906363
-0.253547380903905
-0.239683411213444
-0.223637394627659
-0.205473861351759
-0.185269990171195
-0.163116742970068
-0.139120001003343
-0.113401660147451
-0.0861006410784534
-0.0573737699926331
-0.0273964861119748
0.00363666619006908
0.0355118002632933
0.0679957412138101
0.100836402920591
0.13376351472337
0.166489718609126
0.198712051235264
0.230113818117813
0.260366859901038
0.289134202938329
0.316073078587462
0.340838287795291
0.363085879858773
0.382477106842269
0.398682608143611
0.411386773267512
0.420292225110775
0.425124361106618
0.425635885520822
0.421611263132473
0.412871022543763
0.399275836507176
0.380730306976954
0.357186384108866
0.328646351152629
0.295165311089429
0.256853115928267
0.213875685734628
0.166455671650552
0.114872425285317
0.0594612458034018
0.000611885688320823
-0.0612336936183996
-0.125584314361858
-0.191903310653773
-0.259612968430762
-0.328099642490753
-0.396719505198953
-0.464804871149602
-0.531671032332065
-0.596623529338393
-0.658965776013902
-0.718006947831153
-0.773070038286233
-0.82349998288393
-0.868671746887619
-0.907998271033715
-0.940938168902355
-0.967003070627179
-0.985764510127353
-0.996860257041419
-1
-0.994970294735353
-0.981638698711485
-0.959957023369567
-0.929963645601215
-0.891784831550668
-0.845635038154248
-0.791816170786174
-0.730715788817391
-0.662804264623224
-0.588630915405054
-0.508819140926543
-0.424060613711325
-0.335108581214279
-0.242770351775844
-0.147899047619409
-0.0513847185881917
0.0458550804145275
0.142885137357739
0.238762738931473
0.332548011853029
0.42331432377766
0.510158616232809
0.592211541966854
0.668647280784484
0.738692911316713
0.801637221205162
0.856838844805058
0.903733625643979
0.941841110406665
0.970770092022859
0.990223131369634
1
