1
0.988376858325812
0.965270806168553
0.930960464350001
0.885859185948079
0.830509634224462
0.76557667159251
0.69183865887848
0.610177286193201
0.521566077024106
0.427057725384092
0.327770441750759
0.22487349686884
0.119572163080025
0.0130922605394133
-0.0933354796289367
-0.198491021553564
-0.301180387975697
-0.400250572999598
-0.494603803943536
-0.583210962307978
-0.665123986868402
-0.73948709737304
-0.80554669504193
-0.862659815751376
-0.91030103314715
-0.948067731636783
-0.975683692923292
-0.993000964103576
-1
-0.996788096956663
-0.983596159448598
-0.960773864167573
-0.928783308420929
-0.888191250387989
-0.839660067723729
-0.783937577911952
-0.721845878412761
-0.654269376820115
-0.582142190782192
-0.506435104218343
-0.428142270313006
-0.348267852843843
-0.267812795617667
-0.187761905196088
-0.109071424788601
-0.0326572673103654
0.0406159366800085
0.109944834920034
0.174596268438522
0.233914998882441
0.287330160931688
0.334360373106273
0.37461746155884
0.407808773136945
0.433738075753443
0.452305065581018
0.463503521456436
0.46741816682217
0.464220318245286
0.454162416755604
0.437571553682732
0.414842116120698
0.386427688418421
0.352832355029801
0.314601556542437
0.272312654662846
0.226565363333393
0.177972201998229
0.127149123369539
0.0747064619585072
0.0212403412532411
-0.0326753330900695
-0.0864961791310862
-0.139713842861216
-0.191861615639635
-0.242519096558626
-0.291315849167827
-0.337934020303586
-0.382109907371814
-0.423634479007304
-0.462352872268759
-0.498162907123775
-0.531012675641409
-0.560897278768282
-0.58785479756631
-0.611961598109784
-0.6333270796805
-0.652087984297531
-0.668402391844127
-0.682443529015725
-0.694393521956754
-0.704437221764867
-0.712756229044582
-0.719523238451299
-0.724896816782585
-0.729016718783599
-0.731999833608052
-0.733936842016556
-0.734889650129032
