1
0.987484096878665
0.962633691310769
0.925808828193093
0.877542726313164
0.818533678624527
0.749634448207866
0.671839323642578
0.586269033607746
0.494153753513008
0.39681446631522
0.295642964949689
0.192080804602664
0.0875975290520694
-0.0163314937409559
-0.118247285864918
-0.216729182148254
-0.310416124801916
-0.398027003596005
-0.478379730303397
-0.550408756119031
-0.61318076524864
-0.665908306469695
-0.70796115675038
-0.73887524646256
-0.758359013785677
-0.766297095973549
-0.762751306617451
-0.747958890237366
-0.722328087808982
-0.686431088525929
-0.640994483553864
-0.586887376124052
-0.525107338437652
-0.45676443894577
-0.383063593120223
-0.305285516377833
-0.224766578971835
-0.142877879092154
-0.061003861870734
0.01947918170416
0.0972244008913989
0.170935125423618
0.239384738316121
0.301435374091715
0.356055154417664
0.402333696793489
0.43949565967293
0.466912118807857
0.484109604167108
0.490776663960752
0.486767861501259
0.472105151237437
0.446976621663365
0.411732634280108
0.366879428719155
0.313070303878856
0.251094522853798
0.181864124956565
0.10639886068472
0.0258094945638894
-0.0587202540536123
-0.145952841327323
-0.234616793312729
-0.323427046007412
-0.411105406447675
-0.496400809170994
-0.57810904645102
-0.655091659895505
-0.726293695120835
-0.790760040049081
-0.847650090609529
-0.896250514892363
-0.935985917659309
-0.966427241070568
-0.98729777399611
-0.998476680759473
-1
-0.992059104900158
-0.974996656662817
-0.949300123192673
-0.915592973799817
-0.874623697784615
-0.827252829393971
-0.774438193310611
-0.717218613047917
-0.656696348926459
-0.594018552321158
-0.530358038274274
-0.466893689127171
-0.404790807368219
-0.345181736340142
-0.289147062793693
-0.237697705592956
-0.191758180327866
-0.152151310406329
-0.119584631689558
-0.0946387102769298
-0.0777575620803732
-0.069241328848247
