1
0.990430529712281
0.971393185884
0.943089852324371
0.905820099108
0.859977327537304
0.806043715483141
0.744584034658816
0.676238427254774
0.601714243934381
0.521777058249832
0.437240983889144
0.348958430644149
0.25780944245758
0.164690766257722
0.0705048034466271
-0.0238514031689888
-0.117496995534071
-0.209577791653648
-0.299276299809358
-0.385821121195124
-0.468495616178643
-0.546645720879057
-0.619686813843867
-0.687109547106725
-0.748484571588348
-0.803466103424453
-0.851794295112691
-0.893296393100912
-0.927886681322123
-0.95556522794629
-0.976415469997596
-0.990600687216775
-0.998359432381686
-1
-0.995894028638818
-0.986469343962158
-0.972202159637741
-0.953608761506146
-0.931236806664031
-0.905656373315582
-0.877450899341799
-0.847208147507378
-0.815511333084799
-0.782930545472132
-0.750014589194348
-0.717283361617161
-0.685220874905918
-0.654269018394233
-0.624822144776181
-0.59722254961057
-0.571756898752207
-0.548653642742577
-0.528081441150615
-0.510148603608314
-0.49490353809296
-0.48233618112269
-0.472380369203242
-0.464917096329879
-0.459778588833869
-0.456753116574968
-0.45559044860662
-0.456007852142298
-0.457696526066841
-0.460328354475015
-0.463562861860464
-0.467054249670624
-0.470458394004312
-0.473439686244543
-0.475677602344037
-0.476872892239142
-0.4767532883545
-0.475078641243447
-0.471645400930647
-0.466290374303869
-0.458893701741926
-0.449381009849967
-0.43772471147328
-0.423944438839226
-0.408106610491324
-0.390323147386233
-0.370749367882279
-0.34958110512277
-0.327051103284617
-0.303424761112293
-0.278995301896256
-0.254078458410816
-0.229006769149845
-0.204123588365612
-0.179776916829937
-0.15631316283027
-0.13407094364865
-0.113375036641738
-0.0945305860690566
-0.077817667057765
-0.0634863016290964
-0.0517520136547827
-0.0427920000985007
-0.036741985088378
-0.0336938114438508
