1
0.998910287645294
0.996699306524796
0.993304652568522
0.988634479352853
0.982569575758742
0.97496608017481
0.965658784411092
0.954464970224134
0.9411887120175
0.925625571025884
0.907567599251094
0.886808565710009
0.863149313272485
0.836403151582948
0.806401190320593
0.772997517382831
0.736074128472624
0.695545518005449
0.651362846173952
0.603517603342019
0.55204470058658
0.497024924045367
0.438586700623134
0.37690713340163
0.312212276619336
0.244776632153141
0.174921861854339
0.103014722668048
0.0294642439981199
-0.045281820931224
-0.120741226116885
-0.196402091402657
-0.271728323462121
-0.346165524481428
-0.41914730558539
-0.490101915016681
-0.558459085425288
-0.62365700044709
-0.685149278117193
-0.742411867621398
-0.79494975645921
-0.842303387269696
-0.884054687327752
-0.9198326189983
-0.949318166160946
-0.972248679686153
-0.988421514333134
-0.997696899807118
-1
-0.995322126469427
-0.983721084800914
-0.965320645450595
-0.940309143781282
-0.908937227077828
-0.87151477915553
-0.828407065557561
-0.780030154080675
-0.726845676289225
-0.66935500560488
-0.608092936337763
-0.543620955516353
-0.476520205460559
-0.40738423962908
-0.336811677285944
-0.265398863923948
-0.193732644132083
-0.122383351702687
-0.0518981182710063
0.0172054032813713
0.0844448109686433
0.149378139617016
0.211608387958067
0.270787324589105
0.32661852172967
0.378859577719741
0.427323501811428
0.471879247805536
0.512451396274212
0.549018998285508
0.581613606499117
0.610316532032828
0.635255377410686
0.656599907010516
0.674557326557131
0.689367052199996
0.701295057430394
0.710627892412666
0.717666475128887
0.722719756991115
0.726098367210086
0.728108340198813
0.729045028634968
0.729187301533772
0.728792121845526
0.728089591765285
0.727278546226712
0.726522766069278
0.725947872259584
0.725638951472706
