0.459210154437043
0.454909949879429
0.446327156808517
0.433497131309409
0.416473212325395
0.395327073053881
0.370149165826937
0.341049240849319
0.308156915048914
0.271622263681735
0.231616404306425
0.188332040371641
0.141983930001999
0.0928092446694904
0.0410677823288932
-0.0129579997054493
-0.0689631653560504
-0.126620724762177
-0.185582331480897
-0.245479275948497
-0.305923794773544
-0.366510710364823
-0.426819409810635
-0.486416165912522
-0.544856796937635
-0.601689655098351
-0.656458927109932
-0.708708223535194
-0.757984427119519
-0.80384176406996
-0.845846056356377
-0.883579107723931
-0.916643171312044
-0.944665442674066
-0.967302518673753
-0.984244760276676
-0.995220495721686
-1
-0.998399187022568
-0.990282952339391
-0.975568106790011
-0.954225844998345
-0.926283697146404
-0.891826917922651
-0.850999272878297
-0.80400318955992
-0.751099248626582
-0.692604998598282
-0.628893086803158
-0.560388708366545
-0.487566384581414
-0.410946091576719
-0.331088769713983
-0.248591253447915
-0.164080670339789
-0.078208366371505
0.00835657746202734
0.0949341652325266
0.180840564584692
0.265395360211764
0.347928894707849
0.427789606225688
0.504351270608444
0.577020055167832
0.645241292075476
0.708505881427775
0.766356237425633
0.818391695748698
0.864273306050076
0.90372794048393
0.936551657219919
0.962612266893131
0.981851059769632
0.994283661945517
1
0.999163365039021
0.992008578836591
0.978839276642651
0.960024333012134
0.935993468553333
0.907232086629939
0.874275399620262
0.837701914186149
0.798126353989249
0.756192106281468
0.712563285670703
0.667916514019106
0.622932519782287
0.578287663075956
0.534645494312179
0.492648454351931
0.452909822765434
0.416006017989392
0.382469348953636
0.352781312172384
0.327366521430025
0.306587349129625
0.290739349222754
0.280047521526253
0.27466346629334
