0.995263717019245
0.995669702477158
0.996426234696244
0.997423533049629
0.998499649967678
0.999443687355283
1
0.999873314767098
0.998734678768307
0.996228135491343
0.991978015318461
0.985596716149377
0.976692841152642
0.964879554143004
0.94978300882917
0.931050706268804
0.908359635340185
0.881424053889148
0.850002773394057
0.813905817431488
0.773000333805476
0.727215651773932
0.676547389184949
0.621060529312213
0.56089140351542
0.496248533289266
0.427412303526069
0.354733457611405
0.278630423999547
0.199585502871656
0.118139960061184
0.0348880933395361
-0.0495296468973309
-0.134434384787243
-0.219117282025895
-0.302848612271887
-0.384887311865851
-0.464490863312344
-0.54092536172738
-0.613475610553208
-0.681455091354066
-0.744215653462995
-0.80115677264247
-0.851734233704286
-0.895468100122319
-0.931949843944737
-0.96084852161405
-0.981915895446137
-0.994990416285508
-1
-0.996963548738151
-0.985991186962695
-0.967283201896621
-0.941127697867454
-0.907896993800439
-0.868042812482166
-0.822090328888768
-0.770631162553348
-0.714315415357029
-0.653842871007739
-0.589953485584892
-0.523417309668068
-0.455023991555987
-0.38557201777407
-0.315857851356296
-0.246665130198639
-0.178754087084984
-0.112851349788555
-0.0496402739989178
0.0102480461994268
0.0662429558439579
0.117841482519149
0.164614537870077
0.206211985335613
0.242366499619006
0.272896161967733
0.297705754768231
0.316786738973033
0.330215918156995
0.338152813230359
0.34083579170465
0.338577014603201
0.331756282332517
0.320813877799257
0.306242520505775
0.288578559043323
0.26839254111266
0.246279309753273
0.222847781705497
0.198710568650496
0.174473604395587
0.150725940859669
0.12802987296811
0.106911547330345
0.0878522019276229
0.0712801741012183
0.0575638020574205
0.0470053310822185
0.0398359199040876
0.0362118254026478
