1
0.990775671624935
0.972452519887046
0.945279641373165
0.909625927246009
0.865974441968116
0.814915065507658
0.757135513881876
0.693410878185701
0.624591845342941
0.551591784342564
0.475372899360944
0.396931665645587
0.317283775119881
0.23744882618822
0.158434996058958
0.0812239339994842
0.00675611029272494
-0.0640831516643146
-0.130476743575337
-0.191687738519356
-0.247070070491905
-0.296077762773629
-0.338272563613483
-0.373329872851194
-0.401042870055624
-0.42132478309756
-0.434209265360498
-0.439848879559951
-0.438511715921781
-0.430576201794165
-0.416524188174349
-0.396932425673293
-0.372462567693216
-0.34384986165767
-0.31189070964865
-0.277429297447953
-0.241343505473626
-0.204530326219638
-0.167891020373842
-0.13231624768801
-0.0986714088439378
-0.067782431000285
-0.0404222224732019
-0.0172980112155136
0.000960232414354278
0.013810105436534
0.0208056516495743
0.021604670494118
0.015974340219209
0.00379506699070742
-0.0149375002317313
-0.0401123200948756
-0.0715046759667174
-0.108779731581991
-0.151497867868266
-0.199121715351763
-0.251024769652863
-0.306501452478227
-0.364778457595594
-0.425027200900521
-0.48637717617289
-0.547930003751381
-0.608773948352612
-0.667998674801843
-0.724710006641437
-0.778044452501232
-0.827183268752701
-0.871365834268343
-0.909902123953689
-0.942184081939961
-0.967695712696007
-0.986021728564129
-0.99685461502581
-1
-0.995380240273563
-0.983036166337461
-0.963126956008294
-0.935928136793148
-0.901827746539277
-0.861320711031632
-0.815001525400972
-0.763555353037602
-0.70774768074731
-0.648412691741043
-0.586440538357561
-0.522763713857928
-0.458342736926788
-0.394151373442224
-0.331161627460785
-0.270328737090562
-0.21257641093368
-0.158782537070274
-0.109765589187133
-0.0662719435419303
-0.0289643061704153
0.00158856768561244
0.024920700252387
0.0406761251745742
0.048614414958047
