-0.616703272223261
-0.621780430280558
-0.631813004683251
-0.646559640358707
-0.665663590644149
-0.688658963174331
-0.714978887327166
-0.743965469059341
-0.774881369511884
-0.806922816943966
-0.839233837794321
-0.870921472356687
-0.901071724017157
-0.92876597850545
-0.953097621362813
-0.973188577962594
-0.988205501001709
-0.997375335407604
-1
-0.995469938864431
-0.983276313022096
-0.963021624340962
-0.934428588389188
-0.897347100692517
-0.851759171182562
-0.797781734031791
-0.735667274048824
-0.665802245813935
-0.588703297212208
-0.505011344404912
-0.415483580003843
-0.320983529723465
-0.222469304545508
-0.120980224930774
-0.0176220203794598
0.0864491687572095
0.190043740256162
0.291956266652096
0.390983544331919
0.485942772200184
0.575689573781809
0.659135577917226
0.735265279011895
0.803151908044051
0.861972060058831
0.911018842462654
0.949713330793345
0.97761414443352
0.99442498355684
1
0.994346908247706
0.977627777779234
0.950157484104133
0.912399832344752
0.864961403630326
0.808583210278045
0.744130280187828
0.672579323525309
0.595004665095421
0.512562653336152
0.426474781151351
0.338009774465864
0.24846492109518
0.159146925006516
0.071352579105924
-0.0136504468168488
-0.0946424074795482
-0.170469583066202
-0.240061400252264
-0.302446308437641
-0.356766165124656
-0.402288907038191
-0.438419309761173
-0.464707667945624
-0.480856260104107
-0.486723496092875
-0.482325681136093
-0.467836367054273
-0.443583298675776
-0.410043000646218
-0.367833086425621
-0.317702406605918
-0.260519187239575
-0.197257340118519
-0.128981155392125
-0.0568286121178642
0.0180064360971108
0.0942929256193945
0.170781809403592
0.246225548759357
0.31939756907606
0.389111378728816
0.454239055480053
0.513728814375961
0.566621385268018
0.612064946448078
0.649328383186774
0.677812665863194
0.697060171466569
0.706761804085916
