0.689445463698797
0.693329161167254
0.701007560941802
0.712304245194737
0.726958492239959
0.744629889700668
0.764904365169867
0.787301533825025
0.811283240420263
0.836263153032815
0.861617248211878
0.886695012056781
0.91083116948543
0.933357744745008
0.953616250217777
0.970969797886855
0.984814928498091
0.99459295747867
0.999800643991128
1
0.9948270697433
0.983999526319509
0.967322950964573
0.944695681703034
0.916112141076918
0.881664577218113
0.841543178242176
0.796034546392085
0.745518545125134
0.690463558984844
0.631420232203346
0.569013777116977
0.503934967242184
0.436929951864811
0.368789048885076
0.300334690107995
0.232408707887549
0.165859163778591
0.101526928426035
0.0402322271790911
-0.0172386322354001
-0.0701461352528525
-0.117809829541067
-0.159619786331836
-0.195047064406313
-0.223653001859835
-0.245097178354078
-0.259143910725819
-0.265667167251438
-0.264653810216671
-0.256205102333322
-0.240536439574109
-0.217975300740324
-0.188957432098854
-0.154021313284014
-0.113800977915962
-0.0690172886096999
-0.0204677908207214
0.0309847070991578
0.0844246595457367
0.138897228742943
0.193422447660321
0.24700988691768
0.298673602864678
0.347447138499047
0.392398346898378
0.43264380842868
0.46736261814418
0.49580932843701
0.51732584400791
0.531352081432094
0.537435223760053
0.535237421446707
0.52454181412671
0.505256772994032
0.477418290413302
0.441190471475677
0.396864111080365
0.344853369328789
0.285690587109699
0.220019312279793
0.148585634362754
0.0722279517722872
-0.00813468019414643
-0.0915154503229632
-0.17687375168796
-0.26312999477533
-0.349181053756117
-0.433916116013874
-0.516232698419605
-0.595052590839329
-0.669337488012835
-0.738104075249392
-0.800438341285031
-0.855508903018273
-0.902579141514878
-0.941017966424122
-0.970309046508221
-0.990058367038135
-1
