0.964123129335181
0.964386603104592
0.964912608992362
0.965699109885909
0.966742669713033
0.968038008421389
0.969577427483407
0.971350121621252
0.973341395784986
0.97553180938075
0.977896272274231
0.980403119135536
0.983013190200713
0.985678947468164
0.98834365570041
0.990940657349249
0.993392769661896
0.995611830765134
0.99749841948225
0.998941771042852
0.999819907737861
1
0.99933896941156
0.997684340821883
0.994875346168973
0.990744277821268
0.985118084368945
0.97782019688484
0.968672568829851
0.957497908083798
0.944122075125731
0.928376617250595
0.910101404970578
0.889147333482621
0.86537904935447
0.838677660448804
0.808943385617132
0.776098099891746
0.740087730813144
0.700884462169141
0.658488702795531
0.612930780189958
0.564272321501848
0.512607287951309
0.458062632856747
0.400798558161641
0.341008349582323
0.278917776178143
0.2147840461925
0.148894317339993
0.0815637662278594
0.0131332282011978
-0.0560335745096406
-0.125553191986409
-0.195025962553295
-0.264039848885295
-0.332174552208453
-0.399005857477491
-0.464110157975792
-0.527069104006567
-0.587474317300033
-0.644932110506807
-0.699068149728655
-0.749531997487999
-0.796001473878613
-0.838186774879549
-0.875834288947328
-0.908730056008848
-0.936702816827129
-0.95962660535899
-0.977422842110466
-0.990061892553257
-0.997564061314165
-1
-0.997490514075562
-0.990205762067591
-0.978363848413458
-0.962228819396542
-0.942108079695082
-0.91834925500225
-0.891336533837588
-0.861486528952597
-0.829243705529399
-0.795075429580877
-0.759466695490977
-0.722914596401922
-0.685922605088336
-0.648994735995793
-0.612629661214809
-0.577314854275993
-0.543520835766883
-0.511695593879441
-0.48225925110705
-0.455599045443358
-0.43206469062882
-0.411964175294298
-0.395560055327311
-0.383066287510533
-0.374645645539636
-0.370407752014097
