-0.778276614558091
-0.765225188732925
-0.73931485772969
-0.700927782244701
-0.650630045862718
-0.589163188721054
-0.517433121385485
-0.436496588319908
-0.347545387703579
-0.251888588520276
-0.150933016284747
-0.0461623050132571
0.0608851653174907
0.168639109878002
0.275520611206685
0.379965468948678
0.480447272834642
0.575499849402213
0.663738743128861
0.743881408033135
0.814765806167751
0.875367134451176
0.924812430570634
0.962392841778924
0.987573376781551
1
0.999503968690429
0.986103356051402
0.96000174690407
0.921584136096526
0.871410102792761
0.810204375587283
0.73884494329055
0.658348903639558
0.569856276523736
0.474612039049022
0.373946666420032
0.26925548479344
0.161977159607535
0.0535716551621159
-0.0545019917722049
-0.160807739894252
-0.26395411217653
-0.362614933891189
-0.455548922413435
-0.541617830477504
-0.61980286829055
-0.689219157868717
-0.749128004699197
-0.798946806845511
-0.83825645934333
-0.866806151581694
-0.88451549669832
-0.891473974183839
-0.887937709222933
-0.874323654133044
-0.851201277935641
-0.819281908972204
-0.779405911947852
-0.73252791427968
-0.679700326622084
-0.622055428471579
-0.56078631141611
-0.497126989555738
-0.432331998624745
-0.367655812210501
-0.304332405094327
-0.243555290119502
-0.186458346190339
-0.13409774117439
-0.0874352348477586
-0.047323123897011
-0.0144910637472803
0.0104650289336232
0.0270918233015018
0.0350850379424721
0.0342934267509163
0.0247202329859757
0.00652209836251405
-0.0199945449014496
-0.05437953063125
-0.0960473560437514
-0.144287774574076
-0.198278403735938
-0.25709913541622
-0.31974810732756
-0.385158969598025
-0.452219160055524
-0.519788885988376
-0.586720499280093
-0.651877945994939
-0.714155970819659
-0.77249876125195
-0.825917725991144
-0.873508116474129
-0.914464219673319
-0.948092873823065
-0.973825086285412
-0.991225563861484
-1
