1
0.993326758810617
0.980036556522464
0.960241293506448
0.934107179784617
0.901852791433699
0.86374652047204
0.820103452893352
0.771281717217451
0.717678353016755
0.659724755245292
0.597881755752367
0.53263440802653
0.464486544920878
0.393955181806512
0.321564839250702
0.247841859899281
0.173308793754441
0.0984789244906159
0.0238510068699915
-0.050095718252241
-0.122906169346978
-0.194153673434646
-0.263443768636835
-0.330417516406429
-0.39475428719073
-0.456173991150426
-0.514438733770164
-0.569353884629307
-0.620768556127
-0.668575497446021
-0.712710417368098
-0.753150757595855
-0.789913945874562
-0.8230551653285
-0.852664682928725
-0.878864785797837
-0.901806379051295
-0.9216653030045
-0.938638430784853
-0.952939609637053
-0.964795510472054
-0.974441450474651
-0.982117252856243
-0.988063206138213
-0.992516182712298
-0.995705972896854
-0.997851886354627
-0.999159667633814
-0.99981876682618
-1
-0.999853627265906
-0.999507869181385
-0.999067874810345
-0.998615147246463
-0.998207424902734
-0.997879009483471
-0.997641524405256
-0.997485080631481
-0.997379820536605
-0.997277804618399
-0.997115200717423
-0.996814730959835
-0.996288327977905
-0.995439949134514
-0.994168495522248
-0.992370781448947
-0.989944499969544
-0.986791130774064
-0.982818738374442
-0.977944611014963
-0.97209769401571
-0.965220775285727
-0.95727238544139
-0.948228380253695
-0.938083178934993
-0.926850637962287
-0.914564546615984
-0.901278737080959
-0.8870668086994
-0.872021472669983
-0.856253530044394
-0.839890502171824
-0.823074938681371
-0.805962433573975
-0.788719384930496
-0.771520538050525
-0.754546355448433
-0.737980259991119
-0.722005799520881
-0.70680378253514
-0.69254943487438
-0.679409626896726
-0.66754021930245
-0.657083573638361
-0.648166270598315
-0.640897075592361
-0.635365186745994
-0.631638795586024
-0.629763985254036
