0.58082692422692
0.577250104639142
0.570174070455012
0.559752545435568
0.546212425613819
0.529849423981209
0.511022382475003
0.490146350772212
0.467684553125801
0.444139384186935
0.420042592112239
0.395944821965134
0.372404704235871
0.349977682023838
0.329204775896251
0.310601487560813
0.294647042222213
0.281774164844858
0.272359577583703
0.266715394492593
0.265081575448648
0.267619584265372
0.274407376475846
0.285435820562183
0.300606632837066
0.319731881127594
0.342535086276506
0.368653923685423
0.397644500115689
0.428987154176288
0.46209370280495
0.496316031018366
0.530955898685165
0.565275816452582
0.598510823597444
0.629880983801758
0.658604400960129
0.683910546352686
0.705053681056002
0.721326153456451
0.732071351261143
0.736696090500564
0.73468223065661
0.725597315145423
0.709104049796266
0.68496844850188
0.653066494628094
0.613389188769279
0.566045877687937
0.511265785409639
0.449397695055986
0.380907758659777
0.306375441471143
0.226487636672457
0.142031015510099
0.0538827061624068
-0.037000578254868
-0.129594816724549
-0.222822193235766
-0.315565655494497
-0.406684311259628
-0.495029439109262
-0.579460878766744
-0.658863557984538
-0.732163908543653
-0.798345923266413
-0.856466609092583
-0.905670598205243
-0.945203689826468
-0.97442510948944
-0.992818290132619
-1
-0.995727665767419
-0.979904765201634
-0.952584191611175
-0.913969521946644
-0.864414151207595
-0.804418287347603
-0.734623832659919
-0.655807209189214
-0.568870216568183
-0.474829040348672
-0.374801556929588
-0.269993107146409
-0.161680934078083
-0.0511975012822411
0.0600870748330724
0.17078323072788
0.279500541355011
0.384866420918212
0.485544671332044
0.580253612272984
0.667783531999922
0.747013207306898
0.816925253919585
0.876620085170484
0.925328276642126
0.962421157357704
0.987419473683069
1
