0.670581941084775
0.67131280973638
0.67278124722933
0.675000314357944
0.677988760742227
0.681770035504005
0.686371002038039
0.69182038511591
0.698146984644081
0.705377695855018
0.713535380440131
0.722636637046578
0.732689522581415
0.743691277836351
0.755626112020499
0.768463100840554
0.78215425178836
0.796632788293547
0.811811701400022
0.827582613673125
0.843814995199363
0.860355765878835
0.877029311822034
0.893637936651324
0.909962760987923
0.925765075502174
0.940788144750481
0.954759450753815
0.967393357031062
0.978394165726977
0.987459532709356
0.994284198189312
0.998563983672544
1
0.998303005995041
0.993197852900436
0.984427946447694
0.971759656123429
0.954986600035888
0.933933733775186
0.908461172820378
0.878467680373662
0.843893755976296
0.804724264842908
0.760990553483209
0.71277200378773
0.660196985245522
0.603443173230225
0.542737210216505
0.478353696239617
0.410613504745391
0.339881430047068
0.266563182754885
0.191101759616868
0.113973224047459
0.0356819430687827
-0.0432446647032901
-0.122261807173738
-0.200813352726347
-0.278338143308014
-0.35427650451567
-0.428076866302957
-0.49920240489034
-0.567137614714083
-0.631394718827251
-0.691519827090079
-0.747098753758039
-0.797762409673399
-0.843191689149295
-0.883121777743958
-0.917345814377119
-0.945717849543267
-0.968155050613416
-0.984639115259205
-0.995216864738803
-1
-0.999164015120726
-0.992946274353097
-0.981643270792379
-0.965607096284358
-0.945241163442193
-0.920995231399761
-0.89335979702217
-0.862859922574032
-0.830048579172084
-0.795499592594184
-0.759800284070567
-0.723543903451474
-0.687321955552842
-0.651716522473084
-0.617292685214754
-0.584591147021625
-0.554121158462928
-0.526353840491873
-0.501715996526265
-0.48058449811622
-0.463281321068524
-0.450069300097715
-0.441148660295766
-0.436654373095016
