-1
-0.987644057521022
-0.963092186819246
-0.926662130379449
-0.878824820973992
-0.820197659515236
-0.751535708966443
-0.673720935602402
-0.587749657931845
-0.494718390166622
-0.395808290843066
-0.292268447708514
-0.185398246969987
-0.076529088206249
0.0329942845287861
0.14183255977031
0.248670467307043
0.352234945146383
0.451312598886824
0.544766199027888
0.631549977006876
0.710723499605177
0.781463923518396
0.843076456987425
0.895002883050038
0.936828028764091
0.968284096211017
0.989252803724481
0.999765319098735
1
0.990277989916286
0.971056750227333
0.942921639862044
0.906575683063651
0.862827692559809
0.812578939529612
0.756808582808086
0.696558087455682
0.632914876882993
0.566995472954139
0.499928384750528
0.432837008877411
0.366822802319067
0.302948982939124
0.242225002887329
0.185592026581279
0.133909627807507
0.0879439001119491
0.0483571513561345
0.0156993274783361
-0.00959871746715757
-0.0272300175677309
-0.0370143010408968
-0.0388987809670868
-0.0329569375820054
-0.0193853304660775
0.00150149028373692
0.029277875322856
0.0634156434165547
0.103294172906691
0.14821184222584
0.197398624214151
0.250029622019243
0.30523932084865
0.36213631999853
0.419818303543535
0.477387005922166
0.533962930408765
0.588699584084625
0.640797002302185
0.689514348614148
0.73418139249281
0.774208686620154
0.809096287763587
0.838440889899457
0.861941264902956
0.879401934353721
0.890735025352465
0.895960293229586
0.895203324166918
0.888691960562455
0.876751020965072
0.859795414126072
0.838321772712558
0.812898756088135
0.784156192908731
0.752773252765738
0.719465851442294
0.684973506289607
0.650045866591892
0.615429148442078
0.581852704526925
0.550015956311678
0.520575909474193
0.494135463179633
0.471232710081241
0.452331407007185
0.437812776427162
0.427968776311334
0.422996951266744
