0.618560206895982
0.622815658716474
0.631239274679722
0.643657880164942
0.659815193088337
0.679375938494716
0.701931233666969
0.727005159212924
0.754062412968422
0.782516926552763
0.811741309294733
0.841076971250965
0.869844766367307
0.897355988655089
0.922923548695787
0.945873154936297
0.965554324137276
0.981351047989709
0.992691948278064
0.999059760957322
1
0.995128664692877
0.984138869019839
0.966806288621878
0.942993339312884
0.912652020960123
0.875825381399584
0.832647576621301
0.783342525389716
0.728221178415124
0.667677443819886
0.602182831608279
0.53227989982311
0.458574603742616
0.381727666545461
0.302445105082841
0.221468057507169
0.139562070311903
0.0575060106688068
-0.023919224322152
-0.1039420268171
-0.18181125089251
-0.256807066173913
-0.328251325051859
-0.39551728386318
-0.458038528664049
-0.515316968800172
-0.566929776189142
-0.61253516483786
-0.651876923361289
-0.684787632859705
-0.711190523140777
-0.73109994161516
-0.744620430913357
-0.751944433025648
-0.753348659213478
-0.749189185742742
-0.739895355320025
-0.725962582660977
-0.707944179594564
-0.686442330242423
-0.662098359872154
-0.635582451803511
-0.607582975079535
-0.578795591371782
-0.549912312681892
-0.521610681784749
-0.494543245028283
-0.469327482101075
-0.446536349783396
-0.426689586632545
-0.410245913181356
-0.397596247747128
-0.389058041588423
-0.384870819169804
-0.385192989985654
-0.390099978060868
-0.39958369421122
-0.41355335474357
-0.431837628845098
-0.454188075791298
-0.480283812628866
-0.509737333486156
-0.542101383439048
-0.576876773202008
-0.613521006085989
-0.651457575900656
-0.69008578397943
-0.728790915437149
-0.766954609258479
-0.803965253946421
-0.839228240278494
-0.872175905224831
-0.902277006236232
-0.929045572828035
-0.952048992543585
-0.970915200816542
-0.985338858765677
-0.995086419317474
-1
