0.274820085557836
0.280066419355395
0.290486077027704
0.305933967086209
0.326194760793337
0.35098562781894
0.379959826741038
0.412711102534248
0.448778832501943
0.48765385224441
0.528784884352675
0.571585484699792
0.615441414575777
0.659718341569323
0.703769768110274
0.746945084003253
0.788597638136171
0.828092724847759
0.864815382175223
0.898177902345368
0.927626959368254
0.952650264370931
0.972782666280713
0.987611623526724
0.996781981453845
1
0.997036586729988
0.987729701391712
0.971985909601951
0.949781074912563
0.921160190186346
0.886236360757481
0.845188963100507
0.798261013525696
0.745755791607013
0.68803277249125
0.625502930805194
0.558623486457633
0.487892169126176
0.413841083543505
0.337030261790499
0.258040991619933
0.177469011349128
0.0959176620673767
0.0139910868184268
-0.0677124359271638
-0.148606940748367
-0.228124926629443
-0.305723137870847
-0.380887907928374
-0.45314000708948
-0.522038943144742
-0.587186673040299
-0.648230692761951
-0.704866482257
-0.756839291896623
-0.803945266670235
-0.846031913836641
-0.882997928991806
-0.91479240431351
-0.941413450981135
-0.962906275327281
-0.979360755051835
-0.990908567727439
-0.997719928772094
-1
-0.997985032742853
-0.991938311335316
-0.982145963472398
-0.968912703583096
-0.952557573950833
-0.933409745891
-0.911804439928712
-0.888079019680128
-0.862569309115811
-0.835606177173962
-0.807512427404246
-0.778600023576602
-0.749167675107475
-0.719498798865701
-0.689859866551012
-0.660499139518901
-0.631645785782736
-0.603509367079406
-0.576279677453925
-0.550126908907851
-0.525202114363111
-0.501637933601473
-0.479549544022451
-0.459035795076422
-0.440180483117535
-0.423053722209476
-0.407713366116746
-0.39420643731938
-0.382570520378147
-0.372835079313252
-0.365022661790094
-0.35914995676487
-0.35522867675194
-0.353266240943851
