0.484393850775993
0.48519800051112
0.486800011201994
0.489187433472778
0.492341910932032
0.496239553634371
0.500851423278455
0.506144119524431
0.512080454543815
0.518620200890897
0.525720896046563
0.533338685567587
0.541429185705814
0.549948345665096
0.558853289355517
0.568103116593756
0.577659644187619
0.587488068227
0.597557530170846
0.607841570951144
0.618318459285087
0.628971382663485
0.639788492029722
0.650762793936357
0.661891886918695
0.673177541905476
0.684625129642572
0.696242901280566
0.708041131414687
0.720031135909023
0.732224179730357
0.744630292706358
0.757257013556921
0.770108084678577
0.783182121946961
0.796471285203377
0.809959976076738
0.823623590335985
0.83742735205224
0.851325256463454
0.865259147573736
0.879157955189553
0.892937114307786
0.906498187546337
0.919728708674056
0.932502262287938
0.944678811343001
0.956105280611432
0.966616400285094
0.976035809896674
0.984177418580535
0.990847013488557
0.995844103984435
0.998963985128487
1
0.998745976650476
0.994998812001177
0.988561171851283
0.97924427340369
0.966870714393431
0.95127731106275
0.932317905903572
0.909866105312098
0.883817907092864
0.854094178123991
0.820642943455953
0.783441449658653
0.742497967342797
0.697853300439549
0.649581972996941
0.597793067904104
0.542630696039059
0.484274078799597
0.422937231760702
0.358868242241314
0.292348138789172
0.223689355932638
0.153233802927806
0.0813505505719665
0.00843315538418166
-0.0651033545049535
-0.138825802632468
-0.21228646308116
-0.28502689733608
-0.356581987906225
-0.426484124418173
-0.494267495368324
-0.559472436799968
-0.621649787881914
-0.68036520272962
-0.73520336784065
-0.785772075217968
-0.831706102621201
-0.872670854402396
-0.908365719024533
-0.938527102594507
-0.962931101525605
-0.981395781727693
-0.993783036449182
-1
