-0.431632654510159
-0.422344006640549
-0.403890278668818
-0.376516860730414
-0.34058750044741
-0.296579170005442
-0.245075341366537
-0.186757769371117
-0.122396904537042
-0.052841077561437
0.0209953844347337
0.0981449342821743
0.177600285197278
0.258328396655921
0.339284760048419
0.419427774538061
0.497733002802788
0.573207098779308
0.644901205108534
0.711923626609587
0.773451597648932
0.828741975538845
0.877140708870939
0.918090948703314
0.951139691477115
0.975942865113661
0.992268793586083
1
0.999133333473442
0.989778430487036
0.972154546490491
0.946585818014587
0.9134950389742
0.87339605689922
0.826884915160663
0.774629885560569
0.717360551650474
0.655856116594882
0.590933120104006
0.523432756768213
0.454207992924586
0.384110680910714
0.313978868197181
0.244624494471368
0.176821662351953
0.111295657172897
0.0487128783589665
-0.0103281704655201
-0.065304703086481
-0.115776174002248
-0.161389414528948
-0.201882315233496
-0.237086011551638
-0.266925553330366
-0.291419063086786
-0.310675411619444
-0.324890462868298
-0.334341962231082
-0.339383163558173
-0.340435309438235
-0.337979096852381
-0.332545275546496
-0.324704539316057
-0.315056880621195
-0.304220586399466
-0.292821057512342
-0.281479635887058
-0.270802622083557
-0.261370661759183
-0.25372867240049
-0.248376471865887
-0.245760257902006
-0.246265073067879
-0.250208372668664
-0.25783479464179
-0.269312210158986
-0.284729112336755
-0.304093378233234
-0.327332416611118
-0.354294691131774
-0.384752586082963
-0.41840655979515
-0.454890509922108
-0.49377825508677
-0.534591019338223
-0.576805789718426
-0.619864403255083
-0.663183208101782
-0.706163134521156
-0.748200005093016
-0.788694910024429
-0.827064472795034
-0.862750833594181
-0.895231183056676
-0.924026686595047
-0.948710650028362
-0.968915790048705
-0.984340488135205
-0.994753923574807
-1
