1
0.989571250604056
0.968843227466803
0.938073187231055
0.897642801602598
0.848053166642987
0.789918256153836
0.723956909426978
0.650983463731259
0.571897160409416
0.487670470102147
0.399336497163496
0.307975635575697
0.214701658440725
0.120647430284709
0.0269504358638324
-0.0652616791498343
-0.154885361312272
-0.240855005931063
-0.3221562330443
-0.397838408036214
-0.467026243612678
-0.528930333658452
-0.582856485341761
-0.628213733479332
-0.66452094035921
-0.69141190465106
-0.708638924408505
-0.7160747811671
-0.713713134439018
-0.701667338172996
-0.680167712659204
-0.649557326594725
-0.610286364279117
-0.562905171890912
-0.508056094235349
-0.446464229006787
-0.378927239259977
-0.306304376248438
-0.229504873915382
-0.149475882999241
-0.0671901168659809
0.0163666172330543
0.100207828754017
0.183358527075957
0.264867014047894
0.34381613084029
0.419333814513643
0.49060283215138
0.556869574622306
0.617451807803316
0.671745296147798
0.719229231553917
0.759470419280945
0.792126191884297
0.816946041489822
0.833771979905454
0.842537654779213
0.843266267972634
0.836067359258466
0.821132534120142
0.798730228599675
0.769199616608053
0.732943775704404
0.690422235925336
0.64214304269559
0.588654469102021
0.530536514827518
0.468392328818519
0.402839690333995
0.33450267846502
0.264003653626081
0.191955666037497
0.118955396007789
0.0455767190771261
-0.0276350239872554
-0.100167986510779
-0.171547953709502
-0.241341623701472
-0.309159012346061
-0.374654978441222
-0.43752988149007
-0.497529399432283
-0.554443548169411
-0.608104958157855
-0.658386475579001
-0.705198166424704
-0.748483811085298
-0.788216984551421
-0.824396823025653
-0.857043581502345
-0.886194088664619
-0.911897205250532
-0.934209389874538
-0.953190472207292
-0.968899727501565
-0.981392338820169
-0.990716324118448
-0.996909994730473
-1
