0.423728866272824
0.428057925322662
0.43665505206716
0.44939898901169
0.466109654119248
0.486550281234569
0.510430233288227
0.537408454077959
0.567097516710723
0.599068219616297
0.632854674503119
0.667959824802413
0.703861328110517
0.74001773195405
0.775874868918809
0.810872394839521
0.844450392369461
0.876055961849137
0.905149721971289
0.931212144281643
0.953749648034861
0.972300385304184
0.986439650470622
0.995784853231797
1
0.998799634922955
0.991952198670838
0.979282770494253
0.960675166769919
0.936073377210076
0.905482328011855
0.868967969357317
0.826656692737594
0.77873409146164
0.725443085321453
0.667081437626238
0.603998699598876
0.536592623368168
0.465305090416653
0.390617607293183
0.313046424618626
0.233137338859948
0.151460238991286
0.0686034619812164
-0.0148319779647194
-0.0982382213141201
-0.18100639182706
-0.262532358875579
-0.3422223726377
-0.419498514226813
-0.493803906351627
-0.56460763422134
-0.631409331045438
-0.69374338755216
-0.751182750384366
-0.803342279943206
-0.849881644153591
-0.890507730635586
-0.92497656579742
-0.953094735336078
-0.974720306460451
-0.989763257764479
-0.998185428003251
-1
-0.995270540479393
-0.984109620733769
-0.966677046643329
-0.943177729657239
-0.913859232877474
-0.879009028357785
-0.838951503132269
-0.794044752326625
-0.744677197993939
-0.691264072077804
-0.634243801168264
-0.574074329517294
-0.511229415163073
-0.446194932024352
-0.379465208520474
-0.3115394307047
-0.242918135126922
-0.174099813725778
-0.105577650049251
-0.0378364030756987
0.0286505480895383
0.0934239882793721
0.156041471508008
0.216079742406975
0.273136971249295
0.326834802083941
0.376820215349227
0.422767207879493
0.464378294450918
0.501385835923611
0.533553199629382
0.560675757936088
0.582581730905344
0.599132878672089
0.610225048639436
0.615788581833036
