-0.791912104645429
-0.778258116480777
-0.751159866681396
-0.711033535081206
-0.658495259786753
-0.594351522371637
-0.519586564332465
-0.435347032468372
-0.342924094360552
-0.243733304845507
-0.139292539670733
-0.0311983428388392
0.0788989409914731
0.189320858662633
0.298386961977123
0.404440932677134
0.505876309088787
0.601161410949433
0.688863071659928
0.76766880607495
0.836407066665291
0.894065271066693
0.93980531919405
0.972976357693175
0.993124592900511
1
0.993559824972504
0.973968826455853
0.941596255976562
0.897009626368414
0.840965368749313
0.774396527389501
0.698397688400219
0.614207381668169
0.52318823517283
0.426805196125466
0.326602163704987
0.224177403059339
0.12115812930037
0.0191746631457193
-0.0801654335494451
-0.175302833977828
-0.264751132179703
-0.347120348984175
-0.421138887389159
-0.485673591289712
-0.539747591530387
-0.582555658301627
-0.613476818369423
-0.632084038898212
-0.638150826016087
-0.631654635046616
-0.61277703972318
-0.581900658914323
-0.539602890614349
-0.486646553383926
-0.423967584265253
-0.352659988675068
-0.27395828116338
-0.189217695532013
-0.0998924780105233
-0.00751260743270332
0.0863406888319536
0.180060235451695
0.272038625609373
0.360693946246621
0.444495104833798
0.521986356749067
0.59181064500461
0.65273138284231
0.703652334338129
0.743635278214837
0.771915175092086
0.787912597847543
0.791243228000303
0.781724267375241
0.759377663032753
0.724430093783204
0.67730971775485
0.618639731640692
0.549228842606166
0.47005880260109
0.382269201216259
0.287139756525346
0.186070382872908
0.0805593496859185
-0.0278201244551551
-0.137444473524602
-0.24666519367666
-0.353834660146017
-0.4573319443262
-0.555588223898012
-0.64711138527551
-0.730509430356907
-0.804512318411689
-0.867991898605387
-0.919979618770698
-0.959681731102663
-0.986491754932832
-1
