1
0.987984451203784
0.964105128801053
0.928663456362688
0.882106283558164
0.825019630592673
0.758120491474189
0.682246816741013
0.598345822972792
0.50746080086906
0.410716615539773
0.309304111583156
0.204463651243251
0.0974680262084711
-0.0103950077482806
-0.1178403192035
-0.223602857446014
-0.326454724396062
-0.425221616262889
-0.518798399354174
-0.60616359819374
-0.686392591141947
-0.758669328778606
-0.822296413087784
-0.87670340062294
-0.921453219939629
-0.956246622241967
-0.980924613956025
-0.995468850359975
-1
-0.994774119934007
-0.980177111408925
-0.956717353941572
-0.92501664250728
-0.885799577240653
-0.839881577347553
-0.788155710483696
-0.731578545383388
-0.671155248780212
-0.607924157459577
-0.542941062484917
-0.477263445165346
-0.411934903160413
-0.347970000282481
-0.286339765151467
-0.227958052027588
-0.173668962095696
-0.124235505449652
-0.0803296633222974
-0.0425239870620779
-0.0112848453427583
0.0130325954911361
0.0301876007695361
0.0400552777929404
0.0426261670287249
0.0380040426491897
0.0264019787012424
0.00813676396688234
-0.016378226152752
-0.0466415690102457
-0.0820735924822905
-0.122027259708147
-0.165799953647666
-0.212645961677038
-0.26178945107789
-0.312437720315947
-0.363794508526945
-0.415073146652035
-0.465509338158682
-0.514373365157255
-0.560981526835547
-0.604706631289592
-0.64498737878785
-0.681336493981175
-0.713347486238199
-0.740699940785625
-0.763163268278211
-0.780598866404687
-0.79296067372879
-0.800294122735934
-0.802733525570871
-0.800497951780736
-0.793885682103864
-0.783267345569599
-0.769077868524819
-0.751807383337532
-0.731991261141338
-0.710199446813237
-0.687025285203277
-0.663074035288728
-0.638951273291058
-0.615251386806935
-0.592546359656027
-0.571375041483799
-0.552233087276168
-0.535563739996159
-0.521749614741707
-0.511105625395848
-0.503873174985566
-0.50021570921085
