-1
-0.997144334875203
-0.99146737670878
-0.983037247461034
-0.97195458553494
-0.958350722883509
-0.942385304854789
-0.924243394852923
-0.904132115066161
-0.882276882819731
-0.858917309411534
-0.834302834457321
-0.808688173702742
-0.782328661866964
-0.755475574302032
-0.728371512042777
-0.701245934165955
-0.674310919280783
-0.647757234465999
-0.621750785104454
-0.596429512920994
-0.571900802200288
-0.548239445765544
-0.525486212971744
-0.503647051859234
-0.482692946889462
-0.46256044251963
-0.443152831450108
-0.424341994885691
-0.405970870779486
-0.387856514965168
-0.369793709514557
-0.351559062760565
-0.332915536368113
-0.313617326772458
-0.293415021374846
-0.272060944211295
-0.249314601493649
-0.224948134543304
-0.198751686255113
-0.170538587375739
-0.140150270566599
-0.107460823431261
-0.0723810963807278
-0.0348622873235807
0.00510106738589977
0.047468757638516
0.092153272032425
0.139018919528235
0.187881730223663
0.238510153073615
0.290626555862017
0.34390951998925
0.397996909873747
0.452489684180237
0.506956403880396
0.560938380520021
0.613955397197721
0.665511924830569
0.715103747455093
0.762224902734434
0.806374837642372
0.847065674579772
0.883829480033504
0.916225426372889
0.943846737530047
0.966327311138183
0.983347913190093
0.994641846386159
1
0.999275197209337
0.992385765305224
0.979318264868967
0.960129325737689
0.934946550194816
0.903968457134257
0.867463454758867
0.825767843478533
0.779282864858927
0.728470826524796
0.673850346628682
0.615990774648805
0.555505857677783
0.493046732816816
0.429294336621736
0.364951331597877
0.300733657369324
0.237361820234721
0.175552039269886
0.116007369874526
0.0594089266400317
0.00640732661746335
-0.0423855285038653
-0.0864042171027097
-0.125137000996163
-0.158132366828647
-0.185004813893199
-0.205439807208541
-0.219197826284028
-0.226117452641452
