1
0.986937742226376
0.960991313684138
0.922514237644831
0.8720302128587
0.810225323462864
0.737937839131321
0.656145761953922
0.565952311039518
0.468569567377064
0.365300529568038
0.257519855228526
0.146653582775131
0.0341581436477683
-0.0785010144518707
-0.189870867175745
-0.298531989373995
-0.403119145110814
-0.502340979347455
-0.594998513175331
-0.680002163474859
-0.756387031173681
-0.823326229514078
-0.880142054485316
-0.926314833349159
-0.961489323455999
-0.98547857174615
-0.998265184857687
-1
-0.990998187071813
-0.971732852273922
-0.942826252069499
-0.905038763176737
-0.859255788766361
-0.80647281264389
-0.747778841433149
-0.684338499206125
-0.617373059248185
-0.548140713395863
-0.477916390397067
-0.407971440855363
-0.339553507442653
-0.27386689518845
-0.212053747847899
-0.15517632276085
-0.104200638461989
-0.0599817468799757
-0.0232508556312677
0.00539550390747912
0.0255040999008851
0.036771287211504
0.0390468681538367
0.0323354751904361
0.0167954632483034
-0.00726466122330294
-0.0393922084027093
-0.078998566599271
-0.125369617175117
-0.177678129157728
-0.234997928843224
-0.296319612022414
-0.360567542531037
-0.426617861005343
-0.493317212321556
-0.559501889450322
-0.624017085528402
-0.685735944926574
-0.743578107984501
-0.796527452821436
-0.84364875107123
-0.88410297231154
-0.917160994070211
-0.942215500240355
-0.958790880102641
-0.966550972468339
-0.965304534202842
-0.955008349011608
-0.935767930284661
-0.907835810397526
-0.871607447541254
-0.827614819286519
-0.776517809070537
-0.719093527043045
-0.656223739659404
-0.588880612542064
-0.51811099796885
-0.445019521462548
-0.370750740985766
-0.296470666887492
-0.223347940772692
-0.152534976716702
-0.0851493686411318
-0.0222558632035831
0.0351508116964476
0.0861619865793697
0.129969700297731
0.165879724699931
0.193322754725148
0.211863584129695
0.221208119435622
