-0.841212082598914
-0.843052537456104
-0.846692015181578
-0.852048185629578
-0.8589988815678
-0.867383673883252
-0.877005941480764
-0.887635410341135
-0.899011130444034
-0.910844853900583
-0.922824772750262
-0.934619570518107
-0.945882737855539
-0.956257099448278
-0.965379496905638
-0.972885570576022
-0.978414582183371
-0.981614219858543
-0.982145327548461
-0.979686501914932
-0.973938501665508
-0.964628416762454
-0.951513548096208
-0.934384951941555
-0.913070607785725
-0.887438172868634
-0.857397291941353
-0.822901436259853
-0.78394925161306
-0.74058540116074
-0.69290089494902
-0.641032904100361
-0.585164063761667
-0.525521274861684
-0.462374020502149
-0.396032218315038
-0.32684363529416
-0.25519089639167
-0.181488122503916
-0.106177237307681
-0.0297239857066696
0.0473862906243008
0.124653072978283
0.201565231499979
0.277605687176967
0.352256119621752
0.425001670659393
0.495335594660452
0.562763808052761
0.626809292476111
0.687016308572612
0.742954380387781
0.794222013743386
0.840450115678735
0.881305086084652
0.916491556913704
0.945754758779266
0.968882499292322
0.985706742065873
0.996104779881334
1
0.997362243959177
0.988207768364011
0.972598817124037
0.950642819244307
0.922491229626718
0.888338033335467
0.84841793640569
0.803004268506624
0.752406624597267
0.696968274127188
0.637063367338086
0.573093968819331
0.505486948675711
0.434690761495999
0.361172142789981
0.285412751717429
0.207905787796589
0.12915260788779
0.0496593681372561
-0.0300662862230986
-0.109518462251178
-0.188196172900731
-0.265606385992779
-0.341266953783217
-0.414709410431457
-0.485481626691764
-0.553150313076088
-0.617303364545559
-0.677552041452804
-0.733532982957984
-0.784910050462345
-0.831375999732791
-0.872653981323678
-0.908498869636206
-0.938698421495372
-0.963074265477484
-0.981482723400689
-0.993815465413243
-1
