0.703772840037716
0.707931974901784
0.716145972932678
0.728208087930658
0.743812664531258
0.762560414044615
0.783965315481903
0.807463030138242
0.83242069356096
0.858147926357747
0.883908885447521
0.908935160344033
0.932439305159928
0.953628786449336
0.971720119939656
0.98595296575193
0.995603951931002
1
0.998530933759107
0.990661163549226
0.97594025252488
0.954012188902598
0.92462320839712
0.887628033809181
0.84299442362667
0.790805948152983
0.731262939661451
0.664681591951021
0.591491213989339
0.512229671611722
0.427537080034838
0.338147837786539
0.244881119107194
0.148629966523703
0.0503491477441518
-0.0489580390876925
-0.148253810719514
-0.246480579764386
-0.342576045875223
-0.435488464695514
-0.524191858830828
-0.60770093545655
-0.685085479247878
-0.755483997027127
-0.818116401752491
-0.872295538047502
-0.917437369164792
-0.953069665815178
-0.978839060352663
-0.99451635502671
-1
-0.995317685159754
-0.980626018979169
-0.956208297353777
-0.922470394979799
-0.879934840992161
-0.829233168780642
-0.771096656710542
-0.706345601467518
-0.635877288532021
-0.560652844508403
-0.481683173369202
-0.400014192853323
-0.31671159805464
-0.23284538648468
-0.149474382475185
-0.0676309986468093
0.0116935316893065
0.0875632248493414
0.15911050452702
0.225548246118064
0.28618052433085
0.340411901230843
0.387755114846057
0.42783705362345
0.460402928976224
0.485318586475578
0.50257092547259
0.512266426626675
0.514627816499787
0.509988927583257
0.498787840397732
0.481558421201415
0.458920393934823
0.43156810792712
0.400258183229703
0.365796232907548
0.329022875933317
0.290799265268733
0.251992363110481
0.213460199008156
0.176037346571459
0.140520850773332
0.107656830484218
0.0781279699567661
0.0525420986926595
0.0314220416895183
0.0151969017611644
0.00419491276943562
-0.00136202243926276
