0.48741800076839
0.492681951346178
0.503097039536567
0.518439496938304
0.538378285533109
0.562480553773887
0.590218777047929
0.620979470091871
0.65407333416562
0.688746679170054
0.724193940771864
0.759571095293282
0.794009760905103
0.826631762750673
0.856563932196688
0.882952906569678
0.904979695554395
0.921873783904435
0.932926547191238
0.937503767883941
0.935057052943337
0.925133971110621
0.907386747909011
0.881579378742999
0.847593045025348
0.805429744601858
0.755214075465866
0.697193140424863
0.63173456955198
0.559322686469427
0.480552873312856
0.396124217165221
0.306830547390079
0.213549998222026
0.117233253797718
0.0188906531796258
-0.0804216494800855
-0.179616259939186
-0.277589633054103
-0.373237447349693
-0.465470031892053
-0.553227611743262
-0.635495141267333
-0.711316501129753
-0.779807844882311
-0.840169894389236
-0.891698999817194
-0.933796799218915
-0.965978334582657
-0.987878505252045
-0.999256765464065
-1
-0.990123540166058
-0.969770311073978
-0.939208130025557
-0.89882520426684
-0.849123904021892
-0.790712913110564
-0.724297884187262
-0.650670748323252
-0.570697848940745
-0.485307087678683
-0.395474284356491
-0.302208964579396
-0.206539796524339
-0.109499902939699
-0.0121122753211773
0.0846244854174241
0.179749883627025
0.272354490394898
0.361591956087837
0.446689894148369
0.526959475017956
0.601803590245506
0.670723470175464
0.733323663723029
0.789315315232721
0.838517700857665
0.880858014852703
0.91636942419963
0.945187437631558
0.967544661956316
0.983764044170119
0.994250721796645
0.999482625804379
1
0.996394017659565
0.98929469007684
0.97935827246128
0.967254380039131
0.953653031185709
0.939211834885547
0.9245635367765
0.910304131536449
0.896981739524543
0.885086432553985
0.875041177661727
0.867194049011442
0.86181183692192
0.859075159794553
