0.0204208846879033
0.0284844070766326
0.0444612844279706
0.0680536312322297
0.0988207037617812
0.136186093432551
0.179447139640419
0.227786412854744
0.280285085906099
0.335937981429535
0.393670056790811
0.452354064950809
0.510829110973508
0.567919809551037
0.622455739231551
0.673290884145048
0.719322754005994
0.759510878030601
0.792894378064547
0.818608340522163
0.83589872546583
0.84413557400994
0.842824301857821
0.831614896753676
0.810308870483249
0.77886385126979
0.737395739431903
0.686178387414593
0.62564080417256
0.556361922764102
0.479063008293153
0.394597820414004
0.303940679904783
0.208172621766985
0.10846584740087
0.00606671516754398
-0.09772246834287
-0.201562575122649
-0.304097404938812
-0.403973751361129
-0.499861474025965
-0.590473266352377
-0.67458381261611
-0.751048037774743
-0.818818167573215
-0.876959335020113
-0.924663492018626
-0.961261411404255
-0.986232594467088
-0.999212931749975
-1
-0.988555915057031
-0.96500769860889
-0.929645155527699
-0.882916297316187
-0.825420385425812
-0.75789870525957
-0.681223216959224
-0.596383262045136
-0.504470535109718
-0.406662556589938
-0.304204905740398
-0.198392491934565
-0.0905501570413882
0.0179870883699325
0.125893887007406
0.231874106637529
0.334679857754335
0.433129662459879
0.526125493748352
0.612668422661267
0.691872633172073
0.762977590809109
0.825358180520688
0.878532661657658
0.922168322683975
0.956084754774435
0.980254701242547
0.994802478162496
1
0.996260481939627
0.984129927292496
0.964276543308677
0.937478261351384
0.904608567200351
0.866620873769469
0.824531691330971
0.779402869076054
0.732323196215349
0.684389660606457
0.636688667937171
0.59027752471422
0.54616648370689
0.505301641147666
0.468548961047878
0.436679683668018
0.410357352781725
0.390126670245803
0.376404356951484
0.369472166952098
