-0.3111605224141
-0.30204087087654
-0.283932162464519
-0.257093595868368
-0.221909023626222
-0.178881104096594
-0.128623646911526
-0.0718522714354484
-0.00937352407184511
0.0579273757168188
0.129099969458138
0.203142964224382
0.279019383078486
0.355672225277471
0.432040392291341
0.507074631721272
0.579753251122299
0.64909735755305
0.714185386327342
0.774166693808309
0.828274003985228
0.875834516770854
0.91627950716536
0.949152268317066
0.974114277693058
0.990949493641373
0.999566719137897
1
0.992407055834424
0.977065772980578
0.954368819223425
0.924816469601929
0.889007760763545
0.847630117569745
0.801447619628242
0.751288096737198
0.698029260539773
0.642584094715807
0.585885737545078
0.528872098482805
0.472470454370538
0.417582271002698
0.365068491979965
0.315735529166487
0.270322177749544
0.229487664057425
0.193801016159109
0.163731926134983
0.139643249105665
0.121785258012623
0.110291745172327
0.105178032217457
0.106340919659102
0.11356057643319
0.126504338920604
0.144732358541416
0.16770500759993
0.194791925063621
0.225282557838292
0.258398029266528
0.293304145403848
0.329125331451434
0.364959275833598
0.399892048037702
0.433013448664274
0.463432346287053
0.49029175575813
0.512783416512057
0.530161637163669
0.541756184135586
0.546984007013117
0.545359611570666
0.536503912657593
0.520151423037663
0.496155660468112
0.464492683368868
0.42526269492706
0.378689685941457
0.32511911765547
0.265013676767639
0.198947165257032
0.127596617137206
0.0517327622912021
-0.027791016301039
-0.110051061765475
-0.194066967593272
-0.278816037391078
-0.36324845565676
-0.446302933742502
-0.526922587502071
-0.604070799282716
-0.67674681697602
-0.744000846785733
-0.804948404142775
-0.858783698676458
-0.904791844156108
-0.942359702613084
-0.970985193151716
-0.990284919924009
-1
