1
0.994294089448789
0.982945783666383
0.96608125284606
0.943887613585302
0.916610397057449
0.884550230356491
0.848058778870457
0.807534008146199
0.763414833442006
0.716175233879499
0.666317915673536
0.614367615226531
0.560864137829277
0.50635523124215
0.451389395488226
0.396508730745709
0.342241924276156
0.289097474885312
0.237557249525475
0.188070461374584
0.141048152151168
0.0968582536486811
0.0558212946187602
0.0182068093373966
-0.015769506397888
-0.0459478573055995
-0.0722256058282401
-0.0945577135944324
-0.112956368263289
-0.127489808837216
-0.138280374220481
-0.145501811049202
-0.149375887455431
-0.150168369295241
-0.14818442432226
-0.143763527692409
-0.137273948928109
-0.129106905954429
-0.119670475969106
-0.109383355667186
-0.0986685646755237
-0.0879471859503964
-0.0776322353637466
-0.0681227497822915
-0.0597981786829461
-0.0530131588220042
-0.0480927447779768
-0.04532816043032
-0.0449731277457759
-0.0472408197619424
-0.0523014745367824
-0.0602806962350592
-0.0712584586167863
-0.0852688151511765
-0.102300308976041
-0.122297065129318
-0.145160537064323
-0.170751869584595
-0.198894831149493
-0.229379260148054
-0.261964962342075
-0.296385990350261
-0.332355230876279
-0.369569221448511
-0.407713115792044
-0.446465715626966
-0.485504486693188
-0.524510478131184
-0.563173066969678
-0.601194453334138
-0.638293837023231
-0.674211212214901
-0.708710724153173
-0.741583539609992
-0.772650191578643
-0.801762367891221
-0.828804123107992
-0.853692502941259
-0.876377580486624
-0.896841913476013
-0.915099441476507
-0.931193851278816
-0.945196447497612
-0.957203573501037
-0.9673336350682
-0.975723785524812
-0.982526336427306
-0.987904962071097
-0.992030769123806
-0.995078304483518
-0.997221575010068
-0.998630152068974
-0.999465431878855
-0.999877119499971
-1
-0.999951054957802
-0.999826976109183
-0.999702120708741
-0.999626945201443
