0.00770709308663475
0.0156190630175739
0.0313204249680585
0.0545677978142129
0.0850005203848716
0.122145871024733
0.16542590643924
0.214165818823532
0.267603687923656
0.324901484188618
0.385157160855422
0.447417656941223
0.510692619934658
0.573968646678775
0.636223833672752
0.696442423894498
0.753629336318593
0.806824366582456
0.855115852697524
0.897653608222737
0.933660936778939
0.962445556004339
0.983409275810489
0.996056294834382
1
0.994968176777142
0.980806561706745
0.957480693681696
0.925076045947745
0.883796446430936
0.833960819414484
0.775998306392665
0.710441847745586
0.637920329346952
0.559149418998997
0.474921236373655
0.386093016647597
0.293574942007901
0.19831732647138
0.101297347843449
0.00350552602635501
-0.0940678507968331
-0.190446151347914
-0.28467948088722
-0.375857225193143
-0.463119878470925
-0.545669987161043
-0.622782056499662
-0.693811283817104
-0.758201001666778
-0.815488734648975
-0.86531079589876
-0.907405372293152
-0.941614071134081
-0.967881925006666
-0.98625587532114
-0.996881778349283
-1
-0.995939686796444
-0.985111820192446
-0.968001179198233
-0.945157352004252
-0.917184950661809
-0.884733193702739
-0.848485029701321
-0.809145980087628
-0.767432881944879
-0.724062711043185
-0.679741662003148
-0.635154656316105
-0.590955440088649
-0.547757421985321
-0.506125388112712
-0.466568214755069
-0.429532682202763
-0.395398473706278
-0.364474423158615
-0.336996053795597
-0.313124428356913
-0.292946309128481
-0.276475604447979
-0.26365605695523
-0.254365108452471
-0.248418857035997
-0.245578004479128
-0.245554675970063
-0.248019980490101
-0.252612168576767
-0.258945235133919
-0.266617808467695
-0.275222162941301
-0.284353191607082
-0.293617176900039
-0.302640201926582
-0.311076051975621
-0.318613465492059
-0.324982605720974
-0.329960638351157
-0.333376316521188
-0.335113492231019
