-1
-0.995566346249329
-0.986762664334764
-0.973715105515977
-0.956610165502946
-0.935691458829011
-0.911255503416113
-0.883646586722671
-0.853250800483505
-0.820489345237469
-0.785811218357433
-0.749685409941333
-0.712592739514909
-0.675017472892385
-0.637438862632223
-0.600322757240013
-0.564113423576927
-0.529225723836468
-0.496037782999943
-0.464884274956117
-0.43605044559375
-0.409766979303346
-0.386205801645122
-0.365476895672587
-0.347626192789874
-0.332634581333154
-0.320418057587391
-0.310829024977975
-0.303658728019955
-0.298640788577045
-0.295455793388435
-0.29373686396777
-0.293076123158595
-0.293031957121231
-0.293136957584688
-0.292906417056396
-0.291847239546787
-0.289467121408053
-0.285283851245351
-0.278834574636294
-0.269684868654197
-0.257437472956424
-0.241740528455133
-0.222295181278076
-0.198862418756759
-0.171269015415772
-0.139412480211944
-0.103264911383905
-0.062875681990082
-0.0183728972782859
0.0300364158374071
0.0820674070152612
0.137359787903863
0.195481483707395
0.255933509556696
0.318156010543689
0.381535385299683
0.445412395148234
0.509091144427743
0.571848802823556
0.632945927714469
0.691637233835515
0.747182649166285
0.798858490014896
0.845968584887304
0.887855175975428
0.923909428990425
0.953581386592857
0.976389207771812
0.991927545102367
0.999874923728206
1
0.992166593742256
0.976337405882722
0.952576352392404
0.921049465860945
0.882024337262659
0.835868092229861
0.783043918110176
0.724106179907001
0.659694184552297
0.590524673509736
0.517383143136896
0.441114110246989
0.362610456623964
0.282802000605874
0.202643456035374
0.123101948691724
0.0451442676101648
-0.0302759666552085
-0.102231032836488
-0.169831555656977
-0.232238488835028
-0.288674461049236
-0.338434320397938
-0.380894724232298
-0.415522634896257
-0.441882597664121
-0.45964269479116
-0.468579088819349
