1
0.991884910198127
0.975743532542669
0.951752213162506
0.92017234611978
0.881346676956955
0.835694462698928
0.783705562470135
0.725933549224819
0.662987948009931
0.595525719451421
0.524242118568403
0.449861068397879
0.37312519510923
0.294785676190837
0.21559205582532
0.136282181696643
0.0575724151912198
-0.0198517376964136
-0.095344434390134
-0.168307611460104
-0.23819828799331
-0.304534949582974
-0.366902920604166
-0.424958648557818
-0.478432841549243
-0.527132418147074
-0.570941247657207
-0.609819677947238
-0.643802867068787
-0.672997953746473
-0.697580120036637
-0.717787616818709
-0.733915838994271
-0.746310552077993
-0.755360385038037
-0.761488715574161
-0.765145083331921
-0.766796273695153
-0.76691721966501
-0.765981871846547
-0.764454186685082
-0.762779380823825
-0.761375594828953
-0.760626102622984
-0.760872193892732
-0.762406845639072
-0.765469286089315
-0.770240539605203
-0.776840025222491
-0.785323264306186
-0.795680734771243
-0.807837890688542
-0.821656347166197
-0.836936211467341
-0.853419522698305
-0.870794744371365
-0.888702237000623
-0.906740621900474
-0.924473932777996
-0.941439438775246
-0.95715601153105
-0.971132899771185
-0.982878768045683
-0.991910851622906
-0.997764077296436
-1
-0.998215407656978
-0.992050451576093
-0.981196166868074
-0.965401256687639
-0.944478025455263
-0.918307359405727
-0.886842667638492
-0.850112713075275
-0.808223280107632
-0.761357643968364
-0.709775825697633
-0.653812635701163
-0.593874528012052
-0.530435306168334
-0.464030739808673
-0.395252168381232
-0.324739184482972
-0.25317150404307
-0.181260143602898
-0.109738036119037
-0.0393502258483275
0.0291562101803411
0.0950423619547298
0.157587653099683
0.216099820034228
0.269924551912903
0.318454644512097
0.36113852843024
0.397488041361766
0.427085325632627
0.449588745471618
0.464737733429304
0.472356491711537
