1
0.988742565482013
0.966360800925561
0.933119162180553
0.889409975088848
0.835748275148254
0.772765041272335
0.701198919359562
0.62188655262918
0.535751655195533
0.443792982850368
0.347071370247552
0.246696016414851
0.143810210568792
0.0395766974378342
-0.0648371143946118
-0.168273896288903
-0.269600892315266
-0.367723962434261
-0.461600985039271
-0.550254438067187
-0.632782990737414
-0.708371953227185
-0.776302448996229
-0.835959193767236
-0.886836786053928
-0.928544436286405
-0.960809084676156
-0.983476881640223
-0.996513028507502
-1
-0.994134193261728
-0.97922107065022
-0.955668884777361
-0.923981094073547
-0.884747595162446
-0.83863491431178
-0.786375513939805
-0.728756381414656
-0.666607076030247
-0.600787415964557
-0.532174990153097
-0.461652680314573
-0.390096375863424
-0.318363059194406
-0.247279430929044
-0.177631234314478
-0.110153425241558
-0.0455213195158356
0.0156571676817101
0.0728480934939073
0.125596793176071
0.173531863461461
0.216367788198448
0.253906192475309
0.28603573294356
0.312730653183227
0.33404805339451
0.35012394313415
0.361168163943534
0.367458285263701
0.369332591751481
0.367182292782738
0.361443095369167
0.352586289776608
0.341109502706855
0.327527275922997
0.312361628633499
0.29613275981686
0.279350042022375
0.26250345111882
0.246055567115627
0.230434269720169
0.216026238923153
0.203171355854429
0.192158082682399
0.183219882721692
0.17653272346301
0.172213686255255
0.170320687169583
0.170853294476061
0.173754609481325
0.178914159516647
0.186171734923799
0.195322086236445
0.206120383650749
0.21828832854719
0.231520796462888
0.245492882683598
0.259867215654776
0.274301399791693
0.288455448050581
0.301999065817185
0.314618651247009
0.32602388308477
0.335953775092519
0.344182086383578
0.350521989016043
0.354829907936884
0.357008463550063
