1
0.991194125455345
0.973666677688776
0.947585303009762
0.913199092115975
0.870835759214456
0.820897936426254
0.763858630135058
0.700255896401508
0.630686802249034
0.555800748403717
0.476292236822584
0.392893172969236
0.306364798206338
0.217489351802103
0.127061564841779
0.0358800897633178
-0.0552610307133984
-0.145580752815184
-0.23431917931892
-0.320745369711318
-0.404164722287615
-0.483925843928184
-0.559426830707814
-0.630120890856784
-0.695521250782505
-0.755205294741231
-0.808817899178148
-0.856073933581491
-0.896759910768032
-0.930734780677199
-0.957929872843165
-0.978348003584827
-0.99206177445376
-0.999211098467838
-1
-0.994692742765065
-0.983609348042509
-0.967120571993568
-0.945642416596167
-0.919630253266387
-0.889572641613151
-0.855984927953749
-0.81940270918992
-0.780375247413532
-0.739458919201178
-0.697210781008978
-0.654182328449604
-0.610913522595331
-0.567927150889893
-0.525723583866937
-0.484775981773305
-0.445525997499951
-0.408380014057554
-0.373705946328719
-0.341830628117719
-0.313037796736821
-0.287566678648751
-0.26561117115819
-0.247319606936204
-0.232795080388309
-0.22209630764836
-0.215238985395315
-0.212197607834795
-0.21290769613598
-0.217268390426172
-0.225145351165083
-0.236373914377963
-0.250762443834748
-0.268095822819619
-0.288139028624563
-0.310640734289375
-0.335336884353031
-0.361954194417654
-0.390213528085088
-0.419833109224994
-0.45053153248081
-0.482030540316956
-0.514057540652311
-0.546347845102318
-0.57864661395421
-0.6107105001154
-0.642308990294646
-0.673225447493051
-0.703257864396533
-0.732219342379435
-0.759938315464946
-0.786258542666679
-0.811038895592721
-0.834152970976463
-0.855488559868212
-0.874947006552123
-0.892442490832258
-0.907901267161552
-0.921260893183789
-0.93246947865038
-0.941484983402972
-0.948274590233434
-0.952814175009734
-0.955087892564332
