0.812767437112104
0.8143945172956
0.81760358090709
0.822305331949276
0.828368054186181
0.835620239857428
0.843854021107667
0.85282934271077
0.862278801281475
0.871913064044895
0.881426769583097
0.890504803980106
0.898828838597428
0.906084010457025
0.911965622981299
0.916185743700489
0.918479576512878
0.91861148916349
0.91638058174876
0.911625689180228
0.904229719538709
0.894123240979628
0.881287242139282
0.865755004643297
0.847613041112092
0.827001067753696
0.804110996975852
0.779184952169633
0.752512323640756
0.724425901314804
0.695297136042279
0.665530596808767
0.635557705654664
0.605829845382899
0.576810946955459
0.548969673646351
0.522771327351657
0.498669608807175
0.477098367712583
0.458463480823196
0.443134995896195
0.431439676953253
0.423654081667663
0.419998294858905
0.42063043317421
0.425642025181485
0.435054358449882
0.448815870941377
0.466800648393963
0.488808072582886
0.514563647658632
0.54372101345314
0.575865136004048
0.610516646862957
0.647137284322415
0.685136371809895
0.723878251641052
0.762690576373128
0.800873345410886
0.837708561530432
0.872470370815444
0.904435540333296
0.932894120872672
0.957160137343914
0.976582147098276
0.990553506505365
0.998522188655182
1
0.994571051062111
0.981899345909526
0.961735366810825
0.933921544156797
0.898396517183426
0.855198108023057
0.804464949898332
0.746436729585957
0.681453024326547
0.609950733842602
0.532460128740732
0.44959955700522
0.362068870228097
0.270641650362643
0.176156335840281
0.0795063625784262
-0.0183705495278879
-0.116503820827893
-0.213901991898694
-0.309565095425426
-0.402497249576189
-0.491719298416073
-0.576281323401248
-0.655274851071301
-0.727844585706298
-0.793199501886205
-0.850623140497963
-0.89948296265594
-0.93923862907633
-0.96944908748376
-0.989778367407757
-1
