0.0210481193615895
0.0265321354779311
0.0374400587158399
0.0536523031356997
0.0749910628625308
0.101222179960474
0.132057602244942
0.167158403526454
0.206138332535288
0.248567850939991
0.293978615515393
0.341868354700498
0.391706085570019
0.442937613674038
0.494991255318488
0.547283719696472
0.599226086858677
0.650229816843187
0.699712725373722
0.747104862374116
0.791854231119691
0.83343228812793
0.871339166847349
0.905108571792689
0.93431229394649
0.958564302945081
0.977524376728219
0.990901234887949
0.998455147831533
1
0.995404791680332
0.984594570336644
0.967550788785132
0.944311093871041
0.914968555497559
0.879670351833397
0.838615932218922
0.792054684635657
0.740283139542277
0.683641746359275
0.622511262858887
0.557308801148313
0.488483576792359
0.416512409883984
0.341895028523458
0.265149226203028
0.1868059250161
0.107404196428012
0.0274862905771411
-0.0524072762548891
-0.131742528225164
-0.209996685137272
-0.286662623650393
-0.361253105068334
-0.433304733840152
-0.502381614751834
-0.568078680874099
-0.630024668596299
-0.68788472046153
-0.74136260096489
-0.790202514927756
-0.834190522460535
-0.873155548821826
-0.90696999162383
-0.935549931776883
-0.958854958269306
-0.976887620306534
-0.989692523455374
-0.997355089230282
-1
-0.997789353171448
-0.990920550316404
-0.979623948243658
-0.964160299989205
-0.944818014308956
-0.921910262526722
-0.895771961533646
-0.86675666137642
-0.83523336523682
-0.801583308723136
-0.766196724296166
-0.729469615371252
-0.691800563206987
-0.653587588144509
-0.615225085132215
-0.577100851791656
-0.539593225582429
-0.503068344935491
-0.46787754757222
-0.434354917633536
-0.40281499172978
-0.373550632604027
-0.346831077791752
-0.322900169466939
-0.301974770593662
-0.284243371553796
-0.269864890592988
-0.25896767071196
-0.251648675019137
-0.247972882040711
