0.0268540692845687
0.0318270526518842
0.041724011639533
0.056447372407822
0.0758518743427206
0.0997458790946331
0.127893097513213
0.160014718881709
0.195791923225238
0.23486875401457
0.27685532534203
0.321331334638669
0.367849849259191
0.41594133280825
0.465117874940844
0.514877586559803
0.564709120871118
0.614096279655909
0.662522663385838
0.70947632345289
0.75445437480727
0.796967527697951
0.836544497984779
0.872736256631241
0.905120080481946
0.933303368264195
0.956927187911279
0.975669523766007
0.989248194963299
0.997423419284946
1
0.996829116620859
0.987809704086507
0.972889408597589
0.952065112139054
0.92538302160024
0.892938322304241
0.854874399652846
0.811381636445165
0.762695797202609
0.709096014496386
0.650902395793512
0.58847327268229
0.522202117478817
0.452514155124768
0.379862700938307
0.304725257151432
0.227599403238277
0.148998516792324
0.0694473631316044
-0.0105224071116824
-0.0903768124355309
-0.169584106597
-0.247619316067556
-0.323968708806358
-0.398134155046051
-0.469637341834851
-0.538023804463456
-0.602866739612026
-0.663770567065038
-0.720374209141167
-0.772354059550276
-0.81942661619649
-0.861350755469623
-0.897929628779599
-0.929012165461038
-0.954494169677773
-0.974319002558587
-0.988477844464033
-0.997009535987571
-1
-0.997581250721896
-0.989929999422698
-0.977265869865837
-0.959849240016717
-0.937978729775219
-0.91198835755913
-0.882244391423413
-0.849141923028423
-0.813101195146043
-0.774563715496284
-0.7339881915209
-0.691846322210019
-0.648618484290512
-0.604789350951273
-0.560843481814039
-0.517260923055159
-0.474512856442558
-0.433057335575288
-0.393335146804937
-0.355765831186484
-0.320743902361166
-0.288635293528373
-0.259774064632963
-0.234459398596405
-0.212952912874862
-0.195476309856649
-0.182209386639505
-0.173288421580249
-0.168804951712718
