-0.856733031247641
-0.858916627165009
-0.863204244363227
-0.869438317201866
-0.877386428565517
-0.886745950277888
-0.897150103030466
-0.908175329450139
-0.919349850696814
-0.930163255908564
-0.940076955251607
-0.948535311597693
-0.95497725320893
-0.958848160475717
-0.959611813889713
-0.956762188146336
-0.949834878607688
-0.938417951305124
-0.922162016150315
-0.900789334925491
-0.874101790752936
-0.841987563862482
-0.804426379296462
-0.761493215381955
-0.713360386988314
-0.660297944368538
-0.602672356323174
-0.540943475072374
-0.47565980910926
-0.407452158964677
-0.337025698769998
-0.265150613301199
-0.19265142538106
-0.120395171688328
-0.0492786057854765
0.0197853748202865
0.0858818658320866
0.148108434174289
0.20558970542273
0.257491824825974
0.303036555474629
0.341514780370761
0.372299182125907
0.394855884685227
0.408754855688867
0.413678885634088
0.409430980633878
0.395940028969678
0.373264627452621
0.341594981444064
0.301252821813394
0.252689312672988
0.19648095495069
0.133323522250674
0.0640240965203189
-0.0105086987067097
-0.0892761407629539
-0.171202372065168
-0.255148707158527
-0.339929081234923
-0.42432641932161
-0.507109689166176
-0.587051388224956
-0.662945206310114
-0.733623600523736
-0.797975018202374
-0.854960506747643
-0.903629456399541
-0.943134233128318
-0.972743473725555
-0.991853833653933
-1
-0.996862806645067
-0.982275316158558
-0.956226762516681
-0.91886428011222
-0.870492377175387
-0.811570145175925
-0.74270622951463
-0.664651620323416
-0.578290354964506
-0.484628255348812
-0.384779852996003
-0.27995368237502
-0.171436148066376
-0.0605741932890009
0.0512429840085158
0.162602906271629
0.272089210310432
0.378301180653471
0.479873139893486
0.575493414927323
0.663922603495194
0.7440108750609
0.814714053705345
0.875108248130136
0.924402814827751
0.96195146465675
0.987261350102539
1
