0.0976440626352244
0.0964554811641514
0.0941258101722269
0.0907491147770576
0.0864642111515064
0.0814519717394429
0.0759318031643217
0.070157356169448
0.0644115399425162
0.0590009250195707
0.054249629442624
0.0504927917902622
0.0480697419655935
0.0473169860916902
0.0485611254407039
0.0521118309488899
0.0582549945167175
0.0672461759636691
0.0793044602354303
0.0946068333122783
0.113283177336994
0.135411975892613
0.161016809265402
0.190063707101624
0.222459412304346
0.258050595533606
0.296624044499659
0.337907836615829
0.381573487753697
0.427239054071184
0.474473148415521
0.522799817885853
0.57170421501327
0.620638981906701
0.669031254832465
0.716290186235625
0.761814872342487
0.805002567350757
0.845257059934648
0.881997084455346
0.914664637930656
0.942733074507741
0.965714851894286
0.983168808898373
0.994706859837207
1
0.998783526462949
0.990861390199146
0.976109608424164
0.954478680267851
0.925994963945076
0.89076098937817
0.848954696455677
0.800827605542306
0.746701943226687
0.686966762350222
0.622073110850054
0.552528318628661
0.478889485300675
0.401756264049444
0.321763047755779
0.239570672866447
0.155857764002244
0.0713118479449268
-0.0133796307019841
-0.0975382582710415
-0.180503431758511
-0.261640838598101
-0.340350510111561
-0.416074328782173
-0.488302877873373
-0.556581532023245
-0.620515699130426
-0.679775136927116
-0.734097281907702
-0.783289543525383
-0.827230532546964
-0.865870208919353
-0.899228951193531
-0.927395566213003
-0.950524274144018
-0.968830719748804
-0.982587075833711
-0.992116318806748
-0.99778576903475
-1
-0.99919322994265
-0.995821317587231
-0.990353489565083
-0.983263931165365
-0.975023374012505
-0.966090814146363
-0.956905491774793
-0.947879259710939
-0.939389461265751
-0.931772430237268
-0.925317715749118
-0.920263123195771
-0.916790649630961
-0.915023377790289
