1
0.998855180539704
0.996582694849026
0.993216579221136
0.98880721666575
0.983420542296494
0.977137002176733
0.970050280984908
0.96226581726956
0.953899128195602
0.94507396849082
0.935920350743745
0.926572456245186
0.917166467176144
0.90783835210124
0.898721637412781
0.889945197576801
0.88163109675666
0.87389251363714
0.866831780054551
0.860538562375311
0.855088212482503
0.850540312758893
0.846937436633612
0.844304143130846
0.842646220469769
0.841950190166554
0.842183079335721
0.843292465035213
0.845206790605101
0.847835950071223
0.851072132879913
0.854790917554074
0.858852599368025
0.863103733879652
0.867378875180253
0.871502485067857
0.875290987055953
0.878554937228459
0.881101282469052
0.882735675547856
0.883264815953585
0.882498785220045
0.880253345811267
0.87635217339111
0.870628993496165
0.862929595233767
0.853113696612453
0.841056638447181
0.826650886427901
0.809807323854962
0.790456320681967
0.768548567816483
0.744055669059885
0.716970486566273
0.687307239213131
0.655101356749671
0.620409095970177
0.583306928398497
0.543890712018297
0.502274662397222
0.458590141091311
0.412984281443037
0.36561847377177
0.316666733474299
0.266313976686428
0.214754228892069
0.16218879219732
0.108824396914285
0.0548713626293327
0.000541793076308972
-0.0539521720841822
-0.108400027038181
-0.162594471473557
-0.216332866592309
-0.269418560338563
-0.321662069278782
-0.372882107298398
-0.422906454109239
-0.471572659446625
-0.518728581724904
-0.56423276276713
-0.607954642981247
-0.649774623976099
-0.689583988053171
-0.727284686234622
-0.762789008459588
-0.796019151267874
-0.826906699667093
-0.855392040925655
-0.881423728734836
-0.904957816529831
-0.92595717874933
-0.944390838449272
-0.960233318978331
-0.973464036385678
-0.984066747886474
-0.992029070083388
-0.997342078764073
-1
