1
0.996953170658406
0.990874968073437
0.981796283469262
0.969763399662356
0.954837921830353
0.937096677983553
0.916631583198574
0.893549460493148
0.867971810235013
0.840034519216502
0.80988750001578
0.777694251026686
0.743631327587466
0.707887714984174
0.670664094751113
0.632171996636126
0.592632829834413
0.552276788606455
0.511341629162998
0.470071316697065
0.428714543638248
0.387523122562188
0.346750259668028
0.30664871729514
0.267468876541105
0.229456713617606
0.192851706089748
0.157884687537899
0.124775671409901
0.0937316668479073
0.0649445110326041
0.0385887440459027
0.0148195533731414
-0.00622918408634776
-0.0244467342838636
-0.0397471844197205
-0.0520709398473069
-0.0613860128154095
-0.067689077791133
-0.071006269959056
-0.0713937057761309
-0.0689377071560324
-0.0637547139337136
-0.0559908726865619
-0.0458212937219874
-0.0334489720359272
-0.0191033722505629
-0.0030386818961321
0.014468258149358
0.0331203327704872
0.0526028235405227
0.0725863493886438
0.0927300507614395
0.112684987092737
0.132097713752778
0.15061400136069
0.167882657468939
0.183559408215935
0.197310795638226
0.208818044975351
0.217780855519662
0.223921068383652
0.226986164993765
0.226752551178599
0.223028583398625
0.215657295952496
0.204518790871468
0.189532255649413
0.170657577913796
0.147896530577467
0.121293505869287
0.0909357818638459
0.0569533106513247
0.0195180230373224
-0.0211573494355876
-0.0648209283752726
-0.111183805593925
-0.159922604697416
-0.210682462855724
-0.263080402920447
-0.31670906089581
-0.371140729002533
-0.425931670266915
-0.480626656782703
-0.5347636805857
-0.587878783498452
-0.639510950384119
-0.689207009025267
-0.736526479336105
-0.781046314837046
-0.822365480269975
-0.860109310902906
-0.893933601445367
-0.923528375543
-0.948621290503989
-0.968980636184969
-0.984417891775551
-0.994789809506659
-1
