1
0.987997371240317
0.964153809876365
0.928790358076434
0.882382739052979
0.825554447359087
0.759067698241946
0.68381237195494
0.600793118957252
0.51111481941535
0.415966614944421
0.316604751715761
0.214334491585887
0.110491361509209
0.00642202097350064
-0.0965349675946954
-0.197068179644126
-0.293911898210397
-0.385863937984241
-0.47180246114352
-0.550701538280412
-0.621645227404887
-0.683839967071771
-0.736625105800525
-0.77948141872628
-0.812037493389751
-0.834073899260689
-0.845525089487294
-0.846479017947289
-0.837174489410245
-0.817996294969017
-0.789468218331631
-0.752244030569658
-0.707096621004327
-0.654905439617461
-0.596642451278954
-0.533356823808403
-0.466158590108795
-0.396201539052767
-0.324665600254982
-0.252738994177663
-0.181600421105838
-0.112401560375767
-0.0462501448919297
0.0158061344618403
0.0727946542465303
0.12383159145984
0.168134163205135
0.205031196551598
0.233971879139926
0.254532570330608
0.266421583670945
0.269481883680325
0.263691672910557
0.249162878408857
0.226137579573112
0.194982451426223
0.156181328047277
0.110326019802659
0.0581055446707559
0.000293957937074429
-0.0622630145167752
-0.128662316516816
-0.197958638712564
-0.269179985588039
-0.341343479292163
-0.413471145114747
-0.484605425415732
-0.553824174829918
-0.620254899507069
-0.683088016835583
-0.741588929305391
-0.795108726605477
-0.8430933533855
-0.885091105956484
-0.920758349140131
-0.949863374045399
-0.972288348275
-0.988029341446266
-0.997194440444039
-1
-0.996765104512131
-0.987904345993487
-0.973919050207385
-0.955387107972419
-0.932951590908356
-0.907308350188644
-0.879192812861623
-0.849366202748512
-0.818601421627361
-0.787668831234399
-0.757322177486183
-0.72828489523987
-0.701237024921014
-0.676802961577129
-0.655540242540782
-0.637929562145693
-0.624366181124978
-0.615152874773441
-0.610494538060583
