1
0.992616585125514
0.977925097687139
0.95607536039359
0.927289963239607
0.89186172047665
0.850150329233763
0.802578271219037
0.749626008242179
0.691826530932045
0.629759327866067
0.564043849278372
0.495332545480049
0.424303565032215
0.351653201498864
0.278088180226346
0.204317878020371
0.131046568806997
0.0589657873752516
-0.0112530988733521
-0.0789660235621127
-0.14356297816977
-0.204474315300145
-0.26117652802058
-0.313197442134304
-0.360120766233237
-0.401589952990866
-0.437311334277168
-0.46705650218072
-0.490663917774712
-0.508039739328632
-0.519157871511097
-0.524059246818194
-0.522850359866246
-0.515701084183688
-0.502841809606829
-0.484559946220289
-0.461195847887011
-0.433138214698527
-0.400819039070021
-0.364708164646855
-0.325307530633966
-0.283145176576432
-0.238769083992989
-0.192740931594273
-0.145629840118736
-0.0980061811211217
-0.0504355213943393
-0.00347277115230016
0.042343400282689
0.0864958226792696
0.128493704171032
0.167877085154179
0.204220827179405
0.237138104382023
0.26628337240782
0.29135479733242
0.312096134626269
0.328298055674928
0.339798926618443
0.346485051222317
0.348290396041639
0.345195822202491
0.337227853624021
0.324457016373826
0.306995788033428
0.284996199406481
0.258647133599192
0.228171369422524
0.193822417203958
0.155881195460709
0.114652596496292
0.0704619878700841
0.0236516948980798
-0.0254224930746954
-0.0763947528712488
-0.128892557865654
-0.182539876160961
-0.236960208398267
-0.291779441509915
-0.346628499367914
-0.40114577598946
-0.454979341657439
-0.507788916909363
-0.55924761376196
-0.609043447694236
-0.65688062773918
-0.702480635471292
-0.745583106669778
-0.785946531941517
-0.823348794569287
-0.857587565285912
-0.888480574550957
-0.91586578322194
-0.939601472275783
-0.959566271468392
-0.975659145550937
-0.987799354930316
-0.995926405516753
-1
