0.86841650811582
0.866691588578763
0.863279322772118
0.858254167350197
0.851726094025643
0.843838565474923
0.834765889044363
0.824709992168722
0.8138966730539
0.802571388954306
0.790994652151859
0.779437110392379
0.768174393948419
0.75748181556758
0.747629012265195
0.73887461918513
0.731461065560591
0.725609581159348
0.721515498519481
0.719343931819677
0.719225907451841
0.721255014363693
0.725484634125006
0.731925801571063
0.740545736934372
0.751267079747785
0.763967843657211
0.778482099796701
0.794601384735001
0.812076817385805
0.830621897868491
0.849915950293916
0.869608161006301
0.889322154104362
0.90866103724793
0.927212842971782
0.94455628410174
0.96026673650626
0.973922358407137
0.985110252881513
0.993432579057891
0.998512517861852
1
0.99757710715716
0.990963062073037
0.979918729188992
0.964250554821064
0.943813884209644
0.918515602189491
0.888316054469916
0.853230217454842
0.813328095995166
0.768734340272676
0.719627084980934
0.666236025906938
0.608839760740759
0.547762432265078
0.483369722824703
0.416064258978969
0.346280494340045
0.274479146654328
0.201141272065376
0.126762065096438
0.0518444771201407
-0.023107251125129
-0.0975940461026394
-0.171128350452626
-0.24324026939472
-0.313483422747486
-0.381440415352963
-0.4467278446476
-0.509000771337768
-0.567956587505641
-0.623338225859159
-0.674936664101596
-0.722592689371525
-0.766197899221291
-0.805694927481284
-0.841076895412522
-0.872386100592762
-0.899711967822919
-0.923188297795688
-0.942989860157552
-0.959328387748263
-0.972448038059396
-0.982620396170707
-0.990139100471087
-0.995314178239483
-0.998466182559998
-0.999920225005572
-1
-0.999021896735519
-0.997289292983534
-0.995087122113558
-0.992676800177736
-0.99029159409559
-0.988132504877331
-0.986364731565953
-0.985114772287977
-0.984468208626348
