0.632899612879945
0.637746916174745
0.64731567554297
0.661356477186111
0.679500863923841
0.701268025371741
0.726073543282883
0.753240045798454
0.782009592289395
0.811557581301824
0.841007948318884
0.869449398041395
0.89595239802959
0.919586647131935
0.93943872337719
0.954629612069968
0.964331815778718
0.967785753730186
0.964315168739746
0.953341275049182
0.93439540007473
0.907129896779804
0.871327130804533
0.826906377173338
0.773928494874973
0.71259828333367
0.64326446219542
0.566417254342319
0.482683591004118
0.392819996634948
0.297703249241301
0.19831894847265
0.0957481584275985
-0.00884767577441559
-0.114243309574053
-0.219167525130761
-0.32232192694778
-0.42240041462774
-0.518109027798974
-0.608185850443925
-0.691420659006983
-0.766674000820362
-0.832895396544712
-0.889140372377712
-0.934586044563133
-0.968544999983223
-0.99047724201634
-1
-0.996895233107719
-0.981114694722958
-0.952782460926841
-0.912194865922532
-0.859817827485104
-0.796281586220115
-0.722372922897223
-0.639024957759647
-0.547304673870087
-0.448398342635194
-0.343595063081124
-0.234268656700054
-0.121858186268574
-0.00784738952681352
0.106256663361209
0.218945366364466
0.328730497647142
0.43416592942761
0.533868795905219
0.626539794664237
0.710982309162037
0.786120056987996
0.851012990285517
0.904871200734518
0.947066611400316
0.977142271109877
0.994819103306428
1
0.992771191878415
0.973400867245633
0.94233505456827
0.90019082538378
0.847746915503738
0.785931902192875
0.715810112700404
0.638565474577521
0.555483550086608
0.46793202519566
0.37733994771455
0.285176028690185
0.19292633592771
0.102071718210872
0.0140653033015687
-0.0696895879684634
-0.147860775234487
-0.219207474695904
-0.282599168924691
-0.337032802515881
-0.381648041129879
-0.415740360944179
-0.438771768595056
-0.450378987838728
