-0.21607236378951
-0.212889071295772
-0.206531708538446
-0.19701887780834
-0.184378872409695
-0.168650131410652
-0.149881824432531
-0.128134548554003
-0.103481115592758
-0.0760074046417164
-0.0458132518479332
-0.013013347090379
0.0222618945120117
0.0598655194083628
0.0996333142886823
0.141383209880813
0.18491484214546
0.230009301470127
0.276429098122553
0.323918369249433
0.372203349141101
0.4209931203825
0.469980658940296
0.518844181269598
0.567248796243234
0.614848459200469
0.661288219773759
0.706206749478644
0.749239129442041
0.790019873197062
0.828186154285881
0.863381203580665
0.895257836846238
0.923482069210833
0.947736769959108
0.967725308481808
0.983175140366137
0.993841281535716
0.999509618082905
1
0.99516906841728
0.984912768189271
0.96916850071654
0.947916875716247
0.921183025214834
0.889037448272498
0.851596360791963
0.809021531133047
0.761519589060094
0.709340802693609
0.652777325515901
0.592160922983799
0.52786019581653
0.46027732443921
0.38984436625758
0.317019144305235
0.242280772231818
0.166124866486089
0.0890585017952892
0.0115949705640266
-0.0657515894654023
-0.142471632100049
-0.218065635013262
-0.292049457411221
-0.363959552995343
-0.433357969194493
-0.499837065666011
-0.56302388806883
-0.622584137061738
-0.678225677327684
-0.729701537109043
-0.776812355184406
-0.819408239338214
-0.8573900080729
-0.890709795482668
-0.91937100773407
-0.943427628360478
-0.962982878450799
-0.978187246669507
-0.989235912757758
-0.996365596607002
-0.999850873043887
-1
-0.997150314650556
-0.991663258289867
-0.983919096075274
-0.974311402234355
-0.963241384824057
-0.951112126600585
-0.938322819965721
-0.925263074274335
-0.912307373010713
-0.899809756475345
-0.888098802692311
-0.877472975289229
-0.868196402170928
-0.860495142972645
-0.85455399662024
-0.850513892937284
-0.848469904226149
