0.00865673129062783
0.0153891533018349
0.0287649229995357
0.0486070051675631
0.0746526160185168
0.10655650550944
0.143895266815518
0.186172616770088
0.232825578500504
0.283231485858677
0.336715718721498
0.392560068962462
0.450011628996862
0.508292088383586
0.566607319110926
0.624157126962976
0.680145044795292
0.733788043657805
0.784326039479842
0.831031076443305
0.873216073159258
0.910243024251744
0.941530557841315
0.966560758590512
0.984885176288075
0.996129951256151
1
0.99628221730722
0.984847664259144
0.965652725152123
0.938739229948899
0.904233552399173
0.8623447071954
0.813361482282687
0.757648654546416
0.695642348395271
0.627844607091146
0.554817255916874
0.477175144301228
0.395578860740072
0.310727019685384
0.22334822346322
0.134192804692904
0.0440244555998135
-0.0463881499475768
-0.136279637858298
-0.224896018290609
-0.311502477506914
-0.395390787418954
-0.475886250234095
-0.552354103722947
-0.624205321607294
-0.690901753268276
-0.751960557241748
-0.806957893638911
-0.855531851539789
-0.897384598388381
-0.932283749306194
-0.960062964874466
-0.980621796160373
-0.99392480543334
-1
-0.998936624758836
-0.990882366331651
-0.976040027878269
-0.954663738870497
-0.927054768136852
-0.893557011355384
-0.854552225852116
-0.810455086060169
-0.761708132332002
-0.708776684014853
-0.652143784855623
-0.592305244970594
-0.529764838886778
-0.465029713638032
-0.398606054694232
-0.330995050739014
-0.262689191121316
-0.19416892232354
-0.12589968215229
-0.0583293227047105
0.00811407436995482
0.0730239940759652
0.136016906412075
0.196733323929475
0.254838521403253
0.310022945637304
0.362002347774385
0.410517673998775
0.45533475314975
0.496243821478058
0.533058925559833
0.565617244235269
0.593778369382587
0.617423583407261
0.636455168574484
0.650795779806164
0.660387908383135
0.665193459231405
