-1
-0.98915714143322
-0.967596285450861
-0.935565519212116
-0.893432908821071
-0.841681686445163
-0.780903939909711
-0.711792894241572
-0.635133894484921
-0.551794217339899
-0.462711855511188
-0.368883432858408
-0.271351420305676
-0.17119083182149
-0.0694955864883933
0.0326352733494553
0.134111316695747
0.233864221728498
0.330860851698024
0.424115730840881
0.512702751924825
0.595765959137623
0.672529264367556
0.742304971272558
0.804500999645006
0.858626722171161
0.904297346457631
0.941236796834471
0.969279072616018
0.988368081870063
0.998555971975133
1
0.9929580068929
0.97778257930797
0.954914001328987
0.924872115104518
0.888247224239673
0.845690186484378
0.797901852636482
0.745622016496978
0.68961804606925
0.630673368920027
0.569575984692715
0.507107175201452
0.444030577394359
0.381081776854918
0.318958569546395
0.258312027367232
0.199738488979087
0.143772581527457
0.0908813615567088
0.0414596449077849
-0.00417342402424836
-0.0457765332939963
-0.0831870845600068
-0.116320804496061
-0.145170116415509
-0.169801321236451
-0.190350655112259
-0.207019307993469
-0.220067502814704
-0.229807748680733
-0.236597393155036
-0.240830608360126
-0.242929952944339
-0.243337656954243
-0.242506779213163
-0.240892386921329
-0.238942904878057
-0.237091777036035
-0.235749576125157
-0.235296687957304
-0.236076685907017
-0.238390498150363
-0.24249145575765
-0.248581293921518
-0.256807161727187
-0.267259678218931
-0.279972054380316
-0.294920282325875
-0.312024374800963
-0.331150620303581
-0.352114802067911
-0.374686313062431
-0.398593084316897
-0.423527230541703
-0.4491513053549
-0.475105048672154
-0.501012501097471
-0.526489354598143
-0.551150405440159
-0.574616974347947
-0.596524160143827
-0.616527796689591
-0.634310988729127
-0.649590110114671
-0.662120157753279
-0.671699366265176
-0.678173001603265
-0.681436266518141
