1
0.989565615133002
0.968855233274802
0.938183115138442
0.898014404184063
0.848957740817001
0.791755598308819
0.727272494108578
0.656481264007506
0.58044761744309
0.500313219589528
0.417277569346181
0.332578961531486
0.247474836211689
0.163221827909184
0.0810558322874295
0.00217240772051808
-0.0722921760727697
-0.141278940336609
-0.20382296351727
-0.259068643968688
-0.306283215457618
-0.344868299477103
-0.374369309492498
-0.394482556307987
-0.405059940214635
-0.406111153886558
-0.397803359523626
-0.380458343871326
-0.354547194845616
-0.320682582917483
-0.279608768543686
-0.232189493162244
-0.179393945028784
-0.1222810219171
-0.0619821399555788
0.000317138812650608
0.0633963685455083
0.126020065387837
0.186957821353919
0.245004366157874
0.298999257335687
0.347845884558495
0.39052948457148
0.426133878543005
0.453856663535118
0.473022613997372
0.483095077261668
0.483685178535659
0.474558685360535
0.455640418373311
0.4270161339135
0.388931843929264
0.341790579139586
0.286146641857646
0.222697434637916
0.152272989347602
0.075823357774361
-0.00559594111066675
-0.090840191150927
-0.178693212748661
-0.267886283377317
-0.357117948762571
-0.445074414156685
-0.530450195532934
-0.611968705961443
-0.688402452970627
-0.758592528345033
-0.821467082475387
-0.876058490896189
-0.921518940779361
-0.957134189585951
-0.982335276430406
-0.996707998540235
-1
-0.992125357207252
-0.973166584555563
-0.943374024183163
-0.90316262455205
-0.85310615350922
-0.79392893168671
-0.726495210988613
-0.651796359879779
-0.570936051651147
-0.485113683248374
-0.395606280119157
-0.30374916642131
-0.210915699461733
-0.118496382097666
-0.0278776767909198
0.0595791500948295
0.142558825402894
0.219812184723773
0.290175293821773
0.35258727872511
0.406106587231439
0.449925428896924
0.483382168853945
0.505971482598073
0.517352113701409
