1
0.990266507318813
0.970930074222773
0.942249914306208
0.904610148886988
0.858514246848685
0.804577741025897
0.743519329944649
0.676150497784509
0.603363807456814
0.526120041358956
0.4454343813696
0.36236183373648
0.277982115464692
0.193384226475281
0.109650936058129
0.0278434129292744
-0.0510137744863883
-0.125947067043987
-0.196047522083672
-0.260483420423001
-0.318511690314807
-0.369487983890662
-0.412875262400728
-0.448250769476187
-0.47531129632438
-0.493876668836593
-0.503891413640506
-0.505424587745937
-0.498667784187882
-0.483931353538047
-0.461638907913559
-0.432320199749619
-0.396602491730336
-0.355200556521721
-0.308905464985975
-0.258572339074941
-0.205107260341011
-0.149453536747763
-0.0925775390392346
-0.0354543232147544
0.0209467424140259
0.0756761285531238
0.127817862398518
0.176502607044873
0.220919909778736
0.260329440287062
0.294071056592597
0.321573555733311
0.342361987524237
0.35606343283461
0.362411172312808
0.361247197006677
0.352523038453475
0.336298922139513
0.312741274340463
0.28211863784004
0.244796076489018
0.201228171627787
0.151950734696404
0.097571379568189
0.0387591149719482
-0.0237668684416062
-0.089249030494727
-0.156903739124029
-0.225933753870829
-0.295540733845912
-0.364937570040785
-0.433360346293451
-0.500079740757933
-0.564411690239305
-0.625727153059416
-0.68346082198832
-0.737118656947772
-0.786284127365325
-0.830623075898706
-0.869887138402569
-0.903915679095867
-0.932636224516397
-0.956063404620343
-0.974296433898453
-0.987515189241465
-0.995974964111804
-1
-0.999975915819964
-0.996341173513159
-0.989577733407636
-0.980201065572091
-0.96874969331763
-0.955774451976484
-0.941827650020534
-0.927452320415805
-0.913171747834651
-0.899479452008448
-0.886829799192371
-0.875629402571161
-0.866229458646644
-0.858919150443147
-0.853920230013726
-0.851382872530705
