-0.610845896859662
-0.605166232280746
-0.593842419468903
-0.576945384028037
-0.554581244550427
-0.526890983044451
-0.494049996040141
-0.456267518646231
-0.413785912374502
-0.366879806391053
-0.315855081046195
-0.261047682114452
-0.202822254175111
-0.141570582004702
-0.077709829749309
-0.0116805690005474
0.0560554112913494
0.125017517886592
0.194708991466737
0.26461976911032
0.334229566785996
0.403011173964714
0.470433948579774
0.535967496535596
0.59908551585435
0.65926978142993
0.716014242309892
0.768829199528093
0.81724552884432
0.860818909391246
0.899134016259919
0.931808632545006
0.95849763438675
0.978896801148071
0.992746402104292
0.999834510942466
1
0.993135167540204
0.979187953476041
0.958163701811378
0.930126431657879
0.895199582979559
0.85356620817813
0.805468586210999
0.75120724206927
0.691139361064067
0.625676594395036
0.555282259815457
0.480467948767389
0.401789559034862
0.319842779646285
0.235258062338816
0.148695121266209
0.0608370096767386
-0.0276161710995352
-0.115953868939518
-0.203461917638478
-0.289429541480973
-0.373156452210994
-0.453959959930062
-0.531182017389637
-0.604196116080126
-0.672413952489908
-0.735291783936036
-0.792336395461887
-0.843110602448307
-0.887238217771637
-0.924408417526787
-0.954379445464273
-0.976981603300477
-0.992119481870849
-0.999773396614253
-1
-0.992932053124301
-0.978777348688392
-0.957816787798388
-0.930401623363945
-0.896949893182775
-0.857942075943716
-0.81391601322573
-0.765461149979916
-0.713212154827188
-0.657841989662707
-0.600054505415068
-0.540576647258972
-0.480150358031566
-0.419524272974714
-0.359445302152027
-0.300650198919692
-0.24385721362893
-0.18975793128691
-0.139009390200461
-0.0922265756884542
-0.0499753788063428
-0.0127661047288299
0.018952390951551
0.044797867151517
0.0644591009084636
0.0776994762636172
0.0843597148273323
