-0.259518896420469
-0.248225238585863
-0.225836951713754
-0.192748839788967
-0.149545026847074
-0.0969894036462032
-0.0360131290971236
0.0323006134153137
0.106734360682
0.185956331027692
0.268542282505477
0.352998917529801
0.437788458593532
0.521354000724743
0.602145233619328
0.678644120140243
0.749390118204597
0.813004539983202
0.868213655706774
0.913870168999343
0.948972716234068
0.972683073526706
0.98434079115662
0.983475015863326
0.969813305965875
0.943287291889501
0.904035084705469
0.852400386904668
0.788928312015985
0.714357972017432
0.629611942941947
0.535782768835338
0.434116711491577
0.32599499742059
0.212912853596234
0.0964566590499489
-0.0217204302469662
-0.139924001016843
-0.256444645897391
-0.369584556913924
-0.477684029976952
-0.579147461913744
-0.672468428891122
-0.756253448939393
-0.8292440514305
-0.890336802484065
-0.938600966965485
-0.973293524504748
-0.993871298227153
-1
-0.991560044254113
-0.968649033077009
-0.931580867499107
-0.880881492883355
-0.817281339247425
-0.741704569362099
-0.655255297759391
-0.559200991555745
-0.454953308495024
-0.344046668139757
-0.228114888046319
-0.108866247481899
0.0119426337090303
0.132533694501443
0.251134691155891
0.36600638952931
0.475469266649447
0.57792930428435
0.671902471108494
0.756037510281096
0.829136675495508
0.890174090422448
0.938311443456324
0.972910771204614
0.993544129584788
1
0.992286329091419
0.970630153211351
0.935473812200889
0.887467810449714
0.827460435725377
0.756484297059855
0.675739991274114
0.586577152747653
0.490473182091371
0.389009985812993
0.283849090301151
0.176705519005279
0.069320841151113
-0.0365641866013996
-0.139236957686145
-0.237039904713524
-0.328396519419696
-0.411836096332558
-0.486016812926966
-0.549746785036164
-0.602002767946227
-0.641946210429359
-0.668936410392808
-0.682540566183587
