-0.25100459226593
-0.253049921421275
-0.257087915354901
-0.263014088367689
-0.270673806851934
-0.279864767862224
-0.290340245519427
-0.301813056364634
-0.313960183960225
-0.326427993117894
-0.338837955268045
-0.350792798804731
-0.361882991860535
-0.371693459981707
-0.379810437659528
-0.385828350680642
-0.389356625815349
-0.390026325473106
-0.387496507599751
-0.381460215228725
-0.371650005663764
-0.357842936176405
-0.339864931241071
-0.31759446557792
-0.290965507486669
-0.259969677976552
-0.224657592859732
-0.185139367099692
-0.141584273107791
-0.0942195571716514
-0.043328430589234
0.0107527358151203
0.0676379734838615
0.126895982931804
0.188055044087947
0.250608499477941
0.314020731427988
0.377733547562032
0.441172883269358
0.503755725618421
0.564897160442246
0.624017443055928
0.680548993299595
0.733943217319421
0.783677061670862
0.829259209895981
0.870235837612874
0.906195849262311
0.936775527868747
0.961662538357226
0.980599234977603
0.99338523406373
0.999879224529477
1
0.993726708116306
0.981098324152854
0.962212367472634
0.937222890337002
0.906337779020711
0.869815416898133
0.827960768018676
0.781120947546378
0.729680352185569
0.674055429254349
0.614689167323233
0.552045394250962
0.486602969988311
0.418849961670631
0.349277887290125
0.278376111660358
0.206626474510737
0.134498225450351
0.0624433343103921
-0.00910776187788087
-0.0797499221621149
-0.149106531004653
-0.216832158990146
-0.28261463018353
-0.346176481663034
-0.407275811112308
-0.46570651865811
-0.521297959216659
-0.573914031298878
-0.623451737365255
-0.669839259267897
-0.713033599935271
-0.753017849123051
-0.789798136667611
-0.823400341149674
-0.853866625136517
-0.881251870173945
-0.905620085417014
-0.927040863215561
-0.945585953122553
-0.96132602270687
-0.974327669284457
-0.984650741309395
-0.992346021784076
-0.997453318766614
-1
