-0.772263504292962
-0.775836205157283
-0.782868088218181
-0.793134287125753
-0.806302892591405
-0.821941317045977
-0.839524609968384
-0.858445581036992
-0.8780265570034
-0.897532569802677
-0.916185748364969
-0.933180665296456
-0.947700372408078
-0.958932846276955
-0.966087556845789
-0.96841186864275
-0.965206985604536
-0.955843156696295
-0.939773870453847
-0.916548782059193
-0.885825136358796
-0.847377474034228
-0.801105435559779
-0.747039508195348
-0.685344594576621
-0.616321316944626
-0.540405008133377
-0.458162378510405
-0.370285886525712
-0.277585878747351
-0.180980602625987
-0.0814842311276374
0.0198069277832134
0.121729832594463
0.223071488306912
0.322586848263188
0.419017560389233
0.511111264328364
0.597641134413659
0.677425356726389
0.749346226756463
0.81236855746605
0.865557095831196
0.908092659089702
0.939286719770411
0.958594190857537
0.965624188820663
0.960148582317027
0.94210816768844
0.911616348417903
0.86896023392352
0.814599112855673
0.749160296806932
0.67343237140481
0.58835593248982
0.495011924843058
0.394607739089355
0.288461258357477
0.177983079454391
0.0646571631739794
-0.0499798055698653
-0.164360045243997
-0.276906973014172
-0.386057835655046
-0.490286336496674
-0.588124916736453
-0.678186352597418
-0.75918433820543
-0.829952737578576
-0.889463207582083
-0.936840916832953
-0.971378112999257
-0.992545322319909
-1
-0.993592487888028
-0.973369175941386
-0.93957280582411
-0.892639897916778
-0.833195326394421
-0.762044110178164
-0.680160529825601
-0.588674721141879
-0.488856934838475
-0.382099687342945
-0.269898060314683
-0.153828435044318
-0.0355259722606158
0.0833388324427866
0.201084172627979
0.31604118002984
0.426578039957008
0.531123615731195
0.628190231503107
0.716395274789065
0.794481297223173
0.861334314059112
0.916000029551699
0.957697746098894
0.985831749463805
1
