0.674390796253768
0.677391961377543
0.683341112018314
0.69213274180189
0.703610709580585
0.717570743430648
0.733763716469628
0.751899641919543
0.771652323291005
0.792664585037472
0.814553999695669
0.836919019537534
0.859345414238762
0.881412911123809
0.902701931256731
0.922800313064636
0.941309915332078
0.957852993288695
0.972078245099845
0.983666431304577
0.992335476544477
0.99784497118329
1
0.998654235895289
0.993712248312216
0.985130988649847
0.972920428143281
0.957143337285237
0.937914209656483
0.915397346795013
0.889804134247644
0.861389551996717
0.83044797483031
0.797308329728815
0.762328687789353
0.725890377434552
0.688391713505124
0.650241443189483
0.611852014495086
0.573632776037373
0.53598321826164
0.499286365797099
0.463902428474529
0.430162814651033
0.398364604936409
0.368765577290998
0.341579865874912
0.31697432610725
0.295065667296233
0.275918402101177
0.259543649174772
0.245898811812508
0.234888141518302
0.226364181301023
0.22013006946851
0.215942670906069
0.213516489533789
0.212528303042306
0.212622449310247
0.2134166832949
0.214508513830354
0.215481921814376
0.215914354845053
0.215383888584606
0.213476442059733
0.209792932806708
0.203956258259505
0.195617992056085
0.184464687969454
0.170223689896365
0.152668353670798
0.131622595299906
0.106964690411057
0.0786302610930447
0.0466143987360463
0.0109728847310682
-0.0281775152255553
-0.0706596931795209
-0.116237772787158
-0.164619596023143
-0.21546008955533
-0.268365463908262
-0.322898185528498
-0.378582649758184
-0.434911471708305
-0.491352302272736
-0.547355068192091
-0.602359528293851
-0.655803032909551
-0.707128370082782
-0.75579158058751
-0.801269624001671
-0.843067780124077
-0.88072667385331
-0.913828817207487
-0.942004569368344
-0.964937424371452
-0.982368546201745
-0.994100482433448
-1
