-0.245856529173501
-0.252897019404148
-0.266853365788673
-0.287478215836304
-0.31440530078934
-0.347155066346389
-0.385142046214423
-0.427683866221663
-0.474011741928582
-0.523282309986294
-0.574590613258298
-0.626984042252796
-0.679477020975779
-0.731066214129616
-0.780746024817867
-0.827524147690715
-0.870436941838995
-0.908564390723979
-0.941044422965482
-0.967086377797627
-0.985983412281898
-0.997123663732178
-1
-0.994218211990644
-0.979503526693364
-0.955705344740088
-0.922800133656751
-0.880892436119024
-0.83021398123376
-0.771120915695234
-0.704089200166199
-0.629708243968927
-0.548672877714242
-0.461773788440076
-0.369886564793616
-0.273959520422862
-0.175000481731078
-0.0740627412201595
0.0277696104193697
0.129396751698905
0.229718370255742
0.327648846699951
0.422132155636388
0.5121562624633
0.596766803290714
0.675079847309239
0.746293555976201
0.809698571226906
0.864686985277
0.91075976713155
0.947532545298039
0.974739672027113
0.992236521267864
1
0.998127280261273
0.986832786591306
0.966443500333825
0.937392667861862
0.900212023916554
0.855522663506401
0.804024715857554
0.746485991429934
0.683729787752489
0.616622051562451
0.546058103284513
0.472949135134341
0.398208696006678
0.322739374795595
0.247419888930783
0.173092776789755
0.100552881403939
0.0305367987080742
-0.0362865532754577
-0.0993241071930234
-0.158065445292301
-0.212088131868936
-0.261061511033748
-0.304748927044271
-0.343008350438426
-0.375791419339267
-0.403140931146929
-0.425186844981797
-0.442140879288333
-0.45428981156722
-0.461987607914626
-0.465646528581981
-0.465727371833729
-0.462729031720592
-0.457177555792615
-0.449614896088046
-0.440587550839312
-0.43063529517639
-0.420280196673707
-0.41001610592536
-0.40029880354271
-0.39153697319679
-0.384084155771687
-0.378231822595423
-0.374203686353878
-0.372151346989479
