0.275638909512566
0.280294085976275
0.289540403527651
0.303250793008182
0.321237138484232
0.343253217569169
0.368998547558934
0.398123075242405
0.430232634611546
0.464895084280689
0.50164702542988
0.540000991691506
0.579452994754603
0.619490303691255
0.659599332208488
0.699273506259393
0.738020984739042
0.775372108340841
0.81088645602139
0.844159394848009
0.874828017183111
0.902576369063661
0.927139885104772
0.948308958111146
0.965931585613581
0.97991505053584
0.990226608900027
0.9968931736447
1
0.999688394175123
0.996152483103192
0.989635098399419
0.980422842271547
0.968840416641182
0.955244308971261
0.940015939049605
0.923554380075237
0.906268774683331
0.888570571905127
0.870865714400343
0.853546906562971
0.836986093261378
0.821527276038181
0.807479788605901
0.79511214650488
0.784646576946311
0.776254324281237
0.770051814379847
0.766097747663481
0.764391175816121
0.76487060154352
0.767414124392725
0.771840638850577
0.777912073972193
0.785336646918417
0.793773086272739
0.802835765126181
0.812100668916856
0.82111210912972
0.829390081424817
0.83643815577174
0.84175177690301
0.844826846011554
0.845168449230553
0.842299595139158
0.835769822394257
0.825163539621793
0.810107962902602
0.79028052151446
0.765415609967933
0.735310573690173
0.699830826828947
0.658914013401224
0.612573137203014
0.560898601313369
0.504059114429285
0.442301438407718
0.375948969001858
0.305399159589308
0.231119815424112
0.153644303327684
0.0735657384955894
-0.00846977402334392
-0.0917707508693623
-0.175608689240326
-0.259227055572433
-0.341850776456689
-0.422696096067347
-0.500980658275716
-0.575933667662498
-0.646805981888779
-0.712879988371015
-0.773479120924805
-0.82797687695759
-0.875805202829324
-0.916462124057195
-0.949518507979245
-0.974623859146346
-0.991511061890103
-1
