1
0.98761718124108
0.963026538654868
0.926575367298136
0.878777915088922
0.820307467115246
0.751985985901416
0.674771470409428
0.589743232377027
0.498085321284663
0.401068358284841
0.300030064361329
0.196354788418842
0.0914523566140828
-0.0132634252198781
-0.116396278897926
-0.216588633810736
-0.312542147641758
-0.40303724662359
-0.486951379715128
-0.563275701531613
-0.631129923806768
-0.689775104215475
-0.738624174078045
-0.77725004228644
-0.805391151173167
-0.822954400378512
-0.830015396424257
-0.826816028013973
-0.813759409382939
-0.791402275646468
-0.760444954386136
-0.721719076032629
-0.67617322134602
-0.624856736894499
-0.568901978375528
-0.509505266451674
-0.447906860094212
-0.385370267919659
-0.323161228422433
-0.262526695185712
-0.204674163009903
-0.150751665435658
-0.101828763441637
-0.0588788293346661
-0.0227629092699931
0.00578457723366887
0.0261680715899348
0.0379408478645225
0.0408125614589674
0.0346542527771785
0.0195007243172396
-0.00444974863950343
-0.0368383711934793
-0.0771514009434741
-0.124728252490163
-0.178772007450526
-0.238362164783523
-0.302469430498071
-0.369972313244576
-0.439675263396823
-0.510328068469683
-0.580646197482697
-0.649331771491497
-0.715094827213371
-0.776674535634835
-0.832860037789702
-0.882510565533671
-0.924574526029351
-0.958107244624592
-0.98228708160773
-0.996429663629855
-1
-0.992622287122123
-0.974087240533776
-0.944356832756501
-0.903566355867874
-0.85202376971462
-0.790206339344131
-0.718754607866672
-0.638463792901182
-0.550272735343387
-0.455250567786376
-0.35458130591295
-0.249546598998227
-0.141506904792976
-0.0318813790429415
0.0778732096572676
0.186284213398442
0.291885150134568
0.393237718569513
0.488953440988754
0.57771459780259
0.658294128371611
0.729574188595354
0.790563076511899
0.840410262454802
0.878419289747453
0.904058345022111
0.916968333512139
