0.751888058912867
0.750300324401646
0.747173075948256
0.742601702459857
0.736726676026329
0.729730472124602
0.721833551792339
0.713289479741096
0.704379268477836
0.695405053064586
0.686683213918249
0.678537075814844
0.671289319826484
0.665254251133188
0.660730069402039
0.657991289640649
0.657281460080033
0.658806319735648
0.662727531889278
0.669157120924593
0.678152728872012
0.689713794848397
0.703778745523652
0.720223268051386
0.738859718834053
0.759437702348251
0.781645834345646
0.805114683396491
0.829420864291192
0.854092236600232
0.878614142050769
0.902436595638773
0.924982327875181
0.945655559561427
0.963851376279238
0.978965557609422
0.990404706180637
0.997596514172464
1
0.997115545691036
0.988494565990702
0.973748643507259
0.952557970217383
0.924678944306641
0.889950782514865
0.848301021729122
0.79974979932256
0.744412819442707
0.68250293184278
0.61433027063021
0.540300922160331
0.460914113893031
0.376757939005484
0.288503654555861
0.196898613659361
0.102757914110252
0.00695486681174184
-0.0895895930765562
-0.185918411512367
-0.28105068084145
-0.373994494728702
-0.463760211380589
-0.549373935228668
-0.629891021605386
-0.704409406235539
-0.772082561653145
-0.832131885951162
-0.883858335551543
-0.926653122869657
-0.96000731171984
-0.983520157903067
-0.996906059428068
-1
-0.992761390487543
-0.975276235741546
-0.947757578051599
-0.910544193336112
-0.864097541496401
-0.808996997845911
-0.745933417768462
-0.675701111382622
-0.599188328619472
-0.517366377398179
-0.431277518167501
-0.342021796655496
-0.250742992947894
-0.158613878745262
-0.066820985615462
0.0234509049122003
0.111034333601024
0.19479458048455
0.273644710314111
0.346560034766607
0.412591787359989
0.470879817687016
0.520664125094107
0.561295068105747
0.592242104489445
0.613100937598801
0.623598967217068
