0.343582062479675
0.349528625820583
0.36131890017653
0.378748761136614
0.401515948342153
0.429224709209777
0.461391878714263
0.497454301600693
0.536777482745732
0.578665332512979
0.622370857140328
0.667107629718444
0.712061865392961
0.75640491523302
0.79930598689677
0.839944896886921
0.877524658876581
0.911283715300125
0.940507625101622
0.964540029123331
0.982792725963166
0.994754705053978
1
0.998194243591319
0.989099826117512
0.972579580300335
0.948598939023014
0.917226535693172
0.878633241168078
0.833089655319035
0.780962095139863
0.722707144441642
0.658864852262345
0.590050687812769
0.516946378758482
0.440289776607709
0.360863907675411
0.279485380298304
0.196992328497526
0.114232078980836
0.0320487321446437
-0.048729151476027
-0.127300570061453
-0.202903620564689
-0.274826383882155
-0.342416989788035
-0.405092709582159
-0.462347940044511
-0.513760960027671
-0.558999360568874
-0.597824070455558
-0.630091921398661
-0.655756720004975
-0.674868817229864
-0.6875731895641
-0.694106069492512
-0.694790185391423
-0.690028692651505
-0.680297898083933
-0.666138898273828
-0.648148269195733
-0.626967958842586
-0.6032745466188
-0.577768042625136
-0.551160406575147
-0.524163969831122
-0.497479944878212
-0.471787204461468
-0.447731507630926
-0.425915342159282
-0.40688854234404
-0.391139828252367
-0.379089397222676
-0.371082681148757
-0.367385364018615
-0.368179733667378
-0.373562420060586
-0.383543549997558
-0.398047325272777
-0.416914008421241
-0.439903277566979
-0.466698889952369
-0.496914572798887
-0.530101040569815
-0.565754019783393
-0.603323146544673
-0.64222158817918
-0.681836228978916
-0.721538251290401
-0.760693937122992
-0.798675512227587
-0.834871854239999
-0.868698889002754
-0.899609504531023
-0.927102820184946
-0.95073265931984
-0.970115086834405
-0.984934888412884
-0.994950885612144
-1
