0.477701611657263
0.473855635228097
0.466175103319126
0.454683038593998
0.439414421397862
0.420416709911205
0.39775050823915
0.371490361270803
0.341725650648832
0.308561562205632
0.272120091831443
0.232541054013061
0.189983055279419
0.144624393559332
0.0966638440307284
0.0463212924387615
-0.00616182191300152
-0.0605222892491275
-0.116475171399306
-0.173714132186836
-0.231912081158002
-0.290722150756414
-0.349779021566017
-0.408700604300137
-0.467090080900283
-0.524538300533554
-0.580626519553781
-0.634929467735149
-0.687018716416593
-0.73646631772957
-0.782848677937686
-0.825750622207513
-0.864769602963251
-0.899519999453653
-0.92963745236871
-0.954783174365747
-0.974648175267524
-0.988957339532569
-0.997473293409852
-1
-0.996386022261737
-0.986527396816891
-0.970370065195728
-0.947911813885914
-0.919203680147051
-0.884350786957188
-0.84351257758329
-0.796902428016385
-0.744786623775286
-0.6874826962416
-0.625357122616697
-0.558822402655896
-0.488333534399784
-0.414383920049037
-0.337500741779164
-0.258239855529802
-0.177180258498345
-0.0949181930956066
-0.0120609563660907
0.070779510767734
0.152993175701934
0.233978525737277
0.313149154811968
0.389940240117255
0.46381482351345
0.534269814059746
0.600841630575964
0.663111406944702
0.720709687796371
0.773320548238437
0.820685078317899
0.862604180851189
0.898940640012345
0.929620427519509
0.954633223271645
0.974032137722139
0.987932633987043
0.996510658521164
1
0.998688906664374
0.992916002663572
0.983065553722118
0.969562141611478
0.952864815295869
0.93346079411627
0.911858804866519
0.888582140001756
0.864161528419959
0.83912791320625
0.814005232379228
0.789303298999859
0.765510875986527
0.743089038634284
0.722464914190994
0.704025882945715
0.688114319201345
0.675022943317701
0.664990847822255
0.658200251508006
0.654774025598642
