0.888706775698504
0.883245561916592
0.872416975568102
0.856407163206416
0.835491529364199
0.810030226120055
0.780462251245142
0.74729824870188
0.711112125905556
0.672531620993817
0.632227970081655
0.590904838846505
0.549286694562707
0.508106803700999
0.468095046284691
0.42996574125365
0.394405677081519
0.362062538820466
0.333533916659051
0.309357072068117
0.289999625818427
0.275851317767333
0.267216971556467
0.264310778501529
0.267251994285646
0.27606211991445
0.290663615102638
0.310880168204617
0.336438522354508
0.36697183302788
0.402024508163792
0.44105845866993
0.483460664942489
0.528551944315161
0.575596785434048
0.623814098734969
0.672388717741118
0.72048347402956
0.767251659621303
0.811849684374446
0.853449732800126
0.891252224626138
0.924497886404461
0.952479247449319
0.97455138230754
0.990141733662125
0.998758863868936
1
0.993557256052679
0.979222436586098
0.956890348140731
0.926560568036155
0.888337644160315
0.842429723783495
0.789145633867683
0.728890459413121
0.662159689710448
0.589532024582646
0.51166095345736
0.4292652390815
0.343118454579037
0.254037737095201
0.162871933238451
0.0704893207390074
-0.0222349029537054
-0.114431171110072
-0.205247942919907
-0.293863751978686
-0.379498722394911
-0.461425375574711
-0.538978562234922
-0.611564368281137
-0.678667859638882
-0.739859549682598
-0.794800493274386
-0.84324593327966
-0.885047448423748
-0.920153575128284
-0.948608900142744
-0.970551644982379
-0.986209787016859
-0.99589578514745
-1
-0.998982919099267
-0.99336631625321
-0.983723491068005
-0.970668748872803
-0.954846293131648
-0.93691871147319
-0.917555242634947
-0.897420014801717
-0.87716044596842
-0.857395994075114
-0.838707438793388
-0.821626868082914
-0.806628531124872
-0.794120705158665
-0.784438707324192
-0.777839164105108
-0.774495630673243
