0.0667208789058988
0.0748602266740794
0.091002645206228
0.114877637805335
0.146084571725796
0.184098726666097
0.228279217058576
0.277878668927573
0.332054505729275
0.389881673449625
0.450366613687855
0.512462274819857
0.575083935899992
0.637125605954937
0.697476752928763
0.755039111878924
0.808743321165044
0.857565138324417
0.900540994039742
0.936782652967503
0.965490764045478
0.985967100017375
0.997625306033992
1
0.992754092479218
0.975684221059284
0.948724222690006
0.911946597206772
0.865561945573502
0.80991639686275
0.745487068165736
0.672875631030545
0.592800086213399
0.506084875066743
0.41364948037629
0.316495691527275
0.215693728196684
0.112367433044973
0.00767875687795216
-0.0971882307216441
-0.201043566367007
-0.302707612272671
-0.401027030375636
-0.494890276574278
-0.583242389176141
-0.665098857755623
-0.739558373951574
-0.805814284031488
-0.863164584016406
-0.911020321461539
-0.948912293249025
-0.976495955569172
-0.993554490219944
-1
-0.995872834857796
-0.981339079135535
-0.956686258264174
-0.922317350188908
-0.878743212216412
-0.826573557484321
-0.76650663649987
-0.699317797855234
-0.625847118021089
-0.546986302812474
-0.463665072527702
-0.376837248749755
-0.287466763293167
-0.196513808756184
-0.104921345632612
-0.0136021730396058
0.0765732410298106
0.164787988222916
0.250288842420211
0.332395131253287
0.410506233135923
0.484107599976491
0.552775230771137
0.6161785473501
0.674081650238302
0.726342959461951
0.772913271749901
0.813832291511439
0.849223717803435
0.879288992830224
0.90429983897568
0.924589730606415
0.940544463602069
0.952591999499406
0.96119177206277
0.96682365184547
0.969976768767126
0.971138393837526
0.970783078898465
0.969362247677324
0.967294422648606
0.964956260334194
0.962674552940705
0.96071933688069
0.95929822904363
0.958552090000311
