-0.166104277004505
-0.158590050926703
-0.143669934851973
-0.121558886265049
-0.0925750822555755
-0.0571348852663669
-0.0157462572971098
0.0309992715842555
0.0824359513207058
0.137834326251546
0.196412746743712
0.257349692940372
0.319796712395835
0.382891763440157
0.445772749528234
0.507591026683634
0.567524666499198
0.6247912610009
0.678660062959344
0.728463265830454
0.773606241256335
0.813576568741411
0.84795171147335
0.876405213975775
0.898711321015197
0.914747942560429
0.924497916204887
0.928048545886593
0.925589423539919
0.917408568043284
0.903886943045006
0.885491441519816
0.862766449810284
0.836324127041071
0.806833556787572
0.775008946395956
0.741597065089578
0.70736412470167
0.673082316338734
0.639516222346619
0.607409325519484
0.577470836513435
0.550363055910896
0.526689479393854
0.506983843144684
0.491700292076071
0.48120483602116
0.475768238863217
0.475560463065341
0.480646767527802
0.490985530538413
0.506427842201573
0.526718882565602
0.551501073160342
0.580318961258532
0.612625768334841
0.647791507357413
0.685112548135053
0.723822486363441
0.763104150642812
0.802102562919691
0.839938651839336
0.875723505641984
0.90857294170433
0.93762216377605
0.962040275492581
0.981044419907234
0.99391331956795
1
0.998743491222878
0.989679316950811
0.97244859917356
0.946805626611592
0.912623758767679
0.869899562597538
0.818755105803995
0.759438359004556
0.692321688092482
0.617898447554948
0.536777714869839
0.449677234917855
0.357414671168877
0.260897286796215
0.161110203426353
0.0591034075602321
-0.0440223055455226
-0.14713024388351
-0.249063366220056
-0.34866023443013
-0.444771133125872
-0.536274115898994
-0.622090738032572
-0.701201239766688
-0.772658952063327
-0.835603708190484
-0.889274059160429
-0.933018108887423
-0.966302805601995
-0.988721549254241
-1
