-1
-0.994389275975741
-0.983229245875622
-0.966641913061792
-0.944808213305773
-0.917965565263043
-0.886404659899613
-0.850465535335652
-0.810532993866242
-0.767031427363427
-0.720419125715822
-0.671182150296428
-0.619827860557268
-0.566878186641116
-0.512862744306079
-0.458311890429537
-0.403749817867224
-0.349687787486433
-0.29661759278755
-0.245005348714966
-0.1952856910983
-0.147856466739293
-0.103073986569488
-0.0612489056670783
-0.0226427843720252
0.0125346255758225
0.0441273368715616
0.0720343028084238
0.0962098037491326
0.11666304559735
0.133456983582849
0.146706396029276
0.156575243690731
0.163273360558786
0.167052531600757
0.168202021550998
0.167043626511998
0.163926326619825
0.159220623295405
0.153312648565375
0.146598136540126
0.139476348349728
0.132344041650116
0.125589574233151
0.119587228337458
0.114691838015891
0.111233796443344
0.109514513437911
0.109802385828512
0.112329334758196
0.117287954703042
0.124829309061716
0.135061396789136
0.148048303874504
0.163810042668089
0.182323071312598
0.203521475002135
0.227298780638893
0.253510366842099
0.281976422333554
0.312485397615884
0.344797887696208
0.378650877496621
0.413762276623817
0.44983566641475
0.48656517968539
0.523640432416807
0.560751426727622
0.597593345894059
0.633871164857489
0.669304003553279
0.703629155433855
0.7366057296546
0.768017852438787
0.797677381017426
0.825426092118946
0.851137316118941
0.874716997499867
0.896104172057135
0.915270861160485
0.932221393176072
0.946991171715532
0.959644919547871
0.970274435639761
0.97899591074043
0.985946854071027
0.991282689900755
0.995173087994468
0.997798096016655
0.999344144911161
1
0.999952731033578
0.999383773674144
0.998465152920302
0.997355935818835
0.996198976516272
0.995118011350408
0.994215155362465
0.993568844430594
0.993232259305886
