1
0.992918547944434
0.978825091819256
0.95785767506907
0.930221243131699
0.896185132045638
0.856079773231355
0.810292659145478
0.759263624460778
0.703479506591783
0.643468257634696
0.579792587003798
0.513043220122875
0.443831863384387
0.372783969154583
0.30053139683181
0.22770506683042
0.154927703856251
0.0828067639746903
0.0119276367814418
-0.0571527904780875
-0.123912125661609
-0.187867946956387
-0.248582693970524
-0.305667916760208
-0.358787834302051
-0.407662163973392
-0.452068194121935
-0.49184208263225
-0.526879375369771
-0.557134749340809
-0.582620996188912
-0.603407272096337
-0.61961665012306
-0.6314230203517
-0.639047391782065
-0.642753657613549
-0.642843892260939
-0.639653254078782
-0.633544572247604
-0.624902699546309
-0.614128714762041
-0.601634059253892
-0.587834691691576
-0.573145343255454
-0.557973952649385
-0.542716356200525
-0.527751303174805
-0.51343586031378
-0.500101262602384
-0.488049259524984
-0.477548997686744
-0.468834471804941
-0.462102566853384
-0.457511704719131
-0.45518109925302
-0.455190614212236
-0.457581209449315
-0.462355951937922
-0.469481559974071
-0.478890441275727
-0.490483178836206
-0.504131412366708
-0.519681058075631
-0.536955805446371
-0.555760826643555
-0.575886632235515
-0.59711300608566
-0.619212952536694
-0.641956590371102
-0.665114930443164
-0.688463477289481
-0.711785599368396
-0.734875617770935
-0.757541569191046
-0.779607605533637
-0.800915999657974
-0.821328734276816
-0.840728658827658
-0.859020207067816
-0.876129676084715
-0.892005075222398
-0.906615560974053
-0.919950481052415
-0.932018057506986
-0.942843744799951
-0.95246830408328
-0.960945639452383
-0.968340445615047
-0.97472571915187
-0.980180187315282
-0.984785709094554
-0.988624703056783
-0.99177765526854
-0.994320758436289
-0.996323730318654
-0.997847855518473
-0.998944290030286
-0.999652662485396
-1
