0.123851018693003
0.129327743302293
0.140211635862443
0.156364508621473
0.177581380604299
0.203593201468317
0.23407042235606
0.268627362671755
0.306827310386463
0.348188283085668
0.392189367668301
0.438277548524743
0.485874927282597
0.534386231911406
0.583206509197596
0.631728892392244
0.679352335226175
0.725489204484689
0.769572625918482
0.811063482394951
0.849456968798134
0.884288615177337
0.915139697913943
0.941641968094133
0.963481636695964
0.980402567461569
0.992208640255642
0.998765260126895
1
0.995902377737816
0.986522781033002
0.971970566021816
0.952411367473679
0.928063669718561
0.899194697961551
0.866115699144927
0.829176689912668
0.788760756388807
0.745277996296844
0.699159198341439
0.650849356686771
0.600801119762583
0.549468272496834
0.497299349424714
0.444731472992545
0.392184506819825
0.340055607783074
0.288714253641605
0.238497814657053
0.189707728401684
0.142606326856042
0.0974143541277777
0.0543092018534574
0.0134238777538687
-0.025153288915097
-0.0613782129540715
-0.09524990924077
-0.126808669603254
-0.156133601424432
-0.183339578566923
-0.2085736640248
-0.232011071498914
-0.253850739738288
-0.274310598893183
-0.293622612207737
-0.31202767908491
-0.329770486849401
-0.34709439840346
-0.364236461427279
-0.381422621853425
-0.398863220099252
-0.41674884304891
-0.43524659813365
-0.454496868180008
-0.474610597110524
-0.495667147235558
-0.517712758923601
-0.540759633046786
-0.564785645939669
-0.589734695858507
-0.615517669261344
-0.642014004820688
-0.669073823099936
-0.696520580433891
-0.72415419690485
-0.751754600537807
-0.779085623076325
-0.805899177052027
-0.831939639415059
-0.856948363819739
-0.880668241807372
-0.902848232623879
-0.923247782258128
-0.941641054470153
-0.957820900057796
-0.971602495325037
-0.982826586584993
-0.991362284455727
-0.99710935957111
-1
