0.704326824722521
0.707368210885523
0.713386216201798
0.722252490470961
0.733777447617696
0.747713736195459
0.763760773450077
0.781570264982588
0.800752615008752
0.820884116744512
0.841514798809742
0.862176791964712
0.882393071169236
0.90168642104129
0.91958846840861
0.935648623871004
0.94944277515789
0.960581578567008
0.968718200855422
0.973555372529661
0.974851624414378
0.972426592495442
0.966165291125666
0.956021271507967
0.942018600661875
0.924252615540261
0.902889427279719
0.878164171410969
0.850378020886276
0.819893999656465
0.787131654909148
0.752560665627841
0.716693483526502
0.680077119350859
0.643284202734514
0.606903456998825
0.57152974126688
0.5377538208343
0.506152032751736
0.47727601691517
0.451642683561971
0.429724585908565
0.411940861758802
0.398648900324241
0.390136880335003
0.386617312930775
0.388221707993247
0.394996465737757
0.406900076779984
0.423801693819202
0.445481116843486
0.471630211694668
0.501855759276859
0.535683710006057
0.572564795637702
0.61188142872977
0.652955799049364
0.695059056545809
0.737421452409607
0.779243293507355
0.819706551392805
0.857986955376026
0.893266389982555
0.924745410709168
0.951655688397531
0.973272191872432
0.988924920753349
0.99801000552714
1
0.994453202018845
0.981021851712784
0.95945907226054
0.929624436108084
0.891488059376192
0.845133148613969
0.790756946749404
0.728670048718962
0.659294081466425
0.583157767418383
0.500891414796899
0.413219901847637
0.32095424487999
0.224981861582872
0.126255661063154
0.02578211014327
-0.0753915586305197
-0.176190818326177
-0.275527808510734
-0.372315587832919
-0.465482475341448
-0.553986275484341
-0.636828182701458
-0.713066165540008
-0.781827637236217
-0.842321229614806
-0.893847499815982
-0.93580841458019
-0.96771547437684
-0.989196359292298
-1
