-0.137943246477551
-0.127384550960354
-0.10645649836518
-0.0755346599530605
-0.0351746783820936
0.0138968506965467
0.0707943077475193
0.134487597770861
0.20381908456215
0.277522638981307
0.354244495360631
0.432565581012009
0.511024959954531
0.588144013857535
0.662450971070627
0.73250538868631
0.79692219294931
0.854394889986407
0.903717571678677
0.943805360333523
0.973712960340688
0.992651014828168
1
0.99532142879074
0.978366178095431
0.949079799454892
0.907604720972186
0.854279297648877
0.789633717476315
0.714382820702901
0.629415938928743
0.535783908273081
0.434683456061645
0.327439202572309
0.215483557688406
0.100334826229912
-0.0164261352779282
-0.133180344044247
-0.24829581448469
-0.360152983789153
-0.467170038139394
-0.567827738966979
-0.660693355816264
-0.744443325781723
-0.817884278918277
-0.879972094175794
-0.929828680893096
-0.96675621622601
-0.990248608525097
-1
-0.995910168328677
-0.978086735463275
-0.946844141985517
-0.902699396184776
-0.84636465777075
-0.778736765990078
-0.700883870105858
-0.614029365960006
-0.519533384947831
-0.418872120518184
-0.313615311657061
-0.205402232173196
-0.0959165585144369
0.0131394930770439
0.120071357303847
0.223218230034541
0.320978690356636
0.411835433973373
0.494378730911262
0.567328240046286
0.629552838280944
0.680088152918204
0.718151521403268
0.74315414258354
0.754710227346485
0.75264300325014
0.73698747682983
0.70798990787828
0.666104001361236
0.611983873941369
0.546473902534319
0.470595611120377
0.385531798417001
0.292608152252471
0.193272635889909
0.0890729665139458
-0.0183674639406816
-0.127374850940175
-0.236251029158747
-0.343299908121404
-0.44685387971155
-0.54529978586672
-0.637104041521675
-0.72083652093199
-0.795192834719718
-0.859014650025919
-0.911307736641644
-0.951257457442373
-0.978241461316225
-0.991839380429375
