1
0.995339753492273
0.986061792279507
0.972250589119763
0.954031385184307
0.931568453980708
0.905062828621708
0.874749527615487
0.840894322091674
0.803790094437277
0.763752844586175
0.72111740558563
0.676232934468637
0.629458247822168
0.581157073705484
0.531693292704239
0.481426240887206
0.430706146263995
0.379869768042684
0.329236304592892
0.279103631586379
0.229744926384642
0.181405728457038
0.134301478543867
0.0886155715391159
0.0444979497802547
0.00206425472959637
-0.0386044539482852
-0.0774614120228008
-0.114493306260256
-0.149718890073842
-0.183187086070156
-0.214974610514433
-0.2451831623823
-0.273936226622251
-0.301375547409197
-0.327657332426911
-0.352948253491818
-0.377421312053664
-0.401251640228361
-0.424612309000172
-0.447670215058044
-0.470582116406367
-0.493490884433852
-0.516522036574028
-0.539780609102607
-0.563348424063026
-0.587281797879349
-0.611609732007225
-0.636332618102698
-0.661421481780286
-0.686817780219126
-0.712433759799219
-0.738153370753261
-0.763833726649518
-0.78930708752405
-0.814383336799787
-0.838852913904454
-0.862490156860864
-0.885057002194346
-0.90630698339468
-0.925989463982687
-0.943854037048937
-0.959655020022534
-0.973155971443397
-0.984134155686006
-0.992384881932008
-0.997725645210803
-1
-0.99908110066222
-0.994874847834101
-0.987322585704026
-0.976403301827747
-0.962135288632494
-0.944577233934309
-0.923828716513604
-0.900030091924886
-0.873361763116074
-0.844042839954311
-0.812329201250068
-0.778510982191016
-0.742909519095872
-0.705873791934866
-0.667776413003732
-0.629009217357097
-0.589978516991159
-0.551100086213507
-0.512793950063577
-0.475479050979884
-0.439567871096255
-0.405461088553033
-0.373542346013322
-0.344173208179949
-0.317688382536114
-0.294391273819834
-0.274549937945525
-0.258393495278371
-0.246109056437261
-0.237839206253395
-0.233680083259863
