1
0.988209092448478
0.964773287916183
0.92998260252032
0.88426707695784
0.82819087732373
0.762444563221047
0.687835635166361
0.605277498111707
0.515777000671264
0.420420730017912
0.320360260098562
0.216796565545699
0.110963825219245
0.00411284752930352
-0.102505645550679
-0.207657637633927
-0.310142104383212
-0.408806737222518
-0.502562883414018
-0.590399494044378
-0.671395886942523
-0.74473314983712
-0.809704029871613
-0.865721178605165
-0.912323646484226
-0.949181547089269
-0.976098838840996
-0.993014199871346
-1
-0.997259401777644
-0.985121649938952
-0.964035634937952
-0.934561841120855
-0.897362813154807
-0.853192295232959
-0.802883216009019
-0.747334707909271
-0.687498362201756
-0.624363930792007
-0.558944692032981
-0.49226270080522
-0.425334142715421
-0.359155008503743
-0.29468729771998
-0.232845950554628
-0.174486693569233
-0.120394969182964
-0.0712761004026569
-0.0277468217322593
0.00967171520174759
0.0405593766593653
0.0646008627733781
0.0815878705562538
0.0914195959729462
0.0941015930191149
0.0897430331253062
0.0785524326801645
0.0608319396507169
0.0369702918185306
0.00743457871802278
-0.0272390433386193
-0.0664555189952419
-0.109571768164639
-0.155908081633804
-0.204759846610815
-0.255409407918085
-0.30713787073791
-0.359236654138837
-0.41101861098174
-0.461828539100111
-0.511052920701556
-0.558128741534812
-0.602551258256836
-0.643880601330186
-0.681747121363416
-0.715855408732073
-0.745986939220739
-0.77200132192845
-0.793836149393865
-0.811505473433916
-0.825096953165822
-0.834767743723521
-0.840739214928254
-0.843290608294256
-0.842751757936879
-0.839495015926893
-0.833926535163402
-0.826477072721312
-0.817592483714021
-0.807724079890689
-0.797319028400514
-0.786810964392941
-0.776610986420914
-0.767099196059979
-0.758616932882237
-0.751459843107898
-0.74587190511736
-0.742040517799826
-0.740092738730928
