-0.39146609483083
-0.381364375595989
-0.361311231390621
-0.331604899877017
-0.292686897599518
-0.245135115662987
-0.189654784907222
-0.127067453605036
-0.0582981521722921
0.0156390519254208
0.0936568804071385
0.174611801034618
0.257321846691006
0.340585014643856
0.423197954792406
0.503974651150044
0.58176480095144
0.655471600598342
0.724068657092833
0.786615757503188
0.842273247146023
0.890314789262639
0.930138304668126
0.961274918752562
0.983395774857361
0.996316606935928
1
0.994555303587982
0.980236200787676
0.95743597261229
0.926680534175224
0.888619354555009
0.844014405925087
0.793727318909506
0.738704949717069
0.679963589948918
0.618572071665096
0.555634037989154
0.492269662944186
0.429597113134181
0.368714048167726
0.310679456296571
0.256496116613366
0.207093969399583
0.163314661987737
0.12589751902406
0.0954671635782938
0.0725229894989383
0.0574306561646145
0.0504157447957381
0.051559681269411
0.0607979944638364
0.0779209421133362
0.102576498565935
0.134275661296192
0.172399996129784
0.216211305466671
0.264863269911051
0.317414882165101
0.372845463320004
0.430071026237563
0.487961728963298
0.545360143393538
0.601100051017651
0.654025468687385
0.703009603171911
0.746973433809883
0.784903627863984
0.815869503139725
0.839038766895937
0.853691778825511
0.859234108629994
0.855207185096063
0.841296863193512
0.817339768090266
0.783327309612969
0.739407297029401
0.685883121521297
0.623210511764868
0.55199190604408
0.472968521691619
0.387010238797141
0.29510344947358
0.198337055989714
0.0978868302566696
-0.00500162696163198
-0.109031066567313
-0.212871632708276
-0.315180472970549
-0.414621615515116
-0.509885806978
-0.599710005219079
-0.682896226049532
-0.758329452812896
-0.824994331989659
-0.881990396617795
-0.928545581981545
-0.964027824364278
-0.987954563277093
-1
