1
0.99281458844442
0.978540669296629
0.957370530953488
0.929588831440278
0.895568136453458
0.855763081475938
0.810703251156608
0.760984889628082
0.707261574107657
0.650234000688487
0.590639045416767
0.529238275339644
0.466806093012447
0.404117703831433
0.341937098415193
0.281005242047376
0.222028659917823
0.16566860060922
0.11253095107106
0.0631570643469823
0.0180156467649399
-0.0225041656075841
-0.0580984304310587
-0.0885526324433638
-0.113744458874116
-0.133645072429543
-0.148318861405058
-0.15792167088056
-0.162697543309624
-0.162974020740499
-0.159156084023106
-0.151718826293402
-0.141198978434458
-0.128185422766334
-0.113308847617266
-0.0972307094138475
-0.080631680272829
-0.0641997675985475
-0.0486182977492241
-0.0345539583405717
-0.0226450931628374
-0.0134904400031075
-0.00763849494298974
-0.00557767704534706
-0.00772745490192517
-0.0144305814800404
-0.0259465663158104
-0.0424464946260461
-0.0640092816565807
-0.0906194278855822
-0.122166316913681
-0.158445073373485
-0.199158973365913
-0.243923375172047
-0.292271113688483
-0.34365927857644
-0.397477273872126
-0.453056036131445
-0.509678269404969
-0.566589538758777
-0.623010049938271
-0.678146931342338
-0.731206825918562
-0.781408595046423
-0.827995934036562
-0.870249699583928
-0.907499753364852
-0.939136132907356
-0.964619370786264
-0.983489795948836
-0.995375666366849
-1
-0.997185990967698
-0.986860919552873
-0.969058487864432
-0.943919537303192
-0.911691129030161
-0.872723994034993
-0.827468384749149
-0.776468385046461
-0.720354759533448
-0.659836445875937
-0.595690815178864
-0.528752844798639
-0.459903365117732
-0.390056556479148
-0.320146884432802
-0.251115670497488
-0.183897501647148
-0.119406684592423
-0.0585239506005755
-0.00208361308165472
0.049138626481531
0.0944370383658855
0.133186216877671
0.164850266993278
0.188990685018819
0.20527281281015
0.213470766860297
