1
0.990709104878119
0.972223345414931
0.944733572990919
0.908523056049251
0.863963916603373
0.81151245627803
0.751703436733878
0.685143393736956
0.612503077384559
0.534509122895714
0.451935066745089
0.365591831614495
0.276317810532029
0.18496868556848
0.0924071194954543
-0.000507540159091269
-0.0929294062033474
-0.184035910539768
-0.273037246018379
-0.359185267586658
-0.441781737461267
-0.520185809189211
-0.593820657069317
-0.662179170290248
-0.724828645111198
-0.781414423252983
-0.831662440155015
-0.875380662653832
-0.912459411712011
-0.942870581831861
-0.966665784487711
-0.983973458071086
-0.994995001241371
-1
-0.999320631064075
-0.993345335029847
-0.982511862233185
-0.967299802002425
-0.948222712053826
-0.925819969023372
-0.900648463511237
-0.873274263516102
-0.844264368763899
-0.814178675226553
-0.783562264145898
-0.752938123218253
-0.722800399373359
-0.693608272938338
-0.665780532074756
-0.639690914394962
-0.615664269798537
-0.593973585028829
-0.574837896450706
-0.558421103316342
-0.544831679541278
-0.534123267981403
-0.52629612760156
-0.521299390968212
-0.519034077380532
-0.519356795860187
-0.522084062316082
-0.526997146632708
-0.533847358323134
-0.542361673839971
-0.552248604723739
-0.563204203535622
-0.574918103990549
-0.587079492869899
-0.599382914116237
-0.61153380993455
-0.623253709659085
-0.634284984481936
-0.644395094746807
-0.653380266236942
-0.661068542560967
-0.667322172180781
-0.672039300636723
-0.675154950904036
-0.676641287353148
-0.67650717127518
-0.674797028165947
-0.671589058734447
-0.666992836721917
-0.661146346903181
-0.654212525926059
-0.646375376777124
-0.637835734513022
-0.628806766357346
-0.619509293248918
-0.610167022378029
-0.601001781128346
-0.592228842145627
-0.584052426998243
-0.576661472122726
-0.570225735529484
-0.56489231617258
-0.560782650078699
-0.557990038420196
-0.556577752859768
