0.55743114696986
0.546096168863176
0.523590513029286
0.490240410364023
0.446529317660104
0.393090947912481
0.33070013874747
0.260261694127941
0.182797364391807
0.0994311570855229
0.011373195544335
-0.0800976366220649
-0.173652009374624
-0.267929148916212
-0.361556250012057
-0.453168013319052
-0.541426021906015
-0.625037674265843
-0.702774398480581
-0.77348888368178
-0.83613108036818
-0.889762740257539
-0.933570288860188
-0.966875849517646
-0.989146265853603
-1
-0.999211816118187
-0.986715192138656
-0.962602436779437
-0.927122523249314
-0.880676685072468
-0.823811852666787
-0.75721204116432
-0.681687829996405
-0.598164102524786
-0.507666239066817
-0.411304978663889
-0.310260183552172
-0.205763755241882
-0.099081962181473
0.0085025539771646
0.115708823577437
0.221275376913761
0.323977591574043
0.42264430514214
0.516173452419753
0.603546503133031
0.683841496236047
0.756244490081478
0.820059273523012
0.874715211029064
0.919773124675231
0.95492914696953
0.980016510357185
0.995005271447684
1
0.995235493991762
0.981070612197543
0.957980344143348
0.926546263650647
0.887445536029934
0.841438669968478
0.789356222963859
0.732084683519957
0.670551764036743
0.605711345239797
0.538528316021257
0.469963551674068
0.4009592687321
0.33242498607711
0.265224309797217
0.200162743695244
0.137976708617078
0.0793239322179142
0.0247753467692977
-0.025191393467965
-0.0701966914892139
-0.109962028478678
-0.144311201085401
-0.173169779504131
-0.196562820363011
-0.21461089721492
-0.227524539013787
-0.235597192886554
-0.239196851369053
-0.238756505678335
-0.234763605203601
-0.227748718918335
-0.218273606603332
-0.206918916434875
-0.194271730502785
-0.18091318110742
-0.167406358231908
-0.154284722445634
-0.142041227777016
-0.131118345965679
-0.121899167189651
-0.114699733136963
-0.109762736475298
-0.107252696732212
