-0.677678544615228
-0.664415245153897
-0.638096984632634
-0.59913721492969
-0.548148101731964
-0.485931049700011
-0.413464299881716
-0.33188779232302
-0.242485529339613
-0.146665713746825
-0.0459389708895012
0.0581050069703233
0.163822030926118
0.26953881862702
0.373578835886
0.474288175552769
0.57006107214865
0.659364656668616
0.740762568036388
0.812937055759994
0.874709232092335
0.925057161079329
0.96313150581936
0.988268493528023
1
0.998060600125434
0.982391478543882
0.953141143560472
0.910662937337056
0.855509385323774
0.788423477130886
0.710327018785882
0.622306241829735
0.525594897266957
0.421555101332104
0.311656234762706
0.197452227234392
0.0805575833521484
-0.0373774742810898
-0.154692356176018
-0.269741555392999
-0.380919798547352
-0.486686506951195
-0.58558918791381
-0.676285393623244
-0.757562908099211
-0.828357851072886
-0.887770420861424
-0.935078035836596
-0.969745675342806
-0.991433265246953
-1
-0.99550554142024
-0.978208083608114
-0.948559322696275
-0.907196418749719
-0.854931084293796
-0.792735978921115
-0.721728631504989
-0.643153150066737
-0.558360013703212
-0.468784270641729
-0.375922490989127
-0.28130884169898
-0.186490664402577
-0.0930039438343927
-0.00234905552593323
0.0840328237651666
0.164782270692148
0.23864277996846
0.304480206719631
0.361300182205283
0.408263231341509
0.444697357477946
0.470107900578952
0.484184518675962
0.486805188502621
0.478037168863672
0.4581349187659
0.427535010885165
0.386848128787382
0.336848282704741
0.278459422856311
0.212739670594789
0.140863425404843
0.0641016393764693
-0.0161994203019989
-0.0986405764984972
-0.181792952326654
-0.264221611272582
-0.344509245667478
-0.421279531511224
-0.493219773343215
-0.559102474548553
-0.617805485992463
-0.66833040891217
-0.709818956195593
-0.74156700908943
-0.763036143480695
-0.773862440594076
