1
0.997956270301728
0.993882534380915
0.98780601391351
0.979766982221394
0.969818104364725
0.958023575599864
0.944458073515595
0.929205542492781
0.912357832146656
0.894013214054686
0.874274803300568
0.853248913137709
0.831043372361889
0.807765835759706
0.783522118251739
0.758414583071315
0.732540613513722
0.705991196468518
0.678849644129154
0.651190477988149
0.623078496508764
0.594568044759369
0.565702500854626
0.536513990324561
0.507023335589389
0.477240243619757
0.447163730676598
0.416782778821803
0.386077214740577
0.355018797388621
0.323572497140183
0.291697945532142
0.259351031436074
0.226485616601632
0.1930553410514
0.159015486814101
0.124324866996527
0.0889477062438544
0.0528554782434392
0.0160286661002795
-0.0215415878444774
-0.0598519748742038
-0.0988856857052532
-0.13861127713588
-0.178981764563608
-0.219933962087229
-0.261388088199777
-0.303247651026869
-0.345399622732415
-0.387714908167615
-0.43004910814989
-0.472243572999401
-0.514126737207054
-0.555515721434941
-0.596218183532754
-0.636034395964832
-0.674759523051842
-0.712186067804448
-0.748106454923998
-0.782315713821531
-0.814614223308333
-0.84481047797814
-0.872723835263539
-0.898187201728892
-0.921049617371365
-0.941178697542917
-0.958462893572257
-0.972813535239757
-0.984166620913815
-0.992484324358595
-0.997756190926301
-1
-0.999262275096231
-0.995618427904476
-0.989172527662073
-0.980056692563023
-0.968430105298999
-0.954477660250327
-0.938408255202726
-0.920452745681666
-0.900861584991451
-0.879902177744913
-0.857855979000009
-0.835015375015515
-0.811680385038946
-0.788155226393152
-0.764744787388634
-0.741751054220467
-0.71946953898494
-0.698185756254506
-0.678171795273397
-0.659683033783322
-0.642955037772349
-0.628200689083463
-0.615607579855327
-0.605335709238244
-0.597515513783783
-0.592246258405175
-0.589594809912448
