-1
-0.990522433036723
-0.97167047097638
-0.943649043779693
-0.906762033081352
-0.861408115040888
-0.808075314536649
-0.747334351969822
-0.679830881888988
-0.606276739061651
-0.52744032225546
-0.444136258624107
-0.357214502027949
-0.267549026698444
-0.176026283256323
-0.0835335871323517
0.00905239012701564
0.100876858362159
0.191117711550773
0.278995739486913
0.363784101688036
0.444816928673448
0.521496929639294
0.593301901255864
0.659790049585549
0.720604055693221
0.77547383510409
0.82421796155087
0.866743746125405
0.903045983687453
0.933204398861963
0.957379843857652
0.97580931935494
0.988799907545983
0.996721722787882
1
0.999106453672435
0.99455005096066
0.986867350660434
0.976612565762718
0.964347510693978
0.950631595205987
0.936012025183941
0.921014366425621
0.906133620780281
0.891825955035009
0.878501211746229
0.86651631801687
0.856169693228641
0.847696740195121
0.841266486370238
0.836979422913205
0.834866569875756
0.834889775851416
0.836943240426418
0.840856228015073
0.846396922461867
0.853277353452119
0.861159308582276
0.869661129170838
0.878365273789644
0.886826521284082
0.894580674920733
0.901153621409831
0.906070593019688
0.90886547791548
0.909090023260797
0.906322777523359
0.900177622792238
0.890311754670299
0.876432976341452
0.858306184581036
0.835758938598663
0.808686017464742
0.777052888235794
0.740898024497129
0.700334033602382
0.655547570110854
0.606798032498357
0.554415059832564
0.498794864446776
0.440395455407981
0.379730825456962
0.317364190815291
0.253900388539978
0.189977549718239
0.126258178515731
0.0634197767353841
0.00214516095769635
-0.056887375600849
-0.113013901736494
-0.165594532470704
-0.214022806186
-0.257734606781822
-0.296216490042759
-0.329013282751923
-0.35573483451854
-0.376061815638268
-0.389750469354541
-0.396636243399394
