-0.054710770001493
-0.0459751170634751
-0.0286475347450983
-0.00301314835403776
0.0305061214423197
0.0713583757329022
0.118870655892496
0.172259820498958
0.230645206177575
0.293062869257535
0.358481179708136
0.42581751704798
0.493955800136757
0.561764569250924
0.628115329828355
0.691900862888094
0.752053207461562
0.807561025407809
0.857486068649768
0.900978483009716
0.937290701217502
0.965789700024489
0.985967422326125
0.997449194365776
1
0.993528508145283
0.978088785356876
0.953879662443417
0.921241761509666
0.880652227248413
0.832717243076329
0.77816244824223
0.717821405764029
0.65262230243491
0.583573090679298
0.511745307278524
0.438256825520872
0.364253814814725
0.290892194955138
0.219318880839609
0.150653117346437
0.085968203251177
0.0262738974709069
-0.0275002093249492
-0.0745200894579773
-0.114061190098945
-0.145520636025694
-0.16842752371492
-0.182451137059301
-0.187406947598631
-0.183260296978776
-0.170127695857904
-0.148275711090724
-0.118117451145797
-0.0802066977468499
-0.0352297690758081
0.0160047640574188
0.072578353456292
0.133476552743435
0.19760468415705
0.263804850994386
0.330874031953691
0.397582975934416
0.46269560256108
0.524988605014423
0.583270947826787
0.636402953195279
0.683314675078243
0.723023270784359
0.754649094781254
0.777430258811712
0.790735425811741
0.794074632213561
0.787107963567188
0.769651941554694
0.741683515884768
0.703341591689414
0.654926061319473
0.596894348252661
0.529855509579749
0.454561981614351
0.371899089983152
0.282872480518647
0.188593659847354
0.0902638642310194
-0.0108434984892962
-0.113401566490247
-0.216049615382976
-0.317413223793593
-0.416124704168291
-0.510843485380374
-0.600276134105447
-0.68319570718904
-0.758460137278629
-0.825029368674921
-0.881980979448055
-0.928524049067183
-0.964011057745988
-0.987947633992728
-1
