1
0.994317174315971
0.983024245271495
0.966265514383949
0.944254594459839
0.917271053331442
0.885656023129828
0.849806845605974
0.810170839500406
0.767238290074383
0.721534773426229
0.673612938924265
0.624043881821162
0.573408244732837
0.522287191061673
0.471253395547261
0.420862196903421
0.371643054950061
0.324091449811909
0.278661353709095
0.235758396718087
0.195733836780211
0.158879431354833
0.125423293659552
0.0955268006401577
0.0692826029197351
0.0467137692580526
0.027774079791494
0.0123494638112724
0.000260559369017477
-0.00873364613110983
-0.0149311526958867
-0.0186813367966875
-0.0203784830656185
-0.020454562981702
-0.0193713772422877
-0.0176121890154759
-0.0156729837527247
-0.0140534975686103
-0.0132481602626562
-0.0137371007976644
-0.0159773624284769
-0.020394471700289
-0.0273745002497224
-0.0372567508246731
-0.0503271893058749
-0.0668127329132358
-0.0868764913937984
-0.110614043024673
-0.138050810957872
-0.169140588040542
-0.203765240037306
-0.241735598447992
-0.282793535149763
-0.326615192197141
-0.37281532158592
-0.420952671921194
-0.470536342009587
-0.521033005690584
-0.571874897982237
-0.622468440070467
-0.672203370020139
-0.72046223750231
-0.766630114455078
-0.810104369530795
-0.850304352498856
-0.8866808355027
-0.918725061205736
-0.945977253359661
-0.968034453108829
-0.984557554288776
-0.995277422934335
-1
-0.998610301699963
-0.991075248660072
-0.977445272978845
-0.957854671042152
-0.932520689234951
-0.901741349243315
-0.865892039136364
-0.82542091555651
-0.780843180828763
-0.732734316336723
-0.681722369829792
-0.628479409167226
-0.573712268136987
-0.518152721204204
-0.462547233168682
-0.407646436598704
-0.35419449444982
-0.302918507399068
-0.254518125091765
-0.209655517712121
-0.16894585909162
-0.132948465038605
-0.102158720823897
-0.0770009199398943
-0.0578221225461907
-0.0448871266345913
-0.0383746281276717
