1
0.990660855886181
0.972081037847549
0.94445620121859
0.908076634771242
0.863323478825557
0.810663767220823
0.750644363939677
0.683884880870666
0.611069677596047
0.532939056987418
0.450279781590992
0.363915045121966
0.274694040726881
0.183481272908044
0.0911457630609362
-0.00144970058666127
-0.0934591192334611
-0.18406350014861
-0.272480593614795
-0.357974017857773
-0.439861649345912
-0.517523167310084
-0.590406654392632
-0.658034169780996
-0.720006226793826
-0.776005123424252
-0.825797091552647
-0.869233248156325
-0.906249349597425
-0.93686436769294
-0.961177923495437
-0.979366631279706
-0.991679420890639
-0.998431921127081
-1
-0.996812569317251
-0.989343770942623
-0.978104670111904
-0.963634587251009
-0.946492203749289
-0.927246579045733
-0.906468216170341
-0.884720310563942
-0.862550312626225
-0.840481928094402
-0.819007672144832
-0.798582083176625
-0.779615690745482
-0.762469819256981
-0.747452295011028
-0.734814109239981
-0.724747074142307
-0.717382492831652
-0.712790847853266
-0.710982496723451
-0.711909347077659
-0.715467468717779
-0.721500585367035
-0.729804375495894
-0.740131499381188
-0.752197258788936
-0.765685786491628
-0.78025665537901
-0.795551791305825
-0.811202570118838
-0.826836977566074
-0.842086711029542
-0.85659410422279
-0.870018760109415
-0.882043783250452
-0.892381510470594
-0.900778648011456
-0.907020734055383
-0.91093585747396
-0.912397576680336
-0.911326996326419
-0.907693974054857
-0.901517444352712
-0.892864861514734
-0.881850778564093
-0.868634593454957
-0.853417507758853
-0.836438756090103
-0.817971176543807
-0.79831620320924
-0.777798371209095
-0.756759432551015
-0.735552187238279
-0.7145341384748
-0.694061083348676
-0.674480751051022
-0.656126599476595
-0.63931187798403
-0.62432405922124
-0.61141973632979
-0.600820073643165
-0.592706889326174
-0.587219437428634
-0.584451944729475
