1
0.994518660813434
0.9836176679306
0.967419437934942
0.946105225263112
0.9199123209787
0.889130389217716
0.854097001024807
0.815192438391195
0.772833853215569
0.727468876444023
0.679568781632842
0.629621314471808
0.578123305286108
0.525573185111486
0.472463527550301
0.419273738237373
0.366463011377983
0.314463668502059
0.263674988375961
0.214457629024325
0.167128733165968
0.1219577972137
0.0791633715062579
0.0389106458312745
0.00130995977973614
-0.0335837377221098
-0.0657704709831413
-0.0953038693048822
-0.122288870739992
-0.146878536063953
-0.169270025990081
-0.189699808654385
-0.208438177343375
-0.225783170122673
-0.242053993254891
-0.257584058902442
-0.272713754450886
-0.287783065745241
-0.303124179519568
-0.319054191264215
-0.335868043693075
-0.353831817855138
-0.373176493823341
-0.394092290863813
-0.416723688145697
-0.441165216530424
-0.46745809994158
-0.495587811448739
-0.525482594709221
-0.557012986027178
-0.589992356251618
-0.62417847529646
-0.659276085486645
-0.694940453477587
-0.730781854422773
-0.766370926632896
-0.801244820426814
-0.83491405145409
-0.866869956688221
-0.896592640745494
-0.923559291350175
-0.947252735789242
-0.967170105197261
-0.98283147057184
-0.993788313597798
-0.999631696676023
-1
-0.99458609905453
-0.983143863450046
-0.965493867443289
-0.94152821369203
-0.911214384581232
-0.874598049648567
-0.831804773013857
-0.783040581046391
-0.728591367537102
-0.668821131118468
-0.604169057325661
-0.535145475246116
-0.462326735890447
-0.386349075969802
-0.307901546426453
-0.227718099592402
-0.146568942018362
-0.0652512716168171
0.0154204723843061
0.0946247102320441
0.17154303081931
0.245370563080549
0.315326261852848
0.380662961057843
0.440677049887448
0.494717632678325
0.542195040263818
0.582588569692692
0.61545334016618
0.640426165704028
0.657230359215892
0.665679398113083
