-0.269925830927372
-0.266399918629941
-0.259357816662857
-0.248819204398432
-0.234814179315872
-0.217383932002292
-0.196581614718019
-0.17247337738112
-0.14513953927336
-0.114675859847428
-0.0811948678243452
-0.0448272043988559
-0.00572293389317124
0.0359472263263136
0.0799908053875447
0.126192656141276
0.17431425680895
0.224093281265649
0.275243478682621
0.327454898834649
0.380394494096393
0.433707123091238
0.487016974213259
0.539929419928063
0.592033304993454
0.642903663657384
0.692104852627293
0.739194078305404
0.783725288595346
0.825253391653172
0.863338756424876
0.897551942822576
0.927478603075162
0.952724490269745
0.972920505489192
0.987727711346757
0.996842237204111
1
0.996981164461386
0.987614267546054
0.971779934284532
0.949414115738645
0.92051078454302
0.885124029393159
0.843369496818897
0.795425136546375
0.741531215598897
0.681989575895696
0.6171621203419
0.547468523115417
0.473383170889754
0.395431352921419
0.314184729107017
0.230256116107071
0.144293642269623
0.0569743321990313
-0.0310028087581231
-0.118924131251247
-0.20606901342487
-0.291717774223228
-0.375159730279031
-0.455701294222871
-0.532674009709232
-0.605442417374168
-0.673411646354955
-0.73603462792788
-0.792818831248572
-0.843332426079296
-0.887209783706263
-0.924156234912546
-0.953952012783112
-0.976455318162651
-0.991604456631638
-0.999419007762169
-1
-0.993529077618349
-0.980266659618941
-0.960549104026945
-0.93478490454524
-0.903449959806267
-0.867081968294437
-0.826274014222338
-0.781667421050708
-0.733943959777386
-0.683817508428924
-0.632025267230764
-0.579318640585944
-0.526453902155588
-0.474182762925955
-0.423242964107243
-0.374349017003524
-0.328183210609136
-0.285387004637442
-0.246552921009596
-0.212217040584162
-0.182852204176295
-0.158862007802212
-0.140575671715918
-0.128243851323608
-0.122035445626272
