1
0.996194939929228
0.988613537829364
0.977312909782767
0.962377934060348
0.943920307659706
0.922077307450719
0.897010271949988
0.868902823325046
0.837958852534035
0.804400293490848
0.768464714768234
0.730402759576415
0.690475466552096
0.648951505238835
0.60610436101723
0.562209504642116
0.517541581460375
0.472371654820955
0.426964537158553
0.381576240751671
0.336451578248036
0.291821940745566
0.247903278550702
0.204894306748383
0.162974954454457
0.122305073130277
0.0830234156727812
0.0452468942050248
0.00907012063773527
-0.0254347697924678
-0.0582180156220055
-0.0892518542298448
-0.118529885777997
-0.146066190287853
-0.171894215232476
-0.196065453848691
-0.218647936867078
-0.239724562490494
-0.259391291195482
-0.277755233265305
-0.294932657873845
-0.311046953018379
-0.326226565644929
-0.340602950927685
-0.354308558865505
-0.367474885161588
-0.380230611780555
-0.392699860659684
-0.405000581821743
-0.417243094634249
-0.429528798226304
-0.441949064154404
-0.454584321350602
-0.467503340239065
-0.480762719720397
-0.494406577547025
-0.50846644149659
-0.522961335741252
-0.537898053954484
-0.553271608035613
-0.569065838904819
-0.585254173662187
-0.601800511543434
-0.618660219566989
-0.635781217571403
-0.653105131502056
-0.67056849332962
-0.688103965871194
-0.705641571034348
-0.723109900604256
-0.740437289629167
-0.757552933708415
-0.77438793302438
-0.790876247754744
-0.806955551519902
-0.822567971724844
-0.837660708005098
-0.852186522440035
-0.866104097710624
-0.879378261908463
-0.891980081204728
-0.903886824018682
-0.915081802644176
-0.925554100460158
-0.935298194831477
-0.944313487566627
-0.952603756311047
-0.960176541494062
-0.967042484395442
-0.97321463253986
-0.978707728955633
-0.983537501845046
-0.987719970909589
-0.991270785962696
-0.994204612558101
-0.996534578182232
-0.998271791127038
-0.999424942502794
-1
