-1
-0.992085746899792
-0.976375944548343
-0.953106178440193
-0.922625299378845
-0.885390068711629
-0.841958147610834
-0.792979538366118
-0.739186609468354
-0.681382858035802
-0.620430582522645
-0.557237655357336
-0.492743598925623
-0.427905178928239
-0.363681736442806
-0.301020483892065
-0.2408419905081
-0.184026079780989
-0.131398354840965
-0.0837175578498904
-0.0416639564266175
-0.00582893410720442
0.0232940569034719
0.0453170436035215
0.0599634668708966
0.0670724141254073
0.0666010874955874
0.0586254722797754
0.0433391982653193
0.021050614316672
-0.00782187587098193
-0.0427561422582075
-0.083134221098309
-0.12825164773762
-0.177328083661514
-0.229519072243942
-0.283928740641365
-0.339623251123579
-0.395644794069709
-0.451025907044631
-0.504803899925286
-0.556035165030835
-0.603809153634672
-0.647261806055423
-0.685588231640437
-0.718054447219789
-0.744007997823042
-0.76288730137076
-0.774229579391598
-0.777677258250052
-0.772982749543284
-0.760011543855138
-0.738743578537862
-0.70927286720942
-0.671805405781108
-0.626655396639984
-0.574239858682691
-0.515071715823278
-0.449751479987967
-0.378957666099902
-0.303436095812617
-0.223988263474251
-0.141458951737491
-0.0567232951599953
0.0293265020989539
0.115794583902361
0.20179478336575
0.286463678204632
0.368973156247999
0.448542295921596
0.524448378330095
0.596036862268082
0.662730170825837
0.724035157945364
0.779549145006671
0.828964440933364
0.872071284023698
0.908759169341624
0.939016551631222
0.962928939929424
0.980675425927211
0.992523713255831
0.998823738851686
1
0.996542721216577
0.988998013472977
0.977957194112849
0.964045448896066
0.947910027736794
0.930208172713458
0.911594980714378
0.892711403585874
0.874172585865793
0.856556734163038
0.840394703082864
0.826160470448916
0.814262659633983
0.805037249325003
0.798741591297105
0.795549835075744
