-0.0902755215440625
-0.0895715380173318
-0.0881776029811059
-0.0861214073547735
-0.08344356245508
-0.0801965114122245
-0.0764431131248503
-0.0722549282684243
-0.067710243231096
-0.0628918735568822
-0.057884793422198
-0.0527736417655015
-0.0476401588528591
-0.0425606092322173
-0.037603248160714
-0.0328258886549775
-0.0282736253048463
-0.0239767689157713
-0.0199490429321856
-0.0161860884894338
-0.0126643199087931
-0.00934016656863512
-0.00614973044981204
-0.00300888137361932
0.000186195853239646
0.00355799636987286
0.00724623470471264
0.0114059397317212
0.0162051246682549
0.0218220599884038
0.0284421851405856
0.0362547025010662
0.045448903930235
0.0562102864990774
0.0687165193033454
0.0831333276794812
0.0996103644910711
0.118277140395537
0.139239086073445
0.162573819271493
0.188327688158469
0.216512659924611
0.247103619792149
0.280036140691258
0.315204777853344
0.352461935563026
0.391617345388843
0.432438186494244
0.474649869242058
0.517937493387306
0.56194798185448
0.60629288057386
0.650551804269878
0.694276497618601
0.736995470986905
0.778219160196323
0.817445550578209
0.854166197154772
0.887872565233511
0.918062609169402
0.944247501644171
0.965958421633192
0.982753306358187
0.994223471018932
1
0.999759814578673
0.993231324915232
0.980199578262879
0.960510820846074
0.934076397656509
0.900875922418726
0.860959659076934
0.814450066227879
0.761542466833027
0.70250481713449
0.637676560809227
0.567466566852383
0.49235016230378
0.412865283538658
0.329607782250605
0.24322593427884
0.154414210895963
0.0639063829049857
-0.0275319622645932
-0.119111401471627
-0.210027058173292
-0.299467283180752
-0.386622525968588
-0.470694285173616
-0.55090402497439
-0.62650194366185
-0.696775481907342
-0.761057460996273
-0.818733745590982
-0.869250331359391
-0.91211976497924
-0.946926812503329
-0.97333330173203
-0.991082074950536
-1
