0.386242048152854
0.377095897679221
0.358948703118962
0.332088325232633
0.296940713037257
0.254062998799104
0.204134465450902
0.14794553206899
0.0863849350378612
0.0204253116802364
-0.0488925810264901
-0.120476757906186
-0.19320173442797
-0.265926806478386
-0.337514585514532
-0.406849489199436
-0.472855888077653
-0.534515614109536
-0.59088454686618
-0.641108007737466
-0.684434711394043
-0.720229046672307
-0.747981485656792
-0.767316949595417
-0.778000992926032
-0.779943701599575
-0.773201238501033
-0.75797500651205
-0.734608438027629
-0.703581457924227
-0.665502704468785
-0.621099628859314
-0.571206628419033
-0.516751400378322
-0.458739732160294
-0.398238969671041
-0.336360426872443
-0.274241017531658
-0.213024403210577
-0.153841960064262
-0.0977938707172091
-0.0459306463136276
0.000764622196540943
0.0413929952826728
0.0751551257355307
0.101365156205272
0.119462844194852
0.129023712885209
0.129767056991895
0.121561666460039
0.104429166668637
0.0785449113727488
0.0442364032721865
0.00197925624852835
-0.0476092476591675
-0.103778915182388
-0.165657584357602
-0.23226408936282
-0.302523051833791
-0.375281273325199
-0.449325477546932
-0.523401128863621
-0.596232035653033
-0.666540433765048
-0.733067236726205
-0.794592135639058
-0.849953232997772
-0.898065900870571
-0.93794056499665
-0.968699132144671
-0.989589798342153
-1
-0.999467298148554
-0.98768801753559
-0.964523496724338
-0.930003842037409
-0.884329116649906
-0.827867935743325
-0.76115347877398
-0.684876969959183
-0.599878717415839
-0.507136839384675
-0.407753842044158
-0.302941246996595
-0.194002497067976
-0.0823143961233832
0.0306926382645185
0.14355521160975
0.254798166825919
0.362956054667023
0.466594534423112
0.564331379554078
0.654856768534766
0.736952551725023
0.809510200408692
0.871547164030422
0.922221385792081
0.960843754778542
0.986888304232259
1
