1
0.987902800112812
0.963891851514872
0.928331196748932
0.881759794921639
0.824883120840267
0.758562169736241
0.683800039870806
0.601726303258743
0.513579409383438
0.420687397566881
0.324447220117777
0.226303000094616
0.127723564147563
0.0301796021827834
-0.0648791886511122
-0.156046618012152
-0.241981822279159
-0.321430049160053
-0.393242082176467
-0.456392001655521
-0.509993005065376
-0.553311040081214
-0.585776038181179
-0.606990574305521
-0.616735818572716
-0.614974688596639
-0.601852154919411
-0.577692696773379
-0.542994950109787
-0.498423633877547
-0.444798883210756
-0.383083158817299
-0.314365939814726
-0.23984644193736
-0.160814633896014
-0.0786308512246562
0.00529567121928021
0.089529010164169
0.172629158860395
0.253174670717117
0.329784985962891
0.401142090899649
0.466011170077301
0.523259927813654
0.57187627666564
0.610984116387122
0.639856957175208
0.657929175132298
0.664804725315569
0.660263177917827
0.644262985389104
0.61694193200027
0.578614761778518
0.529768025209588
0.471052228901636
0.40327141485058
0.327370336367934
0.244419435492889
0.155597861216487
0.0621747985543435
-0.0345105950672223
-0.133070327913588
-0.232089451637417
-0.330148332272024
-0.425844962301681
-0.517816961228297
-0.60476291726315
-0.685462733465617
-0.758796657657119
-0.823762696502463
-0.879492139937607
-0.92526295222335
-0.960510819840989
-0.984837683681069
-0.998017622920078
-1
-0.990909819557234
-0.971045298303208
-0.94087268704095
-0.901018429511281
-0.852258784911384
-0.795507081051286
-0.731798802576296
-0.662274752893921
-0.588162558862198
-0.510756813442368
-0.431398172980084
-0.351451742217397
-0.272285091293719
-0.195246254692521
-0.121642062242605
-0.0527171468870448
0.0103660369241358
0.0665458665073044
0.114878579352302
0.154553406005447
0.184905566931307
0.205426926825041
0.215774137086437
