1
0.987765903270572
0.963455670123445
0.9273829462135
0.880012546883678
0.821953768859787
0.753951630038755
0.676876169270589
0.591709967161539
0.499534075576151
0.40151256728017
0.298875937680404
0.192903607568282
0.0849057889026201
-0.0237950152245476
-0.131882600343726
-0.238065463267011
-0.341094744343899
-0.43978144369424
-0.533012657536478
-0.619766596331089
-0.699126165678002
-0.770290913440315
-0.832587172061001
-0.885476253095404
-0.928560581161534
-0.961587686341706
-0.984452007056985
-0.997194489067033
-1
-0.993192612166634
-0.97722883884352
-0.952688940221226
-0.920266444326044
-0.880756054991267
-0.835040142965381
-0.784074037133528
-0.728870350278267
-0.670482587553073
-0.609988295683017
-0.54847201669865
-0.487008311672067
-0.426645117444045
-0.36838769275828
-0.313183399667764
-0.261907551725583
-0.215350542553753
-0.174206447190438
-0.139063264489841
-0.110394942177795
-0.0885552973758195
-0.0737739149562733
-0.0661540744650005
-0.065672724047054
-0.0721824873465916
-0.0854156572362775
-0.104990098970236
-0.130416955438966
-0.161110019103503
-0.196396609338674
-0.235529770724125
-0.27770158764668
-0.322057393729755
-0.367710641342928
-0.413758186968
-0.459295742647138
-0.503433242191708
-0.545309873301137
-0.584108533179859
-0.619069475534445
-0.649502930808585
-0.674800498938964
-0.694445134503759
-0.708019567551546
-0.715213029261165
-0.715826179473931
-0.709774162607914
-0.697087749035167
-0.677912550185153
-0.652506326930522
-0.621234441713284
-0.584563534885753
-0.54305353439144
-0.497348134739252
-0.448163905802076
-0.396278213907247
-0.342516156632886
-0.287736728380639
-0.232818445914688
-0.178644671448611
-0.126088875395379
-0.0760000815027122
-0.0291887337706332
0.0135867826523741
0.0516327453543368
0.0843316166179335
0.111152294615701
0.13165892592746
0.14551813509695
0.15250455290489
