1
0.987355739513255
0.96223175484437
0.924954832902717
0.876009473042594
0.816031162424053
0.74579756262559
0.666217735523919
0.578319564819892
0.48323555560891
0.382187217680565
0.276468258439102
0.167426828164068
0.0564470735314551
-0.0550697353028075
-0.165724233327055
-0.274137872875108
-0.378971449912951
-0.478942981549346
-0.572844682420247
-0.659558801821134
-0.738072101174021
-0.807488772339591
-0.867041621094235
-0.916101366418051
-0.954183934677007
-0.980955657893301
-0.996236316620916
-1
-0.992373787865372
-0.973634291840874
-0.944202123677101
-0.904634389213057
-0.855615334810209
-0.79794529949518
-0.732528149963225
-0.66035739668658
-0.582501207332482
-0.50008654826715
-0.414282695899843
-0.326284366856851
-0.23729471937913
-0.148508477878899
-0.061095428299462
0.0238154761123239
0.105151170643861
0.181908483616028
0.253166894765702
0.318099873745822
0.375984648487317
0.426210278794196
0.468283937874523
0.501835333109517
0.526619226775892
0.542516047198286
0.54953061045117
0.547789001789375
0.537533694011348
0.519117006515893
0.492993033493467
0.459708192120806
0.419890561463826
0.374238199742579
0.323506641424565
0.268495786091439
0.210036398025236
0.148976438896069
0.0861674557734309
0.0224512429548143
-0.0413530111076714
-0.104460891060462
-0.166134049070787
-0.225690456030385
-0.282513458399992
-0.336059511096667
-0.385864480300859
-0.431548435073683
-0.472818872811274
-0.509472350389196
-0.541394519924234
-0.568558594959011
-0.591022299117718
-0.608923374461654
-0.622473750482931
-0.631952496530773
-0.637697700116006
-0.640097430671357
-0.639579962686117
-0.636603443457764
-0.631645198834831
-0.625190875141656
-0.617723616908379
-0.609713478066039
-0.601607258950054
-0.593818952883646
-0.586720974437442
-0.580636326884535
-0.575831849141325
-0.572512662896292
-0.570817919012832
