0.607624009083987
0.61212438020168
0.621030803741339
0.634156152492427
0.651223487493336
0.671870494550597
0.695655291188928
0.722063513293747
0.750516570712199
0.780380942813764
0.810978368762287
0.841596773271624
0.871501757124936
0.899948472912272
0.926193700419673
0.949507932979047
0.969187285909541
0.984565040949892
0.995022646253104
1
0.999004856853047
0.991621210140772
0.977516518621217
0.956447664669803
0.92826555049028
0.892918260147482
0.850452737535094
0.801014953471207
0.744848558597587
0.682292042278244
0.61377444088087
0.53980966131916
0.460989507183301
0.377975514855737
0.29148972538666
0.202304534302792
0.111231775688947
0.0191112085951468
-0.0732014170982247
-0.1648465319181
-0.254972968262376
-0.342750044694542
-0.427379328080765
-0.508105893870848
-0.584228912911781
-0.655111403937
-0.720189004124371
-0.778977625650187
-0.831079883738787
-0.876190201039284
-0.914098513946782
-0.944692528397
-0.967958495354981
-0.983980499332903
-0.992938276445407
-0.995103601378809
-0.990835304854314
-0.980573004356455
-0.964829650744892
-0.944183011559853
-0.919266228085448
-0.890757597297493
-0.859369741475614
-0.825838337323217
-0.790910582774808
-0.755333583182497
-0.719842839211596
-0.685151016533581
-0.651937172323502
-0.620836605733215
-0.592431489049862
-0.567242423330897
-0.545721047140843
-0.528243809844963
-0.51510700201625
-0.506523115187037
-0.502618581749689
-0.503432923624066
-0.508919315716155
-0.518946547552001
-0.533302344143764
-0.551697985485012
-0.57377414342391
-0.599107835353091
-0.627220376489563
-0.657586196776261
-0.689642374867586
-0.722798730478272
-0.756448307753929
-0.789978076397742
-0.822779674152788
-0.854260013940962
-0.883851581499836
-0.911022254695122
-0.935284483731503
-0.956203682107962
-0.973405691194066
-0.986583196531292
-0.995500991143744
-1
