-0.237612409601209
-0.244332963598871
-0.257661526644439
-0.277374662685716
-0.303141327899908
-0.334527735150904
-0.371003727943921
-0.411950570057506
-0.456670036251235
-0.504394670387748
-0.554299060255214
-0.60551196358569
-0.657129107455897
-0.708226473612012
-0.757873875420377
-0.805148628210214
-0.849149113796887
-0.889008041964066
-0.923905216604635
-0.953079621992789
-0.975840655159935
-0.991578343409809
-0.999772401430126
-1
-0.991942137683597
-0.975388527842707
-0.950240935472977
-0.91651492143142
-0.874339975224831
-0.82395804131097
-0.765720467466416
-0.700083426840097
-0.627601887492548
-0.548922224185377
-0.464773586620518
-0.375958155946541
-0.28334043689033
-0.187835746110583
-0.0903980681147465
0.00799254181770737
0.106342822915068
0.203659255078199
0.298960898928282
0.391291945873688
0.479733800228426
0.563416523962035
0.641529485712151
0.713331069060825
0.77815731054378
0.835429355176088
0.884659636159159
0.925456705580042
0.957528664004566
0.980685158567353
0.994837941132983
1
0.996283300102458
0.983895187400025
0.963133532818589
0.934380709408734
0.898096513052136
0.854810151816498
0.805111441719467
0.749641357027542
0.68908209114064
0.624146789489932
0.555569118639965
0.484092835911779
0.410461521350295
0.335408628806058
0.259648005389368
0.183865018722808
0.108708419441937
0.0347830524825938
-0.0373564849141131
-0.107211157586314
-0.174341716514764
-0.238371788876881
-0.29898980994968
-0.355949792467583
-0.40907094866538
-0.458236199416299
-0.503389623297776
-0.544532915784275
-0.58172094479706
-0.615056503277898
-0.644684372066844
-0.670784816954105
-0.693566652176653
-0.713260008712689
-0.73010894940043
-0.744364074121213
-0.756275257030425
-0.766084654123726
-0.774020113361229
-0.780289111248226
-0.785073329334511
-0.788523971726697
-0.790757910622041
-0.791854731309542
