-0.359410121577613
-0.35561003699037
-0.348052500502711
-0.336822096863313
-0.322044013098562
-0.303882042310904
-0.282535974700425
-0.258238419791972
-0.231251113462502
-0.201860772086718
-0.170374563808151
-0.137115273469029
-0.102416242986023
-0.0666161728514663
-0.0300538729040786
0.00693694849356397
0.0440327682311454
0.0809251185237956
0.117325160065289
0.152967879886679
0.187615841714994
0.221062424024324
0.253134489479374
0.283694438952413
0.312641613595219
0.339913019401302
0.365483360121997
0.389364376116744
0.411603498531141
0.432281839912348
0.451511553797051
0.469432606753551
0.48620901664474
0.502024620330886
0.517078442491374
0.531579744569247
0.545742838905782
0.559781757828695
0.573904870702492
0.588309543682002
0.603176937093028
0.61866703398532
0.634913990475343
0.652021894057598
0.670061010175712
0.689064590094029
0.709026304605088
0.729898358476857
0.751590329933327
0.773968768036719
0.796857568776821
0.820039138161346
0.84325633783764
0.866215195962202
0.888588353374061
0.910019202823377
0.930126667255359
0.948510552141804
0.964757396767528
0.978446740382364
0.989157711370663
0.996475841200099
1
0.999349347273729
0.994170189533076
0.984142636593314
0.968986949897818
0.948469479537057
0.922408091548535
0.890676993566478
0.853210874842929
0.81000828597223
0.761134194183986
0.706721661671334
0.646972606920159
0.582157622214914
0.512614834220014
0.438747808565904
0.361022513493794
0.279963371618256
0.196148442539026
0.110203792163463
0.022797116987469
-0.0653692969653823
-0.153566190506611
-0.241045423839958
-0.327048438552183
-0.410814976158911
-0.491591935841905
-0.568642251235281
-0.641253665092796
-0.708747281417293
-0.770485777150718
-0.825881159775851
-0.874401963109898
-0.915579781090535
-0.949015048357946
-0.974381986790274
-0.991432648702539
-1
