1
0.994482124241634
0.983490434818745
0.967112538910695
0.945478561905772
0.918759624830879
0.887165847086895
0.850943902003569
0.810374158835852
0.765767450435209
0.717461510862572
0.665817131590493
0.611214088607354
0.554046895633415
0.494720440746042
0.433645564961017
0.371234641712337
0.307897215711323
0.244035758357111
0.180041594737375
0.116291054335525
0.0531418938956525
-0.00906996345284472
-0.0700333336743372
-0.12946428827717
-0.187108254059759
-0.242741674796152
-0.296173220087829
-0.347244533355454
-0.395830517752105
-0.441839165545018
-0.485210943133805
-0.525917750249928
-0.563961477919687
-0.599372195381279
-0.632206001243054
-0.662542578680512
-0.690482498328803
-0.716144315680981
-0.739661512206454
-0.761179331027456
-0.78085155881449
-0.798837305577695
-0.815297833245779
-0.830393482355583
-0.844280743853851
-0.857109519980173
-0.869020614509122
-0.880143488343048
-0.890594311636574
-0.900474338379174
-0.909868623749414
-0.918845098674788
-0.927454009979674
-0.935727728377945
-0.943680920464062
-0.951311074874171
-0.95859936702126
-0.9655118413466
-0.972000884958844
-0.978006961930966
-0.983460573464584
-0.988284405672913
-0.992395623929682
-0.995708270622969
-0.998135721769997
-0.999593157309661
-1
-0.999282278702095
-0.997374873412055
-0.994223601679398
-0.989787108982677
-0.984038529170594
-0.976966885158633
-0.968578204628223
-0.958896330431149
-0.947963410673608
-0.9358400589544
-0.92260518086936
-0.90835546857632
-0.893204570848333
-0.877281951535366
-0.860731454616411
-0.84370959896936
-0.826383630534549
-0.80892936362609
-0.791528846686965
-0.774367890732489
-0.757633501034885
-0.741511254232783
-0.726182663977802
-0.711822578442092
-0.6985966525033
-0.686658936206492
-0.676149619196904
-0.66719296825538
-0.659895491892712
-0.65434436222287
-0.650606120100143
-0.648725684841654
