-0.252901491455384
-0.26022872139487
-0.274747327413571
-0.296187766927634
-0.324151105068212
-0.35811537528129
-0.397443904691814
-0.441395474132576
-0.48913615406935
-0.53975263146624
-0.592266819338229
-0.645651520695258
-0.698846902106441
-0.750777519461162
-0.800369629872687
-0.846568519193449
-0.888355574358143
-0.924764833744015
-0.954898756873558
-0.977942966954831
-0.993179735766819
-1
-0.997913721047437
-0.986558426050133
-0.965705796327133
-0.935266199721875
-0.895291095395087
-0.84597327269007
-0.787644919370264
-0.720773548254819
-0.645955844528136
-0.563909528254331
-0.475463357383804
-0.381545425316648
-0.283169933438059
-0.181422642554148
-0.0774452274671867
0.0275812242773461
0.132453315423112
0.23596278072608
0.33691399935446
0.434141309212809
0.526525857893074
0.613011732545967
0.692621122567964
0.764468284426164
0.827772096948531
0.88186701768843
0.926212276176212
0.960399167597823
0.984156340252561
0.997353001568596
1
0.992248773280292
0.974388186743181
0.946839318219048
0.910148277860708
0.864977181645038
0.812093425762138
0.752357435195967
0.686709083112842
0.616152997844056
0.541742990963439
0.46456585296213
0.385724772112077
0.306322637149935
0.22744548533119
0.150146354192679
0.0754297880779535
0.00423723924579433
-0.0625664116181264
-0.124205009189338
-0.180001767042041
-0.22938824100624
-0.27191149951487
-0.307239387256968
-0.335163809178847
-0.35560199369129
-0.368595726340028
-0.374308577663831
-0.373021180982999
-0.365124646922697
-0.351112231087234
-0.331569398993973
-0.307162457710311
-0.278625946213618
-0.246748995955503
-0.212360889151683
-0.176316054684868
-0.139478750006996
-0.102707681926982
-0.0668408196027016
-0.0326806494178412
-0.000980113776908209
0.0275705356797711
0.0523557551677831
0.0728453995637628
0.0886039121613
0.0992978632456896
0.104701714391167
