-0.0495447725709782
-0.053516099264354
-0.0614311554452791
-0.0732347867877183
-0.0888443650909658
-0.108149920751688
-0.131014333358835
-0.157273591897816
-0.18673713832797
-0.219188310196162
-0.254384899410061
-0.292059845267062
-0.331922080277868
-0.373657547207293
-0.416930405059805
-0.461384440456284
-0.50664469898612
-0.552319348691748
-0.59800178487957
-0.643272981992199
-0.687704094372974
-0.730859303466187
-0.772298904395886
-0.811582620031065
-0.848273125660992
-0.881939762362101
-0.912162412131953
-0.938535502993039
-0.960672107627113
-0.978208094785319
-0.990806288824041
-0.998160589329693
-1
-0.996092513819334
-0.986248800166662
-0.970325638881439
-0.948229046528391
-0.919917041176936
-0.885401993961883
-0.844752518521849
-0.798094853109048
-0.745613694702585
-0.687552449796828
-0.624212872622296
-0.555954068320935
-0.483190845960218
-0.406391414139099
-0.326074420211072
-0.242805342714245
-0.157192255336588
-0.0698809895323196
0.0184502683853942
0.107096901349529
0.195334254353543
0.282424435789712
0.367623460018655
0.450188657476416
0.529386273040675
0.604499168708468
0.674834542972427
0.73973157669607
0.798568913841967
0.850771885145077
0.895819383776183
0.933250304219155
0.962669458985277
0.983752892384907
0.996252516330748
1
0.994909853060399
0.980981650977462
0.958301360562495
0.927041734275306
0.887461752732496
0.839905106252262
0.784797717942481
0.722644322656842
0.654024127946997
0.579585594767932
0.500040386991277
0.41615654959133
0.328750985541621
0.238681310852779
0.146837175662294
0.054131146731591
-0.0385107469929624
-0.130158699034496
-0.219888929785687
-0.306793497809854
-0.389990004239939
-0.468631076951967
-0.541913523110487
-0.609087042028639
-0.669462395018471
-0.722418934972349
-0.767411405739803
-0.80397592985468
-0.831735112717385
-0.850402201823946
-0.859784250922592
