-1
-0.990778337459155
-0.972425276191216
-0.945120330856593
-0.90913025382555
-0.864806047290824
-0.812579038321905
-0.752956066309624
-0.686513843328869
-0.613892558198527
-0.535788804302254
-0.452947919426754
-0.366155832866738
-0.276230520745984
-0.184013174838683
-0.0903591930910447
0.00387089849333022
0.0978204829420637
0.190645740171989
0.281524280297054
0.369663421330126
0.454308015796024
0.534747737569667
0.610323748169308
0.680434670651693
0.744541809041033
0.802173561733365
0.852928988398733
0.896480501395859
0.93257566445252
0.961038093183202
0.981767463746918
0.994738647428739
1
0.997670845223141
0.987938201676275
0.971052811050025
0.94732453409875
0.917117187408547
0.88084289999104
0.838956073357485
0.791947032123691
0.740335454313056
0.684663671351967
0.625489927298164
0.563381685135667
0.498909065055943
0.432638495587214
0.365126653312049
0.296914760822018
0.228523305605032
0.160447234865311
0.0931516729663142
0.0270681993997466
-0.0374082839398311
-0.0999220767108271
-0.160158585209311
-0.217845607746844
-0.272754008515096
-0.32469779679013
-0.373533636492256
-0.419159818668212
-0.461514736296513
-0.500574906842587
-0.536352593130643
-0.568893077292323
-0.598271645752434
-0.624590345390564
-0.647974572162247
-0.668569553579637
-0.686536785561007
-0.702050482298718
-0.715294095019672
-0.726456951888069
-0.735731066907879
-0.743308160613636
-0.749376929694634
-0.754120596589196
-0.757714763628054
-0.760325589619278
-0.762108299973466
-0.763206034689248
-0.763749031875613
-0.763854138094984
-0.763624630779472
-0.763150332404324
-0.762507991090186
-0.761761897930875
-0.760964707675599
-0.760158426489904
-0.759375528419879
-0.758640160916388
-0.757969399351963
-0.757374510878911
-0.756862189214415
-0.756435723963396
-0.756096070854958
-0.755842792712591
-0.755674845028924
-0.755591184589012
