1
0.995621741116742
0.986950918649334
0.974157346088949
0.957491827855211
0.937281535333427
0.91392396529706
0.887879584124748
0.859663283842778
0.829834796568634
0.798988232058886
0.767740918474288
0.736721738909329
0.706559165483672
0.67786919870146
0.651243422247931
0.62723738236379
0.606359496425286
0.589060687427814
0.575724929844333
0.566660877981978
0.562094730716976
0.562164466622737
0.566915561335208
0.576298274877925
0.590166570983482
0.608278703611754
0.630299478310993
0.655804168241567
0.684284037034996
0.715153393642736
0.747758078380848
0.781385254923273
0.815274360440236
0.848629045792412
0.880629920013689
0.91044789854276
0.937257943047807
0.960252972430961
0.978657719848686
0.99174230943389
0.998835328891118
0.99933618023584
0.992726500582542
0.978580457917807
0.956573743032749
0.926491097991287
0.888232243385984
0.841816090847337
0.787383153452648
0.725196094421833
0.655638383358193
0.579211058841259
0.49652762594308
0.40830714675003
0.315365610763327
0.218605699666093
0.11900508694329
0.0176034368071671
-0.0845117115707473
-0.186219969738337
-0.286383815061593
-0.383864762378101
-0.477539750507485
-0.566317496784068
-0.649154571432298
-0.725070946090513
-0.793164777081496
-0.852626194047226
-0.902749878170678
-0.942946231203178
-0.972750956652198
-0.991832897462597
-1
-0.997203301734367
-0.983538869307176
-0.95924764420175
-0.924713184557379
-0.880457323294937
-0.827133794169552
-0.765519908151159
-0.696506392182019
-0.621085530413738
-0.540337774050636
-0.455417009517666
-0.367534695462357
-0.277943096766719
-0.187917858009543
-0.0987401694569014
-0.0116787854989753
0.072027841616827
0.151189050935042
0.22467882798178
0.291451778013871
0.35055798195919
0.401156515856749
0.442527434104258
0.474082039348652
0.495371287071499
0.506092200444637
