0.704221614298235
0.705816242978914
0.708924948046055
0.713388256109336
0.718971006662843
0.725367132486618
0.732205903094532
0.739059522220245
0.745451946504146
0.750868770915943
0.754768007380034
0.756591566882939
0.755777242305792
0.75177097956154
0.744039218492258
0.732081082505994
0.715440197154505
0.69371592276275
0.6665737947477
0.633754977278542
0.59508455124629
0.550478475887877
0.499949084557189
0.443608998716982
0.381673369864386
0.314460386387811
0.242390010845517
0.165980942396362
0.0858458286280244
0.00268478033827768
-0.0827227285465575
-0.169527466252983
-0.25682141810015
-0.343649971705625
-0.4290251316362
-0.511939564035284
-0.591381256206364
-0.666348563941683
-0.735865410770019
-0.798996398414189
-0.854861586695465
-0.902650703935591
-0.941636555562972
-0.97118740904211
-0.99077814726839
-1
-0.998568683476064
-0.986330801785163
-0.963268389445097
-0.929501502636228
-0.885288796165635
-0.831026054068325
-0.767242673295141
-0.694596131701646
-0.613864503039912
-0.525937112369724
-0.431803454761758
-0.332540527894969
-0.229298754711529
-0.123286695275259
-0.0157547670125544
0.0920217907276473
0.198760458652472
0.303189227467032
0.40406437170785
0.500187941938098
0.590424712395352
0.6737183278577
0.749106404136655
0.815734351066804
0.872867704933321
0.919902778694034
0.95637546279442
0.981968036475372
0.996513878826761
1
0.992567345486644
0.974508859702032
0.946265328773511
0.908419055905999
0.861685455469273
0.806902683517039
0.745019452320422
0.677081204216347
0.604214845204685
0.527612260886674
0.448512856175639
0.368185375434503
0.287909271063753
0.208955895897376
0.132569797944372
0.059950394984561
-0.00776569870085941
-0.0695214305369085
-0.1243549032144
-0.171413571144652
-0.209966828012906
-0.239416797513588
-0.25930716608784
-0.269329925673164
