0.273502636808527
0.274524500608597
0.276529807850596
0.279442353077184
0.283149406686615
0.28750358260108
0.292325284532712
0.297405694020714
0.302510255256263
0.307382604231305
0.311748883055215
0.315322374479674
0.317808386843535
0.318909315867676
0.318329807050589
0.315781940877791
0.310990362683709
0.303697279797461
0.293667250550293
0.280691692791154
0.264593043699899
0.245228507840561
0.222493336480625
0.196323588122732
0.166698327846883
0.133641231327247
0.0972215681422237
0.0575545481067679
0.014801023683999
-0.0308334490617796
-0.0791001791681003
-0.129709518195097
-0.1823336166313
-0.236609721229502
-0.292143967490943
-0.348515614498466
-0.405281663093334
-0.461981793085857
-0.518143550862382
-0.573287715461003
-0.626933768979685
-0.678605396081075
-0.72783593737835
-0.774173722619438
-0.817187211808967
-0.85646987567811
-0.891644751175787
-0.922368612839359
-0.948335706924025
-0.969281001930211
-0.984982916559253
-0.995265494032183
-1
-0.999105929826631
-0.992551419704853
-0.980353064736602
-0.962575155639277
-0.939328353998664
-0.910767833852071
-0.877090924734111
-0.838534298043218
-0.795370744590753
-0.747905596389897
-0.69647285005503
-0.641431052555178
-0.583159012453631
-0.522051401142279
-0.458514308932044
-0.392960820194762
-0.325806670088026
-0.25746604276948
-0.188347567472749
-0.118850564439529
-0.0493615875604757
0.0197486952378878
0.0881282492108773
0.155446019819397
0.221393858958659
0.285688017213791
0.348070196488837
0.408308164857048
0.466195942834793
0.521553577368676
0.574226526529916
0.624084684123665
0.67102107904381
0.714950289146776
0.755806613603198
0.793542051049332
0.828124133350211
0.859533666367568
0.887762429776997
0.912810887695466
0.934685960672735
0.953398907494373
0.96896336228083
0.98139356860159
0.990702847824198
0.996902333765693
1
