-0.232651030631215
-0.236476466662989
-0.244027821202018
-0.255107869289563
-0.269425268524132
-0.28659986906448
-0.30616965502358
-0.327599201336937
-0.350289504769885
-0.373589024599489
-0.3968057480432
-0.419220078041681
-0.440098326822338
-0.458706588005876
-0.474324753046906
-0.486260434638519
-0.493862560416089
-0.496534404861485
-0.493745835667727
-0.485044562847279
-0.470066194367112
-0.448542920827037
-0.420310673368903
-0.385314623270238
-0.343612918151603
-0.295378577991496
-0.240899503745779
-0.180576581838045
-0.114919898636097
-0.0445431097640088
0.0298439607738581
0.107444387644913
0.187384745927856
0.268727090576728
0.350482133587135
0.431623418572481
0.511102275308897
0.587863323061377
0.660860281388715
0.729071840812755
0.79151734333936
0.847272024383738
0.895481573167997
0.935375778047895
0.966281036351119
0.987631524973914
0.998978847933082
1
0.99050351109882
0.970433663936104
0.939872706911855
0.899041015280792
0.848295185304286
0.788124078259854
0.719142863151876
0.642085138291138
0.557793242088002
0.46720689195757
0.37135031671292
0.271318071803778
0.168259747860877
0.06336380089296
-0.0421592531336326
-0.147094025957054
-0.250237566814347
-0.350416531551409
-0.446503949601826
-0.537435332822721
-0.622223879598987
-0.699974540900128
-0.769896731897002
-0.83131549306217
-0.883680928077384
-0.92657577199569
-0.959720971552124
-0.982979189846871
-0.996356179369414
-1
-0.994198091709062
-0.979372244662482
-0.956071541817777
-0.92496338035976
-0.886822707986714
-0.842519637657173
-0.793005629511955
-0.739298450903803
-0.682466144449899
-0.623610249472894
-0.563848533871036
-0.504297501172829
-0.446054941163876
-0.390182791963386
-0.33769057678054
-0.289519669865731
-0.246528633521425
-0.209479851646027
-0.17902766540398
-0.155708193552909
-0.139930994070475
-0.131972695409624
