-0.544781796510328
-0.542058543877808
-0.536685313549982
-0.528807178174477
-0.518638079879767
-0.506456503051194
-0.492599825033017
-0.47745744529846
-0.4614628155634
-0.445084513195457
-0.428816517752562
-0.413167865276563
-0.398651866814841
-0.38577508634134
-0.375026278644174
-0.366865489740798
-0.361713520929859
-0.359941952704195
-0.361863916501445
-0.367725790782148
-0.377699983378377
-0.391878944677916
-0.410270536275929
-0.43279485755687
-0.459282608620661
-0.489475042427469
-0.523025532419096
-0.559502754615564
-0.598395455728599
-0.639118751630067
-0.68102187401147
-0.723397257709268
-0.76549083737243
-0.806513400312101
-0.845652822867523
-0.882087000780253
-0.914997270181812
-0.94358210511316
-0.967070870202809
-0.984737403374714
-0.995913203322496
-1
-0.996481493508589
-0.984934057419544
-0.965036216609339
-0.93657672690533
-0.899461103986826
-0.853716471760775
-0.799494625488303
-0.737073231895812
-0.666855116947918
-0.589365621448966
-0.505248034716227
-0.415257146760463
-0.320250989243263
-0.221180864483685
-0.119079789498016
-0.015049508032695
0.0897537526266303
0.194134582003922
0.296874527479087
0.396748844370963
0.492543611646425
0.58307296175033
0.667196168759519
0.743834338665541
0.811986449114591
0.870744493348343
0.919307494303808
0.956994169693323
0.9832540471887
0.997676850314333
1
0.990114103597171
0.968066332124808
0.934061617149594
0.888461630561834
0.831781543101814
0.764684590329262
0.68797450731221
0.602585925144878
0.509572853000905
0.410095398319467
0.305404904463549
0.196827709369316
0.0857477499487878
-0.0264117450156768
-0.138207216318784
-0.248194122303811
-0.35494639883641
-0.457075754113225
-0.553250522600129
-0.642213807952161
-0.722800654344141
-0.793953999101083
-0.854739176664825
-0.904356764516034
-0.942153585384055
-0.967631706568681
-0.980455306072934
